0.05799529370221712 6.318293825712766
0.5450893391977721 3.776441339106708
0.5450893391977721 3.769942397787782
0.05799529370221712 6.318293825712766
0.5450893391977721 3.7649089983829427
0.5450893391977721 3.7649089983829427
0.05799529370221712 6.274035937026309
0.5450893391977721 3.755056563655181
0.5450893391977721 3.7371994050176043
0.05799529370221712 6.244988814813749
0.5450893391977721 3.7323703408844797
0.5450893391977721 3.7323703408844797
0.05799529370221712 6.171824312578943
0.5450893391977721 3.726549299468705
0.5450893391977721 3.726549299468705
0.05799529370221712 6.171824312578943
0.05799529370221712 6.171824312578943
0.05799529370221712 6.171824312578943
0.05799529370221712 6.171824312578943
0.05799529370221712 6.171824312578943
0.05799529370221712 6.171824312578943
0.05799529370221712 6.163412522536457
0.05799529370221712 6.163412522536457
0.05799529370221712 6.163412522536457
0.05799529370221712 6.163412522536457
0.05799529370221712 6.163412522536457
0.07965592746466049 5.355245263535339
0.07965592746466049 5.3389324997479335
0.10082345482166741 5.042723707080932
0.10082345482166741 5.042723707080932
0.10082345482166741 5.042723707080932
0.10082345482166741 5.018098577961775
0.10082345482166741 5.018098577961775
0.10082345482166741 4.960542730335537
0.10082345482166741 4.960542730335537
0.59399236941797 3.245648610214289
0.59399236941797 3.245648610214289
0.59399236941797 3.245648610214289
0.59399236941797 3.245648610214289
0.59399236941797 3.2354030437581343
0.59399236941797 3.2354030437581343
0.59399236941797 3.2354030437581343
0.59399236941797 3.2354030437581343
0.59399236941797 3.2354030437581343
0.59399236941797 3.2354030437581343
0.59399236941797 3.2354030437581343
0.59399236941797 3.245648610214289
0.59399236941797 3.2261526874601896
0.59399236941797 3.2354030437581343
0.59399236941797 3.245648610214289
0.59399236941797 3.245648610214289
0.59399236941797 3.2354030437581343
0.59399236941797 3.2354030437581343
0.59399236941797 3.245648610214289
0.59399236941797 3.245648610214289
0.59399236941797 3.2261526874601896
0.59399236941797 3.2354030437581343
0.59399236941797 3.2354030437581343
0.5923194233502651 3.0906419263307106
0.5923194233502651 3.0906419263307106
0.5923194233502651 3.0906419263307106
0.5923194233502651 3.0906419263307106
0.5923194233502651 3.0906419263307106
0.5923194233502651 3.0906419263307106
0.5923194233502651 3.0906419263307106
0.5923194233502651 3.0906419263307106
0.5923194233502651 3.0906419263307106
0.5923194233502651 3.0906419263307106
0.5923194233502651 3.0906419263307106
0.5923194233502651 3.0906419263307106
0.5923194233502651 3.0906419263307106
0.5923194233502651 3.0906419263307106
0.5923194233502651 3.0906419263307106
0.5923194233502651 3.0906419263307106
0.5923194233502651 3.0906419263307106
0.5923194233502651 3.0906419263307106
0.5923194233502651 3.0906419263307106
0.5923194233502651 3.0906419263307106
0.5923194233502651 3.0906419263307106
0.5923194233502651 3.0906419263307106
0.5923194233502651 3.0906419263307106
0.5873005851471507 3.128710906902986
0.5873005851471507 3.128710906902986
0.5873005851471507 3.128710906902986
0.5873005851471507 3.128710906902986
0.5873005851471507 3.128710906902986
0.5873005851471507 3.128710906902986
0.5873005851471507 3.128710906902986
0.5873005851471507 3.128710906902986
0.5873005851471507 3.128710906902986
0.5873005851471507 3.128710906902986
0.5873005851471507 3.128710906902986
0.5873005851471507 3.128710906902986
0.5873005851471507 3.128710906902986
0.5873005851471507 3.128710906902986
0.5873005851471507 3.128710906902986
0.5873005851471507 3.128710906902986
0.5873005851471507 3.128710906902986
0.5873005851471507 3.128710906902986
0.5873005851471507 3.128710906902986
0.5873005851471507 3.128710906902986
0.5873005851471507 3.128710906902986
0.5873005851471507 3.128710906902986
0.5873005851471507 3.128710906902986
0.5372033799297833 2.9186962635647036
0.5372033799297833 2.9939167968130977
0.5372033799297833 3.001614103227326
0.5372033799297833 2.971809812335494
0.5372033799297833 2.971809812335494
0.5372033799297833 2.971809812335494
0.6614044887241404 2.987546526275864
0.6614044887241404 2.987546526275864
0.6614044887241404 2.987546526275864
0.6614044887241404 2.987546526275864
0.6614044887241404 2.987546526275864
0.6614044887241404 2.987546526275864
0.6243525369356455 3.0558049395737625
0.6243525369356455 3.0558049395737625
0.6243525369356455 3.0558049395737625
0.6243525369356455 3.0558049395737625
0.6243525369356455 3.0558049395737625
0.6243525369356455 3.0558049395737625
0.6243525369356455 3.0558049395737625
0.59960270051247 2.810492268225491
0.59960270051247 2.810492268225491
0.59960270051247 2.810492268225491
0.59960270051247 2.810492268225491
0.59960270051247 2.810492268225491
0.59960270051247 2.810492268225491
0.59960270051247 2.810492268225491
0.59960270051247 2.810492268225491
0.59960270051247 2.810492268225491
0.59960270051247 2.810492268225491
0.59960270051247 2.810492268225491
0.59960270051247 2.810492268225491
0.59960270051247 2.810492268225491
0.59960270051247 2.810492268225491
0.59960270051247 2.810492268225491
0.59960270051247 2.810492268225491
0.59960270051247 2.810492268225491
0.59960270051247 2.810492268225491
0.59960270051247 2.810492268225491
0.59960270051247 2.810492268225491
0.59960270051247 2.810492268225491
0.5856050578781888 2.821633887403801
0.5856050578781888 2.821633887403801
0.5856050578781888 2.821633887403801
0.5856050578781888 2.821633887403801
0.5856050578781888 2.821633887403801
0.5856050578781888 2.821633887403801
0.5856050578781888 2.821633887403801
0.5856050578781888 2.821633887403801
0.5856050578781888 2.821633887403801
0.5856050578781888 2.821633887403801
0.5856050578781888 2.821633887403801
0.5856050578781888 2.821633887403801
0.5856050578781888 2.821633887403801
0.5856050578781888 2.821633887403801
0.5856050578781888 2.821633887403801
0.5856050578781888 2.821633887403801
0.5856050578781888 2.821633887403801
0.5856050578781888 2.821633887403801
0.5856050578781888 2.821633887403801
0.5856050578781888 2.821633887403801
0.5856050578781888 2.821633887403801
0.5856050578781888 2.821633887403801
0.5856050578781888 2.821633887403801
0.5856050578781888 2.821633887403801
0.5856050578781888 2.821633887403801
0.5856050578781888 2.821633887403801
0.5856050578781888 2.821633887403801
0.5856050578781888 2.821633887403801
0.5856050578781888 2.821633887403801
0.5856050578781888 2.821633887403801
0.5856050578781888 2.8220981613659295
0.5856050578781888 2.804736661172508
0.5856050578781888 2.82411325495495
0.5856050578781888 2.82411325495495
0.5856050578781888 2.7916526526598493
0.5856050578781888 2.7916526526598493
0.39034518471170504 3.182554785944751
0.39034518471170504 3.182554785944751
0.39034518471170504 3.182554785944751
0.39034518471170504 3.182554785944751
0.3892565772709833 3.322566317877736
0.3892565772709833 3.322566317877736
0.3892565772709833 3.322566317877736
0.3892565772709833 3.322566317877736
0.3892565772709833 3.322566317877736
0.3892565772709833 3.322566317877736
0.30231437088292423 3.220502551004136
0.30231437088292423 3.220502551004136
0.30231437088292423 3.220502551004136
0.30231437088292423 3.220502551004136
0.30231437088292423 3.220502551004136
0.30231437088292423 3.220502551004136
0.30231437088292423 3.220502551004136
0.30231437088292423 3.220502551004136
0.30231437088292423 3.220502551004136
0.30231437088292423 3.220502551004136
0.21537216449486518 3.1354638424270225
0.30231437088292423 3.220502551004136
0.30231437088292423 3.220502551004136
0.30231437088292423 3.220502551004136
0.30231437088292423 3.220502551004136
0.30231437088292423 3.220502551004136
0.30231437088292423 3.220502551004136
0.30231437088292423 3.220502551004136
0.30231437088292423 3.220502551004136
0.30231437088292423 3.220502551004136
0.30231437088292423 3.220502551004136
0.30231437088292423 3.220502551004136
0.30231437088292423 3.220502551004136
0.30231437088292423 3.220502551004136
0.30231437088292423 3.220502551004136
0.30231437088292423 3.220502551004136
0.30231437088292423 3.220502551004136
0.30231437088292423 3.220502551004136
0.30231437088292423 3.220502551004136
0.30231437088292423 3.220502551004136
0.30231437088292423 3.220502551004136
0.30231437088292423 3.220502551004136
0.30231437088292423 3.220502551004136
0.30231437088292423 3.220502551004136
0.2899211679765399 3.24016676655503
0.2899211679765399 3.24016676655503
0.2899211679765399 3.24016676655503
0.2899211679765399 3.24016676655503
0.2899211679765399 3.24016676655503
0.2899211679765399 3.24016676655503
0.2899211679765399 3.24016676655503
0.2899211679765399 3.24016676655503
0.2899211679765399 3.24016676655503
0.2899211679765399 3.24016676655503
0.2899211679765399 3.24016676655503
0.2899211679765399 3.24016676655503
0.2899211679765399 3.24016676655503
0.2899211679765399 3.24016676655503
0.2899211679765399 3.24016676655503
0.2899211679765399 3.24016676655503
0.2899211679765399 3.24016676655503
0.2899211679765399 3.24016676655503
0.2899211679765399 3.24016676655503
0.2899211679765399 3.24016676655503
0.2899211679765399 3.24016676655503
0.2899211679765399 3.24016676655503
0.2899211679765399 3.24016676655503
0.259706304320209 3.276567478614346
0.259706304320209 3.276567478614346
0.259706304320209 3.276567478614346
0.259706304320209 3.276567478614346
0.259706304320209 3.276567478614346
0.259706304320209 3.276567478614346
0.259706304320209 3.276567478614346
0.259706304320209 3.276567478614346
0.259706304320209 3.276567478614346
0.259706304320209 3.276567478614346
0.259706304320209 3.276567478614346
0.259706304320209 3.276567478614346
0.259706304320209 3.276567478614346
0.259706304320209 3.276567478614346
0.259706304320209 3.276567478614346
0.259706304320209 3.276567478614346
0.259706304320209 3.276567478614346
0.259706304320209 3.276567478614346
0.259706304320209 3.276567478614346
0.37628777221232423 2.969950978695607
0.37628777221232423 2.9317905235080177
0.37628777221232423 3.02573886157275
0.37628777221232423 3.0129133511069766
0.4769959884777055 3.134895776404788
0.4769959884777055 3.134895776404788
0.4769959884777055 3.134895776404788
0.4769959884777055 3.134895776404788
0.4769959884777055 3.134895776404788
0.4769959884777055 3.134895776404788
0.4769959884777055 3.134895776404788
0.4769959884777055 3.134895776404788
0.4769959884777055 3.134895776404788
0.4769959884777055 3.134895776404788
0.3065259685976003 3.1353630753764885
0.3065259685976003 3.1353630753764885
0.3065259685976003 3.1353630753764885
0.3065259685976003 3.1353630753764885
0.29482105252825247 3.1704834849151786
0.29482105252825247 3.1704834849151786
0.29482105252825247 3.1704834849151786
0.29482105252825247 3.1704834849151786
0.290431709002247 3.1564212110029475
0.290431709002247 3.1564212110029475
0.290431709002247 3.1564212110029475
0.27616634254272937 3.182350224961215
0.2619009760832117 3.1467308115893777
0.2619009760832117 3.1193727397596054
0.2619009760832117 3.1193727397596054
0.2619009760832117 3.1467308115893777
0.2619009760832117 3.1467308115893777
0.2619009760832117 3.1467308115893777
0.2542196249127022 3.129643216079814
0.2542196249127022 3.129643216079814
0.2542196249127022 3.129643216079814
0.2542196249127022 3.129643216079814
0.2542196249127022 3.129643216079814
0.2503789493274475 3.181968855129206
0.2503789493274475 3.181968855129206
0.2503789493274475 3.181968855129206
0.2503789493274475 3.181968855129206
0.2503789493274475 3.181968855129206
0.2484586115348201 3.2029320635871463
0.2484586115348201 3.2029320635871463
0.24653827374219273 3.2344871014389125
0.24653827374219273 3.2344871014389125
0.24653827374219273 3.2344871014389125
0.40537244358284563 3.2169296094516615
0.40610336545523046 3.207874229360139
0.40537244358284563 3.2169296094516615
0.403910599838076 3.2238677070529
0.403910599838076 3.2238677070529
0.403910599838076 3.2238677070529
0.23070292165881756 3.5876112539010654
0.23070292165881756 3.5876112539010654
0.23070292165881756 3.5777090400168663
0.23070292165881756 3.5777090400168663
0.24784912170050838 3.4502033339579157
0.24784912170050838 3.4502033339579157
0.23070292165881756 3.5777090400168663
0.23070292165881756 3.5777090400168663
0.23070292165881756 3.5777090400168663
0.23070292165881756 3.5777090400168663
0.23070292165881756 3.5777090400168663
0.23070292165881756 3.5777090400168663
0.23070292165881756 3.5777090400168663
0.23070292165881756 3.590899668706491
0.16632966303671837 3.5770712424293953
0.19851629234776796 3.6034295743999736
0.19851629234776796 3.6034295743999736
0.19851629234776796 3.6034295743999736
0.19851629234776796 3.589955305567168
0.19851629234776796 3.577383672192989
0.19851629234776796 3.589955305567168
0.19851629234776796 3.6034295743999736
0.19851629234776796 3.6034295743999736
0.19851629234776796 3.6034295743999736
0.19851629234776796 3.6034295743999736
0.19851629234776796 3.6034295743999736
0.19851629234776796 3.615105373905166
0.19851629234776796 3.615105373905166
0.19851629234776796 3.615105373905166
0.19851629234776796 3.615105373905166
0.19851629234776796 3.615105373905166
0.19851629234776796 3.615105373905166
0.19851629234776796 3.615105373905166
0.19851629234776796 3.615105373905166
0.19851629234776796 3.615105373905166
0.19851629234776796 3.615105373905166
0.2982516273729103 3.5421202677257573
0.29412324202793655 3.5515348836221317
0.29412324202793655 3.5515348836221317
0.19851629234776796 3.6034295743999736
0.19851629234776796 3.632194643518477
0.13144555293169144 3.6805535116329406
0.13144555293169144 3.6805535116329406
0.13144555293169144 3.6805535116329406
0.13144555293169144 3.6805535116329406
0.13144555293169144 3.6805535116329406
0.13144555293169144 3.6805535116329406
0.13144555293169144 3.6805535116329406
0.13753010559518541 3.6213383178749328
0.13753010559518541 3.6213383178749328
0.13753010559518541 3.6213383178749328
0.13753010559518541 3.6213383178749328
0.13144555293169144 3.6805535116329406
0.13144555293169144 3.6805535116329406
0.13144555293169144 3.7165177396355453
0.13144555293169144 3.7165177396355453
0.1192764476047035 3.7933854235211273
0.12231872393645049 3.759900239398063
0.12231872393645049 3.759900239398063
0.1192764476047035 3.7933854235211273
0.1192764476047035 3.7933854235211273
0.11129047223386768 3.848615236578078
0.11129047223386768 3.848615236578078
0.11129047223386768 3.848615236578078
0.10862848044358905 3.9017418471600585
0.10482563502890534 3.9141323931222445
0.10406506594596858 3.9612871819487228
0.09769529987637333 4.013245635773874
0.09769529987637333 4.013245635773874
0.09769529987637333 4.013245635773874
0.08885368428723367 4.1344813214703455
0.08885368428723367 4.1344813214703455
0.08885368428723367 4.160092117202642
0.08429026978961321 4.219322177700535
0.07972685529199272 4.258960719524967
0.07915642847979015 4.277997789861449
0.0675577499650048 4.440633740675662
0.0675577499650048 4.440633740675662
0.0675577499650048 4.440633740675662
0.06147319730151083 4.507708069148892
0.06147319730151083 4.507708069148892
0.03950932636450463 4.801165832279407
0.03409271031578798 4.954180288898542
0.047782953808649414 4.732468451861858
0.014760121082475056 5.18880212801333
0.014760121082475056 5.18880212801333
0.014760121082475056 5.18880212801333
