0.9059407981187613 1.6716666330855292
0.9059407981187613 1.6716666330855292
0.9059407981187613 1.6716666330855292
0.9059407981187613 1.6716666330855292
0.9059407981187613 1.6716666330855292
0.9059407981187613 1.6716666330855292
0.9059407981187613 1.6716666330855292
0.8905841856663522 1.675521742076505
0.8878961812434508 1.63988151859319
0.8717716677417979 1.6477311889130468
0.8717716677417979 1.6477311889130468
0.8717716677417979 1.6477311889130468
0.8717716677417979 1.6477311889130468
0.8478348668319259 1.6853870317714408
0.8478348668319259 1.6853870317714408
0.8478348668319259 1.6853870317714408
0.8478348668319259 1.6853870317714408
0.8478348668319259 1.6853870317714408
0.8350100711815982 1.695232073071114
0.8350100711815982 1.695232073071114
0.8350100711815982 1.695232073071114
0.8350100711815982 1.695232073071114
0.8350100711815982 1.695232073071114
0.8350100711815982 1.7083624242739732
0.8350100711815982 1.7083624242739732
0.8350100711815982 1.7083624242739732
0.8350100711815982 1.7083624242739732
0.8350100711815982 1.7083624242739732
0.8350100711815982 1.7083624242739732
0.8350100711815982 1.7083624242739732
0.8255553943830427 1.725516230126536
0.8255553943830427 1.7271372568807322
0.8219018634099462 1.7294891609062584
0.8219018634099462 1.7294891609062584
0.8219018634099462 1.7294891609062584
0.8219018634099462 1.7294891609062584
0.8219018634099462 1.7294891609062584
0.8182483324368497 1.7362472354189862
0.8182483324368497 1.7362472354189862
0.8182483324368497 1.7454158649719145
0.8181341595939404 1.7491974039173228
0.8181341595939404 1.7491974039173228
0.8160537491295731 1.6811703272693237
0.8160537491295731 1.6811703272693237
0.8134982540788968 1.705015740512656
0.8134982540788968 1.705015740512656
0.8109427590282204 1.7236736285661485
0.8109427590282204 1.7236736285661485
0.8109427590282204 1.7236736285661485
0.8109427590282204 1.7236736285661485
0.8109427590282204 1.737002198983657
0.8109427590282204 1.737002198983657
0.8109427590282204 1.737002198983657
0.8109427590282204 1.737002198983657
0.8109427590282204 1.737002198983657
0.8109427590282204 1.737002198983657
0.8109427590282204 1.737002198983657
0.8109427590282204 1.737002198983657
0.8109427590282204 1.7367758178799426
0.8097873296160796 1.7958742637272018
0.8097873296160796 1.7958742637272018
0.8097873296160796 1.7958742637272018
0.8097873296160796 1.7958742637272018
0.8077646143251958 1.7504496331012283
0.8077646143251958 1.7504496331012283
0.8077646143251958 1.7504496331012283
0.8030309349032365 1.7587343803974995
0.8030309349032365 1.7587343803974995
0.7893650894619282 1.820310949198474
0.6912779608440898 1.7452685070519087
0.6912779608440898 1.7452685070519087
0.6756696937356388 1.730754689952544
0.6756696937356388 1.730754689952544
0.6756696937356388 1.730754689952544
0.6756696937356388 1.730754689952544
0.6756696937356388 1.730754689952544
0.6756696937356388 1.730754689952544
0.6756696937356388 1.730754689952544
0.6756696937356388 1.730754689952544
0.6756696937356388 1.730754689952544
0.6756696937356388 1.730754689952544
0.6756696937356388 1.730754689952544
0.6756696937356388 1.730754689952544
0.6756696937356388 1.730754689952544
0.6756696937356388 1.730754689952544
0.6756696937356388 1.730754689952544
0.6756696937356388 1.730754689952544
0.6756696937356388 1.730754689952544
0.6756696937356388 1.730754689952544
0.643702050030426 1.8492578538223967
0.643702050030426 1.8253553949652115
0.643702050030426 1.8253553949652115
0.643702050030426 1.8253553949652115
0.643702050030426 1.8492578538223967
0.6121476343963563 1.8528002484877775
0.6121476343963563 1.8528002484877775
0.6121476343963563 1.8528002484877775
0.6121476343963563 1.8528002484877775
0.6121476343963563 1.8528002484877775
0.6121476343963563 1.8562278742763445
0.6121476343963563 1.8562278742763445
0.6121476343963563 1.8562278742763445
0.6121476343963563 1.8562278742763445
0.6121476343963563 1.8562278742763445
0.6121476343963563 1.8562278742763445
0.6121476343963563 1.8562278742763445
0.6121476343963563 1.8562278742763445
0.6121476343963563 1.8562278742763445
0.6121476343963563 1.8562278742763445
0.6095630687866391 1.8532034688678758
0.6095630687866391 1.8532034688678758
0.6069633026183421 1.7932914721408189
0.6069633026183421 1.7932914721408189
0.6069633026183421 1.7932914721408189
0.6069633026183421 1.7932914721408189
0.6069633026183421 1.7932914721408189
0.6069633026183421 1.7932914721408189
0.6064520957002085 1.8671300213942013
0.6064520957002085 1.8671300213942013
0.6064520957002085 1.8671300213942013
0.6064520957002085 1.8671300213942013
0.6034990478982265 1.8780336439075935
0.6034990478982265 1.8805540482262872
0.5721919912142016 1.9218695094294955
0.5721919912142016 1.9218695094294955
0.5721919912142016 1.9218695094294955
0.5721919912142016 1.9218695094294955
0.5721919912142016 1.9218695094294955
0.5721919912142016 1.9218695094294955
0.5721919912142016 1.9218695094294955
0.5721919912142016 1.9218695094294955
0.5721919912142016 1.9218695094294955
0.5589227692414789 1.9336558942878035
0.5589227692414789 1.9336558942878035
0.5589227692414789 1.9336558942878035
0.5589227692414789 1.9336558942878035
0.5589227692414789 1.9336558942878035
0.5589227692414789 1.9336558942878035
0.5589227692414789 1.9336558942878035
0.5559840744444275 1.948503645781069
0.5559840744444275 1.948503645781069
0.5559840744444275 1.948503645781069
0.5509612360578452 1.95768461454229
0.5178000505037488 1.881304716680532
0.5178000505037488 1.8583555814901478
0.5178000505037488 1.8583555814901478
0.5178000505037488 1.8583555814901478
0.5178000505037488 1.8583555814901478
0.5178000505037488 1.8583555814901478
0.5178000505037488 1.881304716680532
0.5178000505037488 1.881304716680532
0.48720787957447625 1.926479186356772
0.48720787957447625 1.926479186356772
0.48720787957447625 1.926479186356772
0.48720787957447625 1.926479186356772
0.4540709944041238 1.9626714783877153
0.4540709944041238 1.9626714783877153
0.4540709944041238 1.9626714783877153
0.46126390477614965 1.9532672898592023
0.45089171990225274 1.9521413626972928
0.45089171990225274 1.9521413626972928
0.4461228081494462 1.9544975648034324
0.4461228081494462 1.9544975648034324
0.4461228081494462 1.9544975648034324
0.4461228081494462 1.9544975648034324
0.4461228081494462 1.9544975648034324
0.4461228081494462 1.9544975648034324
0.4461228081494462 1.9544975648034324
0.4461228081494462 1.9544975648034324
0.4461228081494462 1.9544975648034324
0.4461228081494462 1.9544975648034324
0.4152240690614708 1.9785253228795867
0.4152240690614708 1.9785253228795867
0.4152240690614708 1.9785253228795867
0.4152240690614708 1.9785253228795867
0.4152240690614708 1.9785253228795867
0.4152240690614708 1.9785253228795867
0.4152240690614708 1.9785253228795867
0.4152240690614708 1.9785253228795867
0.4152240690614708 1.9785253228795867
0.4152240690614708 1.9785253228795867
0.4152240690614708 1.992658704413426
0.4152240690614708 1.992658704413426
0.4152240690614708 1.992658704413426
0.4152240690614708 1.992658704413426
0.4031278818494043 2.0054444564163165
0.4031278818494043 2.0054444564163165
0.4031278818494043 2.0054444564163165
0.4031278818494043 2.0054444564163165
0.4031278818494043 2.0054444564163165
0.3993512577964953 1.9452148383118277
0.3993512577964953 1.9452148383118277
0.38345279548493594 2.0159181223759957
0.38345279548493594 2.0159181223759957
0.38345279548493594 2.0159181223759957
0.38345279548493594 2.0159181223759957
0.38345279548493594 2.0159181223759957
0.38345279548493594 2.0159181223759957
0.38345279548493594 2.021625471619818
0.38345279548493594 2.021625471619818
0.38345279548493594 2.021625471619818
0.38293657731617015 2.0314921723115944
0.35791832705303117 1.978085244838428
0.35791832705303117 1.978085244838428
0.35791832705303117 1.978085244838428
0.35791832705303117 1.978085244838428
0.35791832705303117 1.978085244838428
0.3348204094481154 1.991542986237692
0.3348204094481154 1.991542986237692
0.3348204094481154 1.991542986237692
0.3348204094481154 1.991542986237692
0.3348204094481154 1.991542986237692
0.3348204094481154 1.991542986237692
0.3348204094481154 1.991542986237692
0.3348204094481154 1.991542986237692
0.3348204094481154 2.036232918975271
0.3348204094481154 2.036232918975271
0.3121217917606366 2.0434849114616913
0.3106752613562255 1.9972943005758568
0.3106752613562255 1.9842953032229522
0.3106752613562255 1.981788864901706
0.3106752613562255 1.9842953032229522
0.3106752613562255 1.9842953032229522
0.28137491427480676 2.036208159629685
0.28137491427480676 2.036208159629685
0.28137491427480676 2.036208159629685
0.28137491427480676 2.036208159629685
0.28137491427480676 2.036208159629685
0.28137491427480676 1.9862213912547855
0.28137491427480676 1.9862213912547855
0.28137491427480676 1.9862213912547855
0.28088287197507056 2.02106893549319
0.28088287197507056 2.02106893549319
0.28088287197507056 2.02106893549319
0.28088287197507056 2.02106893549319
0.26575545438202375 2.041630826180365
0.26575545438202375 2.041630826180365
0.26575545438202375 2.041630826180365
0.26575545438202375 2.041630826180365
0.26575545438202375 2.041630826180365
0.26575545438202375 2.041630826180365
0.26575545438202375 2.041630826180365
0.26575545438202375 2.041630826180365
0.26575545438202375 2.041630826180365
0.2583147561604344 2.056702627397232
0.2583147561604344 2.056702627397232
0.2583147561604344 2.056702627397232
0.2583147561604344 2.056702627397232
0.2583147561604344 2.056702627397232
0.2583147561604344 2.056702627397232
0.25279573778170944 2.070528401422867
0.25279573778170944 2.070528401422867
0.2320427039146806 2.065678642034254
0.2320427039146806 2.065678642034254
0.23083465157744182 1.976950327310259
0.23083465157744182 1.976950327310259
0.23083465157744182 1.976950327310259
0.23083465157744182 1.976950327310259
0.23083465157744182 1.976950327310259
0.23083465157744182 1.976950327310259
0.23083465157744182 1.976950327310259
0.23083465157744182 1.976950327310259
0.22513084287662588 2.077965812481553
0.22513084287662588 2.077965812481553
0.22513084287662588 2.077965812481553
0.22513084287662588 2.077965812481553
0.22513084287662588 2.077965812481553
0.22513084287662588 2.0871100432798126
0.22101364892392927 2.0470741507750345
0.22101364892392927 2.0470741507750345
0.22101364892392927 2.0470741507750345
0.22101364892392927 2.0470741507750345
0.21130712080051645 2.103119206360983
0.21130712080051645 2.103119206360983
0.21130712080051645 2.103119206360983
0.21130712080051645 2.103119206360983
0.21130712080051645 2.103119206360983
0.20461534653008628 2.109318080793358
0.20461534653008628 2.109318080793358
0.20461534653008628 2.109318080793358
0.19297252547877564 2.1111537271345107
0.19297252547877564 2.1111537271345107
0.19297252547877564 2.1111537271345107
0.19297252547877564 2.1111537271345107
0.19297252547877564 2.1111537271345107
0.1894471732399421 2.1242541623375346
0.17998082169957483 2.1220915288845656
0.17998082169957483 2.1220915288845656
0.17998082169957483 2.1220915288845656
0.17998082169957483 2.1220915288845656
0.17998082169957483 2.1220915288845656
0.17998082169957483 2.1220915288845656
0.170298569348364 2.073830980513764
0.170298569348364 2.073830980513764
0.170298569348364 2.073830980513764
0.170298569348364 2.073830980513764
0.170298569348364 2.073830980513764
0.170298569348364 2.073830980513764
0.170298569348364 2.073830980513764
0.16623494549598822 2.0917986651313454
0.16623494549598822 2.0917986651313454
0.16623494549598822 2.0917986651313454
0.16623494549598822 2.0917986651313454
0.16623494549598822 2.0917986651313454
0.16623494549598822 2.0917986651313454
0.16217132164361242 2.1194980051153594
0.16217132164361242 2.1194980051153594
0.14837260089467974 2.0810406952101532
0.14837260089467974 2.0810406952101532
0.14837260089467974 2.0810406952101532
0.14837260089467974 2.0810406952101532
0.14837260089467974 2.0810406952101532
0.14837260089467974 2.0810406952101532
0.1467152819678612 2.120430716598655
0.13996307355214352 2.108677580606038
0.13996307355214352 2.108677580606038
0.13996307355214352 2.108677580606038
0.13996307355214352 2.108677580606038
0.13996307355214352 2.108677580606038
0.13996307355214352 2.108677580606038
0.13590769059664073 2.1403673798386076
0.13590769059664073 2.1403673798386076
0.13472725204055402 2.1421339750942283
0.13472725204055402 2.1421339750942283
0.13472725204055402 2.1421339750942283
0.1294914305289645 2.1982823831392255
0.1294914305289645 2.1982823831392255
0.1294914305289645 2.1982823831392255
0.12915752404406994 2.1684803222741733
0.12915752404406994 2.1684803222741733
0.12915752404406994 2.1684803222741733
0.12915752404406994 2.1684803222741733
0.12652118640381557 2.2366044039597517
0.12652118640381557 2.2366044039597517
0.1248256696496927 2.2434194285633695
0.1248256696496927 2.2434194285633695
0.1248256696496927 2.2434194285633695
0.12355094227866664 2.260399586877698
0.12212489032550228 2.262145812960939
0.12212489032550228 2.262145812960939
0.11747800887344659 2.2847042475685235
0.11747800887344659 2.2847042475685235
0.11747800887344659 2.2847042475685235
0.10948231839586531 2.2964580177171094
0.10948231839586531 2.2964580177171094
0.10948231839586531 2.2964580177171094
0.10948231839586531 2.2964580177171094
0.10948231839586531 2.2964580177171094
0.10948231839586531 2.2964580177171094
0.1070766681258261 2.317692922149898
0.1070766681258261 2.317692922149898
0.10247374403376942 2.3267243865913483
0.10247374403376942 2.3267243865913483
0.10033441870828805 2.25087309416284
0.09608900230359688 2.298543202460577
0.09608900230359688 2.298543202460577
0.09608900230359688 2.298543202460577
0.08961396809826264 2.3550824813028397
0.08961396809826264 2.3550824813028397
0.08961396809826264 2.3550824813028397
0.08961396809826264 2.3550824813028397
0.08397140818171385 2.3364532600927994
0.08397140818171385 2.3364532600927994
0.08093271119512195 2.364259870723291
0.08093271119512195 2.364259870723291
0.07984432598630728 2.3278581142644015
0.07225145429198127 2.3746687257735184
0.07225145429198127 2.3746687257735184
0.07225145429198127 2.3746687257735184
0.07225145429198127 2.3746687257735184
0.0672533164683547 2.382258966401676
0.0672533164683547 2.382258966401676
0.0672533164683547 2.388430490195373
0.0672533164683547 2.388430490195373
0.0672533164683547 2.388430490195373
0.06588639461856424 2.410777444296086
0.05614507992553351 2.43635947812658
0.05614507992553351 2.43635947812658
0.05614507992553351 2.43635947812658
0.05383447176944251 2.43714896934335
0.05383447176944251 2.43714896934335
0.05053522475499554 2.4612624334531183
0.05053522475499554 2.4612624334531183
0.05053522475499554 2.4612624334531183
0.047375862960700066 2.504497262862179
0.04467524781012926 2.513162003161651
0.04467524781012926 2.513162003161651
0.042500145112717005 2.53268623847668
0.042500145112717005 2.53268623847668
0.038815270865262964 2.5668768978044305
0.03838446141335763 2.5864825891174505
0.03376324510117563 2.5920291579524983
0.03376324510117563 2.5920291579524983
0.028605088525572187 2.6486644895321723
0.028605088525572187 2.6486644895321723
0.028860309627754155 2.6492073736393356
0.02509731249510249 2.653564864107573
0.02509731249510249 2.653564864107573
0.017362260461426207 2.7530972390457045
0.017362260461426207 2.7530972390457045
0.017362260461426207 2.7530972390457045
0.011625154522987707 2.8224477579290532
0.011625154522987707 2.8224477579290532
0.008695166050554565 2.8641191769809557
0.003934720531743523 2.9386841572735927
0.00351903745897416 2.9891770686095445
0.05799529370221712 6.318293825712766
