0.8903018153060767 3.7954463417199964
0.8903018153060767 3.7954463417199964
0.5351684156408516 3.6716174074628327
0.5351684156408516 3.6716174074628327
0.5351684156408516 3.6716174074628327
0.5351684156408516 3.6716174074628327
0.5351684156408516 3.6496732978804207
0.5351684156408516 3.6496732978804207
0.5351684156408516 3.6496732978804207
0.5351684156408516 3.6496732978804207
0.5351684156408516 3.6496732978804207
0.5351684156408516 3.6496732978804207
0.5351684156408516 3.6496732978804207
0.6472416387400037 3.1034630738216347
0.6472416387400037 3.1034630738216347
0.5351684156408516 3.6435060058613793
0.5351684156408516 3.6435060058613793
0.5351684156408516 3.6435060058613793
0.5351684156408516 3.6435060058613793
0.5351684156408516 3.6432708478802334
0.5351684156408516 3.6432708478802334
0.5351684156408516 3.6205957639058104
0.5351684156408516 3.6205957639058104
0.5351684156408516 3.6205957639058104
0.5351684156408516 3.6205957639058104
0.5351684156408516 3.6205957639058104
0.5351684156408516 3.587344733574579
0.5351684156408516 3.587344733574579
0.5351684156408516 3.587344733574579
0.5351684156408516 3.587344733574579
0.5351684156408516 3.587344733574579
0.5351684156408516 3.587344733574579
0.5351684156408516 3.587344733574579
0.5351684156408516 3.587344733574579
0.5351684156408516 3.587344733574579
0.5735254088879195 3.115696751558236
0.5735254088879195 3.115696751558236
0.5735254088879195 3.115696751558236
0.5735254088879195 3.1074255639554744
0.5735254088879195 3.115696751558236
0.8276660090357035 2.9427369807017874
0.8276660090357035 2.9427369807017874
0.8276660090357035 2.9427369807017874
0.8276660090357035 2.9427369807017874
0.8276660090357035 2.9427369807017874
0.8276660090357035 2.9427369807017874
0.8276660090357035 2.9427369807017874
0.8276660090357035 2.9427369807017874
0.8276660090357035 2.9427369807017874
0.8276660090357035 2.9427369807017874
0.8276660090357035 2.9427369807017874
0.8276660090357035 2.9427369807017874
0.7934149688896788 2.9883555756942735
0.7934149688896788 2.9883555756942735
0.7934149688896788 2.9883555756942735
0.7934149688896788 2.9883555756942735
0.7934149688896788 2.9883555756942735
0.7934149688896788 2.9883555756942735
0.7934149688896788 2.9883555756942735
0.7934149688896788 2.9883555756942735
0.7934149688896788 2.9883555756942735
0.7934149688896788 2.9883555756942735
0.7934149688896788 2.9883555756942735
0.7934149688896788 2.9883555756942735
0.7934149688896788 2.9883555756942735
0.7934149688896788 2.9883555756942735
0.7934149688896788 2.9883555756942735
0.7934149688896788 2.9883555756942735
0.7934149688896788 2.9883555756942735
0.5877596541639745 3.0658474473327413
0.5877596541639745 3.0658474473327413
0.5877596541639745 3.0658474473327413
0.5871246062244802 3.067872567660399
0.5871246062244802 3.067872567660399
0.5871246062244802 3.067872567660399
0.5871246062244802 3.067872567660399
0.5871246062244802 3.067872567660399
0.5871246062244802 3.067872567660399
0.5871246062244802 3.067872567660399
0.5871246062244802 3.067872567660399
0.5871246062244802 3.067872567660399
0.5871246062244802 3.067872567660399
0.5871246062244802 3.067872567660399
0.5871246062244802 3.067872567660399
0.5871246062244802 3.067872567660399
0.5871246062244802 3.067872567660399
0.5871246062244802 3.067872567660399
0.5871246062244802 3.067872567660399
0.5871246062244802 3.067872567660399
0.5871246062244802 3.067872567660399
0.5871246062244802 3.067872567660399
0.5871246062244802 3.067872567660399
0.5871246062244802 3.067872567660399
0.5871246062244802 3.067872567660399
0.5871246062244802 3.067872567660399
0.5871246062244802 3.067872567660399
0.5871246062244802 3.067872567660399
0.5871246062244802 3.067872567660399
0.5871246062244802 3.067872567660399
0.5871246062244802 3.067872567660399
0.5871246062244802 3.067872567660399
0.5871246062244802 3.067872567660399
0.5871246062244802 3.051794338167878
0.5871246062244802 3.051794338167878
0.5871246062244802 3.0683202352561874
0.5871246062244802 3.067872567660399
0.5871246062244802 3.1051951649342326
0.5871246062244802 3.121490959003556
0.5871246062244802 3.067872567660399
0.5871246062244802 3.067872567660399
0.5871246062244802 3.0380408777838452
0.5871246062244802 3.0380408777838452
0.5871246062244802 3.0380408777838452
0.5752556948457933 3.080880588858048
0.5752556948457933 3.080880588858048
0.5752556948457933 3.080880588858048
0.5752556948457933 3.080880588858048
0.5752556948457933 3.080880588858048
0.24104676375864287 3.101723421213975
0.24104676375864287 3.101723421213975
0.24104676375864287 3.101723421213975
0.24104676375864287 3.101723421213975
0.24104676375864287 3.101723421213975
0.24104676375864287 3.101723421213975
0.24104676375864287 3.101723421213975
0.24104676375864287 3.101723421213975
0.24104676375864287 3.0717465589109456
0.24104676375864287 3.0640634746224666
0.24104676375864287 3.0563514141598476
0.24104676375864287 3.0563514141598476
0.24104676375864287 3.0563514141598476
0.24104676375864287 3.0563514141598476
0.24104676375864287 3.0563514141598476
0.24104676375864287 3.0563514141598476
0.24104676375864287 3.0563514141598476
0.24104676375864287 3.0563514141598476
0.24104676375864287 3.0563514141598476
0.24104676375864287 3.0563514141598476
0.24104676375864287 3.0563514141598476
0.24104676375864287 3.0563514141598476
0.24104676375864287 3.0563514141598476
0.24104676375864287 3.0563514141598476
0.24104676375864287 3.0563514141598476
0.24104676375864287 3.0563514141598476
0.24104676375864287 3.0563514141598476
0.24104676375864287 3.0563514141598476
0.24104676375864287 3.0563514141598476
0.24104676375864287 3.0563514141598476
0.24104676375864287 3.0563514141598476
0.24104676375864287 3.0563514141598476
0.24104676375864287 3.0563514141598476
0.24104676375864287 3.0563514141598476
0.24104676375864287 3.0549287926666704
0.24104676375864287 3.0549287926666704
0.24104676375864287 3.0145225289932096
0.24104676375864287 3.0145225289932096
0.24104676375864287 3.0145225289932096
0.24104676375864287 2.996401127447343
0.24104676375864287 2.996401127447343
0.24104676375864287 2.996401127447343
0.24104676375864287 2.996374368101832
0.24104676375864287 2.996374368101832
0.24104676375864287 2.9824160514802838
0.23581154617602063 2.930881887319229
0.2373490454197253 2.9193919399842128
0.2373490454197253 2.9193919399842128
0.2373490454197253 2.9193919399842128
0.2373490454197253 2.9193919399842128
0.23658029579787296 2.9054884793173055
0.2361959209869468 2.918182028457616
0.2361959209869468 2.918182028457616
0.2361959209869468 2.918182028457616
0.2361959209869468 2.918182028457616
0.23581154617602063 2.888499230829075
0.23581154617602063 2.930881887319229
0.23581154617602063 2.930881887319229
0.23581154617602063 2.930881887319229
0.23581154617602063 2.930881887319229
0.23581154617602063 2.930881887319229
0.23581154617602063 2.930881887319229
0.23581154617602063 2.930881887319229
0.23581154617602063 2.930881887319229
0.23581154617602063 2.930881887319229
0.23581154617602063 2.930881887319229
0.23581154617602063 2.930881887319229
0.23581154617602063 2.930881887319229
0.23581154617602063 2.930881887319229
0.23581154617602063 2.930881887319229
0.23581154617602063 2.930881887319229
0.23581154617602063 2.930881887319229
0.23581154617602063 2.930881887319229
0.23581154617602063 2.930881887319229
0.23581154617602063 2.930881887319229
0.23581154617602063 2.9363962196707147
0.23581154617602063 2.9363962196707147
0.23581154617602063 2.9363962196707147
0.23581154617602063 2.963036404939364
0.23581154617602063 2.963036404939364
0.23581154617602063 2.963036404939364
0.23581154617602063 2.963036404939364
0.23581154617602063 2.963036404939364
0.23581154617602063 2.888499230829075
0.23581154617602063 2.888499230829075
0.23581154617602063 2.9537122287936
0.23581154617602063 2.921921073576243
0.23581154617602063 2.921921073576243
0.23581154617602063 2.952472653901595
0.23581154617602063 2.930881887319229
0.23581154617602063 2.952887480089806
0.23581154617602063 2.952887480089806
0.23581154617602063 2.952887480089806
0.23581154617602063 2.9351859180663995
0.23581154617602063 2.921921073576243
0.23581154617602063 2.937715938280487
0.23581154617602063 2.9267153241514614
0.23581154617602063 2.9763256226095125
0.23581154617602063 2.933638975330912
0.23581154617602063 2.933638975330912
0.23581154617602063 2.9179266694091375
0.23581154617602063 2.9179266694091375
0.23581154617602063 2.989654694267808
0.23581154617602063 2.989654694267808
0.23581154617602063 2.9541972578532643
0.23581154617602063 2.9061686738111727
0.23581154617602063 2.936579095606586
0.23581154617602063 2.933846308036993
0.23581154617602063 3.0136648490893845
0.23581154617602063 2.92085685602411
0.23581154617602063 2.92085685602411
0.23581154617602063 2.8421930949599687
0.23581154617602063 2.9029729040804853
0.23581154617602063 2.887418984941099
0.23581154617602063 2.912785580047142
0.23581154617602063 2.9581009715981907
0.23581154617602063 2.967930042545828
0.23581154617602063 2.890568116357404
0.23581154617602063 2.960789282123808
0.23581154617602063 2.9992785219754734
0.23581154617602063 2.9992785219754734
0.23581154617602063 2.9210337656898377
0.31545408329800106 3.0028795238707584
0.31545408329800106 2.99365957037743
0.31545408329800106 2.996732676369679
0.31545408329800106 3.0660686706453326
0.31545408329800106 2.971282116680515
0.31545408329800106 2.971282116680515
0.31545408329800106 2.971282116680515
0.31545408329800106 2.9544222040979142
0.31545408329800106 3.0059924785137904
0.31545408329800106 3.0119350686182176
0.31545408329800106 2.971282116680515
0.31545408329800106 2.9860587789733795
0.3149614660539065 2.695111830288926
0.3149614660539065 2.695111830288926
0.3149614660539065 2.695111830288926
0.3149614660539065 2.695111830288926
0.3149614660539065 2.695111830288926
0.28996545347800207 2.730636983324862
0.28996545347800207 2.730636983324862
0.28996545347800207 2.730636983324862
0.28996545347800207 2.7301378028986467
0.28996545347800207 2.7301378028986467
0.28996545347800207 2.7219835118922555
0.28996545347800207 2.730636983324862
0.28996545347800207 2.730636983324862
0.28996545347800207 2.730636983324862
0.28996545347800207 2.730636983324862
0.28996545347800207 2.730636983324862
0.28996545347800207 2.730636983324862
0.28996545347800207 2.730636983324862
0.28996545347800207 2.730636983324862
0.28996545347800207 2.730636983324862
0.28996545347800207 2.730636983324862
0.28996545347800207 2.730636983324862
0.28996545347800207 2.730636983324862
0.28996545347800207 2.730636983324862
0.28996545347800207 2.730636983324862
0.28996545347800207 2.730636983324862
0.28996545347800207 2.730636983324862
0.28996545347800207 2.730636983324862
0.28996545347800207 2.730636983324862
0.28996545347800207 2.730636983324862
0.28996545347800207 2.730636983324862
0.28996545347800207 2.730636983324862
0.28996545347800207 2.730636983324862
0.28996545347800207 2.730636983324862
0.19030308868097534 3.5122321400174403
0.19030308868097534 3.5122321400174403
0.19030308868097534 3.5122321400174403
0.19030308868097534 3.5122321400174403
0.19030308868097534 3.5122321400174403
0.19030308868097534 3.508233855039121
0.19030308868097534 3.4989803663856347
0.19030308868097534 3.4989803663856347
0.19030308868097534 3.4989803663856347
0.19030308868097534 3.4989803663856347
0.19030308868097534 3.4989803663856347
0.19030308868097534 3.477508842555416
0.19030308868097534 3.477508842555416
0.19030308868097534 3.477508842555416
0.19030308868097534 3.477508842555416
0.19030308868097534 3.477508842555416
0.19030308868097534 3.4354523874280183
0.19030308868097534 3.4330088027766577
0.19030308868097534 3.4330088027766577
0.19030308868097534 3.4330088027766577
0.19030308868097534 3.4329888733125977
0.19030308868097534 3.4329888733125977
0.19030308868097534 3.4329888733125977
0.19030308868097534 3.4329888733125977
0.19030308868097534 3.4329888733125977
0.19030308868097534 3.4027386231271213
0.19030308868097534 3.4027386231271213
0.19030308868097534 3.4027386231271213
0.19030308868097534 3.4027386231271213
0.19030308868097534 3.4027386231271213
0.19030308868097534 3.4027386231271213
0.18216102481401503 3.439767157641685
0.18216102481401503 3.439767157641685
0.18216102481401503 3.439767157641685
0.18216102481401503 3.439767157641685
0.18216102481401503 3.439767157641685
0.18216102481401503 3.439767157641685
0.18216102481401503 3.439767157641685
0.18114326683064497 3.457300852320304
0.18114326683064497 3.457300852320304
0.18012550884727496 3.469511138503818
0.18012550884727496 3.469511138503818
0.18012550884727496 3.469511138503818
0.17808999288053487 3.4960124921483207
0.17808999288053487 3.4960124921483207
0.17758111388884984 3.5037158267020554
0.17758111388884984 3.5037158267020554
0.17758111388884984 3.5037158267020554
0.173033007900665 3.5365538689131677
0.173033007900665 3.5365538689131677
0.173033007900665 3.5365538689131677
0.173033007900665 3.5365538689131677
0.173033007900665 3.5365538689131677
0.16654480075668104 3.5637433293260012
0.16654480075668104 3.5637433293260012
0.16654480075668104 3.5637433293260012
0.16654480075668104 3.5637433293260012
0.16654480075668104 3.5637433293260012
0.1663795086283843 3.596712973975209
0.1663795086283843 3.596712973975209
0.1663795086283843 3.596712973975209
0.1663795086283843 3.596712973975209
0.1663795086283843 3.596712973975209
0.1663795086283843 3.596712973975209
0.12200470643376943 3.292040461721674
0.12200470643376943 3.292040461721674
0.12200470643376943 3.292040461721674
0.12200470643376943 3.292040461721674
0.12200470643376943 3.292040461721674
0.12200470643376943 3.292040461721674
0.12200470643376943 3.292040461721674
0.12200470643376943 3.292040461721674
0.16259094373709898 3.5745794923125502
0.12200470643376943 3.292040461721674
0.11913827886464678 3.1984640110473226
0.11913827886464678 3.1984640110473226
0.11913827886464678 3.1984640110473226
0.11913827886464678 3.1984640110473226
0.11913827886464678 3.1984640110473226
0.11913827886464678 3.1984640110473226
0.09677972209236128 3.323601554162347
0.0827898778605957 3.685979474188261
0.0827898778605957 3.685979474188261
0.0827898778605957 3.685979474188261
0.0827898778605957 3.685979474188261
0.0827898778605957 3.685979474188261
0.0827898778605957 3.685979474188261
0.0827898778605957 3.685979474188261
0.0827898778605957 3.685979474188261
0.0827898778605957 3.685979474188261
0.0827898778605957 3.685979474188261
0.0827898778605957 3.685979474188261
0.0827898778605957 3.685979474188261
0.08400340393676957 3.3899836724123764
0.07761524485897371 3.407578364550068
0.07761524485897371 3.407578364550068
0.07442116532007578 3.434688038948276
0.07442116532007578 3.434688038948276
0.07442116532007578 3.434688038948276
0.07378024266441902 3.5660991447255275
0.056055207971412696 3.572532499634685
0.056055207971412696 3.572532499634685
0.056055207971412696 3.572532499634685
0.056055207971412696 3.572532499634685
0.056055207971412696 3.572532499634685
0.0512640886630658 3.598808375283046
0.0512640886630658 3.598808375283046
0.0512640886630658 3.598808375283046
0.04357504928742198 4.119230000274931
0.025696280347551274 4.136599247346803
0.025696280347551274 4.136599247346803
0.025696280347551274 4.136599247346803
0.025696280347551274 4.136599247346803
0.025696280347551274 4.136599247346803
0.025696280347551274 4.136599247346803
0.023967635000835118 4.4150552367983735
0.023967635000835118 4.4150552367983735
0.023967635000835118 4.4150552367983735
0.023967635000835118 4.4150552367983735
0.023967635000835118 4.4150552367983735
