0.5721620069769031 3.88917166080622
0.5465377408092259 4.02948240495475
0.5465377408092259 4.02948240495475
0.5721620069769031 3.8734857113897427
0.5465377408092259 4.02948240495475
0.5465377408092259 4.02948240495475
0.5721620069769031 3.8641440543799837
0.5465377408092259 4.02948240495475
0.5465377408092259 4.02948240495475
0.5721620069769031 3.849219334165916
0.5465377408092259 3.9824086682350663
0.5465377408092259 3.9824086682350663
0.5721620069769031 3.8362660688019226
0.5465377408092259 3.9737359621972654
0.5465377408092259 3.9737359621972654
0.5721620069769031 3.808794098159456
0.5465377408092259 3.9737359621972654
0.6022098588145864 3.942894214919157
0.6022098588145864 3.942894214919157
0.6022098588145864 3.9397155176998817
0.6022098588145864 3.9067966194749078
0.6022098588145864 3.9067966194749078
0.6022098588145864 3.9067966194749078
0.6022098588145864 3.8859703129622782
0.6022098588145864 3.8859703129622782
0.6022098588145864 3.8772067336524754
0.6151226688789098 3.853103314107706
0.6151226688789098 3.853103314107706
0.6151226688789098 3.8382161981353926
0.6151226688789098 3.8382161981353926
0.6151226688789098 3.83044039332364
0.6151226688789098 3.83044039332364
0.6151226688789098 3.83044039332364
0.6151226688789098 3.83044039332364
0.6151226688789098 3.83044039332364
0.6151226688789098 3.8129281334252574
0.6151226688789098 3.8129281334252574
0.6151226688789098 3.8129281334252574
0.6151226688789098 3.8129281334252574
0.6151226688789098 3.8129281334252574
0.6151226688789098 3.8129281334252574
0.6151226688789098 3.8129281334252574
0.6151226688789098 3.8129281334252574
0.6151226688789098 3.8129281334252574
0.6151226688789098 3.757684853178612
0.6151226688789098 3.757684853178612
0.6151226688789098 3.757684853178612
0.6151226688789098 3.757684853178612
0.6151226688789098 3.757684853178612
0.6151226688789098 3.757684853178612
0.6151226688789098 3.757684853178612
0.6151226688789098 3.757684853178612
0.6151226688789098 3.757684853178612
0.6151226688789098 3.757684853178612
0.6151226688789098 3.757684853178612
0.6151226688789098 3.757684853178612
0.6151226688789098 3.757684853178612
0.6151226688789098 3.757684853178612
0.6151226688789098 3.757684853178612
0.6151226688789098 3.757684853178612
0.6151226688789098 3.757684853178612
0.6151226688789098 3.757684853178612
0.6151226688789098 3.757684853178612
0.6151226688789098 3.757684853178612
0.6151226688789098 3.757684853178612
0.3274661350323502 3.170153565829467
0.3274661350323502 3.170153565829467
0.3274661350323502 3.1752186558363684
0.3274661350323502 3.1752186558363684
0.3274661350323502 3.142297500603192
0.3274661350323502 3.142297500603192
0.3274661350323502 3.142297500603192
0.3274661350323502 3.152828433246148
0.3274661350323502 3.152828433246148
0.3274661350323502 3.152828433246148
0.3274661350323502 3.152828433246148
0.3274661350323502 3.152828433246148
0.3274661350323502 3.152828433246148
0.3274661350323502 3.1752186558363684
0.3274661350323502 3.170153565829467
0.3274661350323502 3.152828433246148
0.3274661350323502 3.128235738046039
0.3274661350323502 3.142297500603192
0.3274661350323502 3.142297500603192
0.3274661350323502 3.142297500603192
0.3274661350323502 3.142297500603192
0.3274661350323502 3.1578903692011138
0.3274661350323502 3.1578903692011138
0.3274661350323502 3.173323490748926
0.3274661350323502 3.1513340501718337
0.3274661350323502 3.1513340501718337
0.3274661350323502 3.1707909792247664
0.3274661350323502 3.1707909792247664
0.3274661350323502 3.1509573379332263
0.3274661350323502 3.1509573379332263
0.3274661350323502 3.128235738046039
0.3274661350323502 3.164575731782341
0.3274661350323502 3.152828433246148
0.3274661350323502 3.152828433246148
0.32276815374152934 3.1712951859742664
0.32276815374152934 3.1712951859742664
0.32276815374152934 3.1712951859742664
0.32276815374152934 3.1712951859742664
0.32276815374152934 3.1712951859742664
0.32276815374152934 3.1712951859742664
0.32276815374152934 3.1712951859742664
0.32276815374152934 3.1712951859742664
0.32276815374152934 3.1712951859742664
0.32276815374152934 3.1712951859742664
0.32276815374152934 3.1712951859742664
0.32276815374152934 3.1712951859742664
0.32276815374152934 3.1712951859742664
0.32276815374152934 3.1712951859742664
0.32276815374152934 3.1712951859742664
0.32276815374152934 3.1712951859742664
0.32276815374152934 3.1712951859742664
0.29850721391218493 3.1887192480059885
0.29850721391218493 3.1887192480059885
0.29850721391218493 3.178921543975649
0.29850721391218493 3.178921543975649
0.29850721391218493 3.178921543975649
0.29850721391218493 3.178921543975649
0.29850721391218493 3.178921543975649
0.29850721391218493 3.1887192480059885
0.29850721391218493 3.1887192480059885
0.29850721391218493 3.1887192480059885
0.29850721391218493 3.1887192480059885
0.29850721391218493 3.1887192480059885
0.29850721391218493 3.1887192480059885
0.29850721391218493 3.1887192480059885
0.29850721391218493 3.1887192480059885
0.29850721391218493 3.1887192480059885
0.29850721391218493 3.1887192480059885
0.29850721391218493 3.1887192480059885
0.29850721391218493 3.1887192480059885
0.29850721391218493 3.1887192480059885
0.29850721391218493 3.1887192480059885
0.29850721391218493 3.1887192480059885
0.29850721391218493 3.1887192480059885
0.29850721391218493 3.1887192480059885
0.29850721391218493 3.1887192480059885
0.29850721391218493 3.1887192480059885
0.29850721391218493 3.1887192480059885
0.29850721391218493 3.1887192480059885
0.29850721391218493 3.1887192480059885
0.29850721391218493 3.1887192480059885
0.29850721391218493 3.1887192480059885
0.29850721391218493 3.1887192480059885
0.29850721391218493 3.1940922326163004
0.29850721391218493 3.1887192480059885
0.29850721391218493 3.1814152332748384
0.29850721391218493 3.1887192480059885
0.29850721391218493 3.193315507051434
0.29850721391218493 3.170885843967647
0.29850721391218493 3.170885843967647
0.29850721391218493 3.2028163271776324
0.29850721391218493 3.184474847065865
0.29850721391218493 3.1899068766692835
0.29850721391218493 3.1887192480059885
0.29850721391218493 3.1887192480059885
0.29850721391218493 3.1887192480059885
0.29850721391218493 3.19823227120559
0.29850721391218493 3.19823227120559
0.29850721391218493 3.19823227120559
0.29850721391218493 3.19823227120559
0.29850721391218493 3.170292254235362
0.29850721391218493 3.170292254235362
0.29850721391218493 3.1696391798080095
0.29850721391218493 3.1842635863787714
0.29850721391218493 3.1842635863787714
0.29850721391218493 3.2029578860904966
0.29850721391218493 3.179208045842181
0.29850721391218493 3.179208045842181
0.29850721391218493 3.2523157834137493
0.29850721391218493 3.186491367197744
0.29850721391218493 3.2157424002997437
0.29850721391218493 3.151385638489907
0.29850721391218493 3.1675772418617045
0.29850721391218493 3.1675772418617045
0.29850721391218493 3.2003468705651517
0.29850721391218493 3.1999420207197016
0.29850721391218493 3.1999420207197016
0.29850721391218493 3.157119713561438
0.29850721391218493 3.157119713561438
0.29850721391218493 3.157119713561438
0.29850721391218493 3.1920292638486294
0.29850721391218493 3.181463044395976
0.29850721391218493 3.181463044395976
0.29850721391218493 3.143553518737321
0.29850721391218493 3.196759316687345
0.29850721391218493 3.1653702276428146
0.29850721391218493 3.1653702276428146
0.29850721391218493 3.1842635863787714
0.24790912513600571 3.3136765578889134
0.24790912513600571 3.3136765578889134
0.24790912513600571 3.305156817478495
0.24790912513600571 3.305156817478495
0.24790912513600571 3.305156817478495
0.24790912513600571 3.305156817478495
0.24790912513600571 3.305156817478495
0.24790912513600571 3.296899099743774
0.24790912513600571 3.296899099743774
0.24790912513600571 3.296899099743774
0.24790912513600571 3.296899099743774
0.24790912513600571 3.2913514092904053
0.2581320013095927 3.1404563815776423
0.2581320013095927 3.1404563815776423
0.2581320013095927 3.1404563815776423
0.2581320013095927 3.1404563815776423
0.2581320013095927 3.1404563815776423
0.2581320013095927 3.1404563815776423
0.2581320013095927 3.1404563815776423
0.2581320013095927 3.1404563815776423
0.2581320013095927 3.1404563815776423
0.2581320013095927 3.1404563815776423
0.2581320013095927 3.1404563815776423
0.2581320013095927 3.1404563815776423
0.2529754965175681 3.1524184362226397
0.2529754965175681 3.1524184362226397
0.2529754965175681 3.1524184362226397
0.24524073932953122 3.170571215517842
0.24910811792354967 3.1614628156987177
0.24524073932953122 3.170571215517842
0.24524073932953122 3.170571215517842
0.24524073932953122 3.170571215517842
0.24524073932953122 3.170571215517842
0.24524073932953122 3.170571215517842
0.24524073932953122 3.170571215517842
0.2420040955551479 3.1357477512710563
0.2420040955551479 3.1357477512710563
0.23621685594348818 3.1842472901473977
0.2181690891714021 3.178987730283826
0.2181690891714021 3.178987730283826
0.2181690891714021 3.1141936545422446
0.2181690891714021 3.1141936545422446
0.2181690891714021 3.1141936545422446
0.2181690891714021 3.1141936545422446
0.2181690891714021 3.1141936545422446
0.2181690891714021 3.1141936545422446
0.2181690891714021 3.178987730283826
0.2181690891714021 3.178987730283826
0.20651242920714927 3.316033083289111
0.20651242920714927 3.316033083289111
0.20651242920714927 3.283589228891581
0.20651242920714927 3.283589228891581
0.20651242920714927 3.283589228891581
0.20651242920714927 3.316033083289111
0.20651242920714927 3.316033083289111
0.20651242920714927 3.316033083289111
0.20651242920714927 3.316033083289111
0.20651242920714927 3.316033083289111
0.20651242920714927 3.316033083289111
0.20651242920714927 3.316033083289111
0.20651242920714927 3.316033083289111
0.20651242920714927 3.316033083289111
0.20651242920714927 3.3477711182088834
0.20651242920714927 3.3477711182088834
0.20651242920714927 3.3477711182088834
0.20651242920714927 3.3477711182088834
0.20651242920714927 3.3477711182088834
0.20651242920714927 3.3477711182088834
0.20651242920714927 3.3477711182088834
0.20651242920714927 3.3477711182088834
0.20651242920714927 3.3477711182088834
0.20651242920714927 3.3477711182088834
0.20651242920714927 3.3477711182088834
0.20651242920714927 3.3477711182088834
0.20651242920714927 3.3477711182088834
0.20651242920714927 3.3319000550205518
0.20651242920714927 3.3319000550205518
0.20651242920714927 3.3698894014778795
0.20651242920714927 3.316033083289111
0.20651242920714927 3.283589228891581
0.20651242920714927 3.3477711182088834
0.20651242920714927 3.3477711182088834
0.20651242920714927 3.316033083289111
0.20651242920714927 3.316033083289111
0.20651242920714927 3.3477711182088834
0.19298394248040338 3.329918790230094
0.19298394248040338 3.329918790230094
0.19298394248040338 3.329918790230094
0.19298394248040338 3.329918790230094
0.19298394248040338 3.329918790230094
0.19298394248040338 3.329918790230094
0.19298394248040338 3.329918790230094
0.19298394248040338 3.329918790230094
0.19298394248040338 3.329918790230094
0.19298394248040338 3.329918790230094
0.19298394248040338 3.329918790230094
0.19298394248040338 3.329918790230094
0.19298394248040338 3.329918790230094
0.19298394248040338 3.329918790230094
0.19298394248040338 3.329918790230094
0.19298394248040338 3.329918790230094
0.19298394248040338 3.329918790230094
0.19298394248040338 3.329918790230094
0.19298394248040338 3.329918790230094
0.19298394248040338 3.329918790230094
0.19298394248040338 3.329918790230094
0.19298394248040338 3.329918790230094
0.19298394248040338 3.329918790230094
0.19298394248040338 3.329918790230094
0.19298394248040338 3.329918790230094
0.19298394248040338 3.329918790230094
0.19298394248040338 3.329918790230094
0.19298394248040338 3.329918790230094
0.16465710077315737 3.5453031490389035
0.16465710077315737 3.5412754042787284
0.16465710077315737 3.5412754042787284
0.16465710077315737 3.5372330551460824
0.16465710077315737 3.5372330551460824
0.16465710077315737 3.526446026805444
0.16465710077315737 3.5412754042787284
0.16465710077315737 3.5453031490389035
0.16465710077315737 3.5453031490389035
0.16465710077315737 3.5453031490389035
0.16465710077315737 3.5453031490389035
0.16465710077315737 3.5453031490389035
0.16465710077315737 3.5453031490389035
0.16465710077315737 3.5453031490389035
0.16465710077315737 3.5453031490389035
0.16465710077315737 3.5453031490389035
0.16465710077315737 3.5453031490389035
0.16465710077315737 3.5453031490389035
0.16465710077315737 3.5453031490389035
0.16465710077315737 3.5453031490389035
0.16465710077315737 3.5453031490389035
0.16465710077315737 3.5453031490389035
0.16465710077315737 3.5453031490389035
0.16465710077315737 3.5453031490389035
0.16465710077315737 3.5453031490389035
0.16465710077315737 3.5453031490389035
0.16465710077315737 3.5453031490389035
0.16465710077315737 3.5453031490389035
0.16465710077315737 3.5453031490389035
0.17378987351435407 3.155316776290984
0.17378987351435407 3.155316776290984
0.17378987351435407 3.155316776290984
0.17378987351435407 3.155316776290984
0.17378987351435407 3.155316776290984
0.17378987351435407 3.155316776290984
0.17378987351435407 3.155316776290984
0.17378987351435407 3.154156266371666
0.17378987351435407 3.167443203366706
0.17378987351435407 3.167443203366706
0.17378987351435407 3.167443203366706
0.17378987351435407 3.2001080797195756
0.17378987351435407 3.2001080797195756
0.17378987351435407 3.2001080797195756
0.17378987351435407 3.2001080797195756
0.10957910097877224 3.877433639805717
0.10957910097877224 3.877433639805717
0.14059421272577188 3.800335444274459
0.14059421272577188 3.800335444274459
0.14059421272577188 3.800335444274459
0.14059421272577188 3.800335444274459
0.13894245784149842 3.8661422550811557
0.13894245784149842 3.8696550690593448
0.10957910097877224 3.8650616237257336
0.10957910097877224 3.8650616237257336
0.10957910097877224 3.8650616237257336
0.10957910097877224 3.8650616237257336
0.10957910097877224 3.8650616237257336
0.10957910097877224 3.8650616237257336
0.10957910097877224 3.8650616237257336
0.10957910097877224 3.8540162097141333
0.10957910097877224 3.8540162097141333
0.10957910097877224 3.867843611110446
0.10957910097877224 3.9077941261046396
0.10957910097877224 3.9077941261046396
0.10957910097877224 3.9077941261046396
0.10957910097877224 3.9077941261046396
0.10957910097877224 3.9077941261046396
0.10957910097877224 3.9077941261046396
0.10957910097877224 3.906668704396806
0.10899392137228933 4.066699701527615
0.08873390605088283 3.9313274751566656
0.08873390605088283 3.9313274751566656
0.08873390605088283 3.9313274751566656
0.08873390605088283 3.9313274751566656
0.07678680759332512 4.130823041542948
0.07678680759332512 4.130823041542948
0.07045768798735064 4.0869987290255105
0.07678680759332512 4.130823041542948
0.07678680759332512 4.130823041542948
0.06552275498760685 4.240803295236757
0.06552275498760685 4.240803295236757
0.06552275498760685 4.240803295236757
0.06552275498760685 4.240803295236757
0.06552275498760685 4.240803295236757
0.054258702381888575 4.347615690583427
0.054258702381888575 4.347615690583427
0.054258702381888575 4.347615690583427
0.054258702381888575 4.347615690583427
0.0528926106782097 4.53034865384705
0.042311603924330865 4.557068354997485
0.042311603924330865 4.557068354997485
0.042311603924330865 4.557068354997485
0.042311603924330865 4.557068354997485
0.04602947972431665 4.532956760276983
0.018251671172832218 4.688808407880333
0.01100096005832385 5.057651394722635
0.01100096005832385 5.057651394722635
0.01100096005832385 5.057651394722635
0.01100096005832385 5.057651394722635
0.007836400255336606 5.098129113089638
