0.762124673673739 4.1616585534652755
0.7559651357483423 3.4067287962332227
0.20632557759399295 4.080859539906518
0.20632557759399295 4.057051450270427
0.7559651357483423 3.4067287962332227
0.20632557759399295 4.057051450270427
0.20632557759399295 4.054505804773197
0.7559651357483423 3.4008780236478393
0.20632557759399295 4.054505804773197
0.20632557759399295 4.0468881560678485
0.7559651357483423 3.3853095277715823
0.20632557759399295 4.0468881560678485
0.7559651357483423 3.3853095277715823
0.14954951719861231 3.844235132172679
0.14954951719861231 3.844235132172679
0.14954951719861231 3.8451710651785596
0.14954951719861231 3.8278413551778194
0.14954951719861231 3.8157963651348648
0.14954951719861231 3.812395882590048
0.14954951719861231 3.812395882590048
0.14954951719861231 3.8034966259781506
0.14954951719861231 3.8034966259781506
0.14954951719861231 3.8034966259781506
0.14954951719861231 3.791948558960291
0.14954951719861231 3.791948558960291
0.14954951719861231 3.791948558960291
0.14954951719861231 3.791948558960291
0.14954951719861231 3.7876973973415264
0.14954951719861231 3.7876973973415264
0.14954951719861231 3.7876973973415264
0.14954951719861231 3.7876973973415264
0.14954951719861231 3.7876973973415264
0.14954951719861231 3.7721298468987974
0.14954951719861231 3.7721298468987974
0.14954951719861231 3.7721298468987974
0.14954951719861231 3.7721298468987974
0.14954951719861231 3.7721298468987974
0.22460761029712994 3.905644105373352
0.22460761029712994 3.905644105373352
0.22460761029712994 3.8942224176511444
0.22460761029712994 3.8942224176511444
0.22460761029712994 3.8942224176511444
0.22460761029712994 3.8942224176511444
0.22460761029712994 3.8942224176511444
0.22460761029712994 3.8854837297154265
0.22460761029712994 3.8854837297154265
0.22460761029712994 3.8854837297154265
0.22460761029712994 3.8854837297154265
0.22460761029712994 3.8854837297154265
0.22460761029712994 3.8854837297154265
0.22460761029712994 3.8854837297154265
0.22460761029712994 3.8854837297154265
0.22460761029712994 3.8854837297154265
0.22460761029712994 3.8854837297154265
0.22460761029712994 3.8854837297154265
0.22460761029712994 3.8854837297154265
0.22460761029712994 3.8406621289667426
0.22460761029712994 3.8406621289667426
0.22460761029712994 3.8406621289667426
0.22460761029712994 3.8406621289667426
0.22460761029712994 3.8406621289667426
0.6327489245735565 2.956964629758332
0.6327489245735565 2.956964629758332
0.6327489245735565 2.956964629758332
0.6327489245735565 2.956964629758332
0.712847892498436 2.757498334448024
0.712847892498436 2.757498334448024
0.712847892498436 2.757498334448024
0.712847892498436 2.757498334448024
0.712847892498436 2.757498334448024
0.712847892498436 2.757498334448024
0.6727984085359963 2.8300638346811673
0.6727984085359963 2.8300638346811673
0.6727984085359963 2.8300638346811673
0.6727984085359963 2.8300638346811673
0.6727984085359963 2.8300638346811673
0.6727984085359963 2.8300638346811673
0.6727984085359963 2.8300638346811673
0.6727984085359963 2.8300638346811673
0.6727984085359963 2.8300638346811673
0.6727984085359963 2.8300638346811673
0.6727984085359963 2.8300638346811673
0.6727984085359963 2.8300638346811673
0.6427612955641664 2.855898422645411
0.5977056261064218 2.749377022256471
0.5977056261064218 2.749377022256471
0.5977056261064218 2.749377022256471
0.5977056261064218 2.749377022256471
0.5977056261064218 2.749377022256471
0.5977056261064218 2.749377022256471
0.5977056261064218 2.749377022256471
0.5977056261064218 2.749377022256471
0.5977056261064218 2.749377022256471
0.5973247389102011 2.760542967364797
0.5973247389102011 2.760542967364797
0.5973247389102011 2.760542967364797
0.5973247389102011 2.760542967364797
0.5973247389102011 2.760542967364797
0.5973247389102011 2.760542967364797
0.5973247389102011 2.760542967364797
0.5973247389102011 2.760542967364797
0.5973247389102011 2.760542967364797
0.5973247389102011 2.760542967364797
0.5973247389102011 2.760542967364797
0.5973247389102011 2.760542967364797
0.5973247389102011 2.760542967364797
0.5973247389102011 2.760542967364797
0.5973247389102011 2.760542967364797
0.5973247389102011 2.760542967364797
0.5973247389102011 2.760542967364797
0.5973247389102011 2.760542967364797
0.5973247389102011 2.760542967364797
0.5693243077653158 3.0137205826983777
0.5693243077653158 3.0137205826983777
0.5693243077653158 3.0137205826983777
0.5693243077653158 3.0137205826983777
0.5973247389102011 2.760542967364797
0.5973247389102011 2.760542967364797
0.5973247389102011 2.760542967364797
0.5973247389102011 2.760542967364797
0.5973247389102011 2.760542967364797
0.5973247389102011 2.760542967364797
0.5973247389102011 2.760542967364797
0.5973247389102011 2.7472297103234253
0.5973247389102011 2.763455826445475
0.5973247389102011 2.760542967364797
0.5973247389102011 2.760542967364797
0.5973247389102011 2.780133820668138
0.5973247389102011 2.780133820668138
0.5973247389102011 2.765857307931082
0.5973247389102011 2.7351124919675853
0.5973247389102011 2.760542967364797
0.5973247389102011 2.7199076253024175
0.5973247389102011 2.7720435283710025
0.5973247389102011 2.760542967364797
0.5973247389102011 2.760542967364797
0.5973247389102011 2.760542967364797
0.5973247389102011 2.7351124919675853
0.5973247389102011 2.7742752441156107
0.531358727724137 3.0903092110237003
0.531358727724137 3.0903092110237003
0.531358727724137 3.0903092110237003
0.531358727724137 3.0903092110237003
0.531358727724137 3.0903092110237003
0.531358727724137 3.0903092110237003
0.531358727724137 3.0903092110237003
0.531358727724137 3.0903092110237003
0.531358727724137 3.0903092110237003
0.531358727724137 3.0903092110237003
0.531358727724137 3.0903092110237003
0.531358727724137 3.0903092110237003
0.531358727724137 3.0903092110237003
0.531358727724137 3.0903092110237003
0.531358727724137 3.0903092110237003
0.531358727724137 3.0903092110237003
0.531358727724137 3.0903092110237003
0.531358727724137 3.0903092110237003
0.531358727724137 3.0903092110237003
0.531358727724137 3.0903092110237003
0.531358727724137 3.0903092110237003
0.531358727724137 3.0903092110237003
0.531358727724137 3.0903092110237003
0.531358727724137 3.0903092110237003
0.531358727724137 3.0903092110237003
0.531358727724137 3.0903092110237003
0.531358727724137 3.0903092110237003
0.531358727724137 3.0903092110237003
0.531358727724137 3.0903092110237003
0.531358727724137 3.0903092110237003
0.531358727724137 3.0903092110237003
0.531358727724137 3.1133986040897565
0.531358727724137 3.0903092110237003
0.531358727724137 3.0903092110237003
0.531358727724137 3.0991973861263915
0.534225858840087 2.57354493530027
0.534225858840087 2.57354493530027
0.534225858840087 2.57354493530027
0.534225858840087 2.57354493530027
0.534225858840087 2.57354493530027
0.534225858840087 2.57354493530027
0.40884089425168013 3.15440389102334
0.40884089425168013 3.15440389102334
0.40884089425168013 3.130059708074999
0.40884089425168013 3.130059708074999
0.40884089425168013 3.130059708074999
0.40884089425168013 3.130059708074999
0.40884089425168013 3.130059708074999
0.40884089425168013 3.15440389102334
0.40884089425168013 3.15440389102334
0.40884089425168013 3.15440389102334
0.40884089425168013 3.15440389102334
0.40884089425168013 3.15440389102334
0.40884089425168013 3.15440389102334
0.40884089425168013 3.15440389102334
0.40884089425168013 3.15440389102334
0.40884089425168013 3.15440389102334
0.40884089425168013 3.15440389102334
0.40884089425168013 3.15440389102334
0.40884089425168013 3.15440389102334
0.40884089425168013 3.15440389102334
0.40884089425168013 3.15440389102334
0.40884089425168013 3.15440389102334
0.40884089425168013 3.15440389102334
0.40884089425168013 3.15440389102334
0.40884089425168013 3.15440389102334
0.40884089425168013 3.15440389102334
0.40884089425168013 3.15440389102334
0.40884089425168013 3.15440389102334
0.40884089425168013 3.15440389102334
0.40884089425168013 3.15440389102334
0.40884089425168013 3.1553496520212687
0.40884089425168013 3.130059708074999
0.40884089425168013 3.1444609595881907
0.40884089425168013 3.14626303151993
0.40884089425168013 3.1522679954479305
0.40884089425168013 3.1522679954479305
0.40884089425168013 3.175029687929936
0.40884089425168013 3.1421975714439414
0.40884089425168013 3.1421975714439414
0.40884089425168013 3.1421975714439414
0.40884089425168013 3.1421975714439414
0.40884089425168013 3.1421975714439414
0.40884089425168013 3.15440389102334
0.40884089425168013 3.140094785688762
0.40884089425168013 3.1655128679921822
0.40884089425168013 3.119585277399319
0.42707491818041327 3.118676082671867
0.42707491818041327 3.118676082671867
0.42707491818041327 3.118676082671867
0.42707491818041327 3.118676082671867
0.42707491818041327 3.118676082671867
0.42707491818041327 3.118676082671867
0.42707491818041327 3.118676082671867
0.42707491818041327 3.118676082671867
0.42707491818041327 3.118676082671867
0.42707491818041327 3.118676082671867
0.42707491818041327 3.118676082671867
0.42707491818041327 3.118676082671867
0.42707491818041327 3.118676082671867
0.35220044037562476 3.286792236423696
0.35220044037562476 3.286792236423696
0.35220044037562476 3.286792236423696
0.35220044037562476 3.286792236423696
0.35220044037562476 3.286792236423696
0.35220044037562476 3.286792236423696
0.35220044037562476 3.2712275212670496
0.35220044037562476 3.2712275212670496
0.35220044037562476 3.2712275212670496
0.35220044037562476 3.2712275212670496
0.35220044037562476 3.286792236423696
0.35220044037562476 3.286792236423696
0.35220044037562476 3.286792236423696
0.35220044037562476 3.286792236423696
0.35220044037562476 3.286792236423696
0.35220044037562476 3.286792236423696
0.35220044037562476 3.286792236423696
0.35220044037562476 3.286792236423696
0.35220044037562476 3.286792236423696
0.35220044037562476 3.286792236423696
0.35220044037562476 3.286792236423696
0.35220044037562476 3.286792236423696
0.35220044037562476 3.286792236423696
0.35220044037562476 3.286792236423696
0.35220044037562476 3.286792236423696
0.35220044037562476 3.286792236423696
0.35220044037562476 3.286792236423696
0.35220044037562476 3.286792236423696
0.35220044037562476 3.286792236423696
0.35220044037562476 3.286792236423696
0.35220044037562476 3.286792236423696
0.35220044037562476 3.28857934002135
0.35220044037562476 3.2876857800006385
0.35220044037562476 3.2876857800006385
0.35220044037562476 3.2712275212670496
0.35220044037562476 3.2712275212670496
0.38153965261111544 3.1723888352313327
0.38153965261111544 3.1723888352313327
0.38153965261111544 3.1723964197358296
0.38153965261111544 3.1723964197358296
0.38153965261111544 3.1723964197358296
0.38153965261111544 3.1723964197358296
0.3707528371253319 3.1526666767290394
0.3707528371253319 3.1526666767290394
0.3707528371253319 3.1526666767290394
0.3707528371253319 3.1526666767290394
0.3707528371253319 3.1526666767290394
0.3707528371253319 3.1526666767290394
0.3707528371253319 3.1526666767290394
0.3707528371253319 3.1526666767290394
0.3707528371253319 3.1526666767290394
0.3599660216395484 3.1644011557008427
0.3599660216395484 3.1644011557008427
0.3599660216395484 3.1644011557008427
0.3599660216395484 3.1644011557008427
0.3599660216395484 3.1644011557008427
0.3599660216395484 3.1644011557008427
0.3599660216395484 3.1644011557008427
0.30331604599242845 3.3289764186519193
0.26412962126514805 3.2731181277099974
0.26412962126514805 3.2731181277099974
0.26412962126514805 3.2731181277099974
0.26412962126514805 3.2731181277099974
0.26412962126514805 3.2602513794652674
0.26412962126514805 3.2602513794652674
0.26412962126514805 3.2602513794652674
0.26412962126514805 3.2602513794652674
0.26412962126514805 3.2602513794652674
0.26412962126514805 3.2247683689644813
0.26412962126514805 3.2247683689644813
0.26412962126514805 3.2602513794652674
0.22494319653786765 3.207656775305385
0.22494319653786765 3.207656775305385
0.22494319653786765 3.2049138649931126
0.22494319653786765 3.2049138649931126
0.22494319653786765 3.2025421905669855
0.22494319653786765 3.2025421905669855
0.22494319653786765 3.2025421905669855
0.22494319653786765 3.2025421905669855
0.22494319653786765 3.2025421905669855
0.22494319653786765 3.2025421905669855
0.22494319653786765 3.2025421905669855
0.22494319653786765 3.207656775305385
0.22494319653786765 3.207656775305385
0.22494319653786765 3.207656775305385
0.22494319653786765 3.207656775305385
0.22494319653786765 3.207656775305385
0.22494319653786765 3.207656775305385
0.22494319653786765 3.207656775305385
0.22494319653786765 3.207656775305385
0.22494319653786765 3.207656775305385
0.22494319653786765 3.207656775305385
0.22494319653786765 3.207656775305385
0.22494319653786765 3.207656775305385
0.22494319653786765 3.207656775305385
0.22494319653786765 3.207656775305385
0.22494319653786765 3.207656775305385
0.22494319653786765 3.207656775305385
0.22494319653786765 3.207656775305385
0.22494319653786765 3.207656775305385
0.22494319653786765 3.207656775305385
0.22494319653786765 3.271550725251389
0.22494319653786765 3.2049138649931126
0.22494319653786765 3.2025421905669855
0.22494319653786765 3.2025421905669855
0.22494319653786765 3.274111056322284
0.22494319653786765 3.274111056322284
0.22494319653786765 3.2050994247484796
0.22494319653786765 3.22211569742721
0.22494319653786765 3.22211569742721
0.15738379633567026 3.6446099821785136
0.15738379633567026 3.6446099821785136
0.15738379633567026 3.6446099821785136
0.15738379633567026 3.6446099821785136
0.15738379633567026 3.6446099821785136
0.15738379633567026 3.6446099821785136
0.15738379633567026 3.6446099821785136
0.15738379633567026 3.6446099821785136
0.15738379633567026 3.6446099821785136
0.15738379633567026 3.6446099821785136
0.15738379633567026 3.6446099821785136
0.15738379633567026 3.6446099821785136
0.15738379633567026 3.7084834623525618
0.15738379633567026 3.7084834623525618
0.17203368716588963 3.3086278484229883
0.17203368716588963 3.3086278484229883
0.14592332034780742 3.3312081557523023
0.14592332034780742 3.3312081557523023
0.14592332034780742 3.3284805847191397
0.14592332034780742 3.3284805847191397
0.14592332034780742 3.3284805847191397
0.14592332034780742 3.3284805847191397
0.14592332034780742 3.300788699566683
0.14592332034780742 3.300788699566683
0.14592332034780742 3.300788699566683
0.14592332034780742 3.300788699566683
0.14592332034780742 3.300788699566683
0.14592332034780742 3.300788699566683
0.14592332034780742 3.3312081557523023
0.14592332034780742 3.3312081557523023
0.14592332034780742 3.3312081557523023
0.14415717579926363 3.454632514215444
0.14415717579926363 3.454632514215444
0.14415717579926363 3.454632514215444
0.1433238828681003 3.4784305763110503
0.1433238828681003 3.4784305763110503
0.1433238828681003 3.4784305763110503
0.1433238828681003 3.4784305763110503
0.1433238828681003 3.4784305763110503
0.14072444538839318 3.6262319089893063
0.14072444538839318 3.6262319089893063
0.14072444538839318 3.6262319089893063
0.11981295352972521 3.3592473624868293
0.12060468378517686 3.8435392526483456
0.12060468378517686 3.8435392526483456
0.12060468378517686 3.8435392526483456
0.12060468378517686 3.8435392526483456
0.12060468378517686 3.8435392526483456
0.12060468378517686 3.8435392526483456
0.10754950037613575 3.871019270100528
0.10754950037613575 3.871019270100528
0.10754950037613575 3.871019270100528
0.10754950037613575 3.871019270100528
0.10713285391055409 3.879350960512564
0.10401721127904814 4.124951743599728
0.10271749253919459 4.308888626235713
0.0952860472225463 4.386385011032298
