0.06770770935005266 4.851741894342058
0.5816034441272874 2.657507886181263
0.06770770935005266 4.851741894342058
0.06770770935005266 4.8486558450806365
0.06770770935005266 4.8486558450806365
0.06770770935005266 4.8486558450806365
0.06770770935005266 4.839263646565246
0.06770770935005266 4.839263646565246
0.06770770935005266 4.8266631157250846
0.24895737005957114 4.021074021815968
0.24895737005957114 4.00220774872361
0.24895737005957114 4.00220774872361
0.24895737005957114 4.00220774872361
0.24895737005957114 4.00220774872361
0.24895737005957114 3.966229094354197
0.24895737005957114 3.966229094354197
0.37637533266678813 3.971484677000184
0.37637533266678813 3.971484677000184
0.37637533266678813 3.971484677000184
0.37637533266678813 3.971484677000184
0.37637533266678813 3.971484677000184
0.37637533266678813 3.971484677000184
0.37637533266678813 3.971484677000184
0.37637533266678813 3.971484677000184
0.37637533266678813 3.971484677000184
0.37637533266678813 3.971484677000184
0.37637533266678813 3.971484677000184
0.37637533266678813 3.971484677000184
0.37637533266678813 3.971484677000184
0.37637533266678813 3.971484677000184
0.37637533266678813 3.935862032079914
0.37637533266678813 3.935862032079914
0.37637533266678813 3.9219833322892095
0.37637533266678813 3.9219833322892095
0.37637533266678813 3.9219833322892095
0.3753113837640313 3.920689781451373
0.3753113837640313 3.920689781451373
0.3753113837640313 3.920689781451373
0.3753113837640313 3.920689781451373
0.3753113837640313 3.9022055438553918
0.3753113837640313 3.9022055438553918
0.3753113837640313 3.9022055438553918
0.3753113837640313 3.9022055438553918
0.3753113837640313 3.9022055438553918
0.3753113837640313 3.9022055438553918
0.3753113837640313 3.9022055438553918
0.3753113837640313 3.9022055438553918
0.3753113837640313 3.9022055438553918
0.3753113837640313 3.9022055438553918
0.37665937888488255 3.8798284864912205
0.37665937888488255 3.8416480501142503
0.37665937888488255 3.8416480501142503
0.5139709584770243 3.629764227216112
0.5139709584770243 3.629764227216112
0.5139709584770243 3.629764227216112
0.5139709584770243 3.629764227216112
0.5139709584770243 3.629764227216112
0.5139709584770243 3.629764227216112
0.5139709584770243 3.629764227216112
0.5139709584770243 3.629764227216112
0.5139709584770243 3.629764227216112
0.5139709584770243 3.629764227216112
0.5139709584770243 3.629764227216112
0.5139709584770243 3.629764227216112
0.5139709584770243 3.629764227216112
0.5139709584770243 3.629764227216112
0.5139709584770243 3.629764227216112
0.5139709584770243 3.629764227216112
0.5139709584770243 3.629764227216112
0.5139709584770243 3.629764227216112
0.5139709584770243 3.629764227216112
0.5139709584770243 3.629764227216112
0.5139709584770243 3.629764227216112
0.5139709584770243 3.629764227216112
0.5139709584770243 3.629764227216112
0.5139709584770243 3.629764227216112
0.5139709584770243 3.629764227216112
0.5139709584770243 3.629764227216112
0.5139709584770243 3.629764227216112
0.5139709584770243 3.629764227216112
0.5139709584770243 3.629764227216112
0.5139709584770243 3.629764227216112
0.5139709584770243 3.629764227216112
0.5139709584770243 3.6512822411595782
0.5139709584770243 3.629764227216112
0.5139709584770243 3.621998760655644
0.5139709584770243 3.621998760655644
0.5139709584770243 3.621998760655644
0.5139709584770243 3.620286935154936
0.5139709584770243 3.617994589850686
0.5139709584770243 3.617994589850686
0.5139709584770243 3.6287594301138246
0.5139709584770243 3.6287594301138246
0.5139709584770243 3.621998760655644
0.5139709584770243 3.621998760655644
0.5139709584770243 3.621998760655644
0.5139709584770243 3.621998760655644
0.5139709584770243 3.621998760655644
0.5139709584770243 3.6250253476761305
0.5139709584770243 3.621998760655644
0.5139709584770243 3.621998760655644
0.5139709584770243 3.6273947291154016
0.5139709584770243 3.629764227216112
0.5139709584770243 3.621998760655644
0.5139709584770243 3.621998760655644
0.5139709584770243 3.621998760655644
0.4120143051852206 3.6436676433225053
0.4120143051852206 3.6436676433225053
0.4120143051852206 3.628109537568587
0.4120143051852206 3.5922712835948514
0.4120143051852206 3.5922712835948514
0.4120143051852206 3.5922712835948514
0.4120143051852206 3.5922712835948514
0.4120143051852206 3.5922712835948514
0.4120143051852206 3.5922712835948514
0.4120143051852206 3.5922712835948514
0.4120143051852206 3.5922712835948514
0.4120143051852206 3.5922712835948514
0.4120143051852206 3.5922712835948514
0.4120143051852206 3.5922712835948514
0.4120143051852206 3.5922712835948514
0.4120143051852206 3.5922712835948514
0.4120143051852206 3.5922712835948514
0.4120143051852206 3.5922712835948514
0.4120143051852206 3.5922712835948514
0.4120143051852206 3.5922712835948514
0.4120143051852206 3.5922712835948514
0.4120143051852206 3.5922712835948514
0.4120143051852206 3.5922712835948514
0.4120143051852206 3.628109537568587
0.4120143051852206 3.628109537568587
0.4120143051852206 3.628109537568587
0.4120143051852206 3.628109537568587
0.4120143051852206 3.628109537568587
0.4120143051852206 3.628109537568587
0.4120143051852206 3.628109537568587
0.4120143051852206 3.628109537568587
0.4120143051852206 3.628109537568587
0.4120143051852206 3.5922712835948514
0.4120143051852206 3.5922712835948514
0.4120143051852206 3.5922712835948514
0.4120143051852206 3.578381316035259
0.4120143051852206 3.614116195848986
0.4120143051852206 3.5922712835948514
0.4120143051852206 3.6101873240049147
0.4120143051852206 3.6101873240049147
0.4120143051852206 3.6101873240049147
0.4120143051852206 3.6101873240049147
0.4120143051852206 3.5732150623825145
0.4120143051852206 3.57436145484343
0.4120143051852206 3.57436145484343
0.4120143051852206 3.583315590339613
0.4120143051852206 3.581490091086637
0.4120143051852206 3.6010685467568844
0.4120143051852206 3.6010685467568844
0.4120143051852206 3.6010685467568844
0.4120143051852206 3.628109537568587
0.3928278670126823 3.6280310495049313
0.3928278670126823 3.6280310495049313
0.3928278670126823 3.6280310495049313
0.3928278670126823 3.6280310495049313
0.3928278670126823 3.6280310495049313
0.3928278670126823 3.6280310495049313
0.3928278670126823 3.6280310495049313
0.3928278670126823 3.6280310495049313
0.3928278670126823 3.6280310495049313
0.3928278670126823 3.6280310495049313
0.3928278670126823 3.6280310495049313
0.3928278670126823 3.6280310495049313
0.3928278670126823 3.6280310495049313
0.3928278670126823 3.6280310495049313
0.3928278670126823 3.6280310495049313
0.3928278670126823 3.6280310495049313
0.3928278670126823 3.6280310495049313
0.423175862573849 2.7625408669720444
0.423175862573849 2.7625408669720444
0.5119328909795087 3.407044502915001
0.5119328909795087 3.407044502915001
0.5119328909795087 3.407044502915001
0.5119328909795087 3.407044502915001
0.5119328909795087 3.407044502915001
0.5119328909795087 3.407044502915001
0.423175862573849 2.757976477931436
0.423175862573849 2.757976477931436
0.423175862573849 2.7788192207993245
0.423175862573849 2.76934776571617
0.423175862573849 2.757976477931436
0.423175862573849 2.773046153714148
0.423175862573849 2.773046153714148
0.423175862573849 2.755007454091278
0.22171090608565386 3.2282539579107126
0.22171090608565386 3.2282539579107126
0.22171090608565386 3.2282539579107126
0.4136629415205668 3.2474291546048955
0.4136629415205668 3.237146954724958
0.4136629415205668 3.237146954724958
0.4136629415205668 3.2360640015520015
0.4136629415205668 3.2271025464204897
0.4136629415205668 3.2271025464204897
0.4136629415205668 3.2271025464204897
0.4136629415205668 3.199299608858956
0.22171090608565386 3.212426140406438
0.22171090608565386 3.212426140406438
0.22171090608565386 3.212426140406438
0.22171090608565386 3.212426140406438
0.22171090608565386 3.1887266209268708
0.22171090608565386 3.1887266209268708
0.22171090608565386 3.170999609173973
0.22171090608565386 3.170999609173973
0.22171090608565386 3.170999609173973
0.22171090608565386 3.170999609173973
0.22171090608565386 3.170999609173973
0.4136629415205668 3.237146954724958
0.4136629415205668 3.237146954724958
0.4136629415205668 3.237146954724958
0.4136629415205668 3.2474291546048955
0.4136629415205668 3.2474291546048955
0.4136629415205668 3.2474291546048955
0.4136629415205668 3.2474291546048955
0.4136629415205668 3.2474291546048955
0.2585620770662476 3.049992721746318
0.2585620770662476 3.049992721746318
0.2585620770662476 3.049992721746318
0.2585620770662476 3.049992721746318
0.2585620770662476 3.049992721746318
0.2585620770662476 3.049992721746318
0.2585620770662476 3.0150275397568986
0.2585620770662476 3.0150275397568986
0.2585620770662476 3.0103615149679768
0.2585620770662476 3.0103615149679768
0.2585620770662476 3.0103615149679768
0.2585620770662476 3.0103615149679768
0.2585620770662476 3.0103615149679768
0.2585620770662476 3.0088606335462003
0.2585620770662476 3.0088606335462003
0.2585620770662476 3.0088606335462003
0.2585620770662476 3.0088606335462003
0.2585620770662476 3.0088606335462003
0.2585620770662476 2.9853455395845385
0.2585620770662476 2.9853455395845385
0.2585620770662476 2.9853455395845385
0.2585620770662476 2.9853455395845385
0.2585620770662476 2.9853455395845385
0.2585620770662476 2.9853455395845385
0.2585620770662476 3.0103615149679768
0.2585620770662476 3.0103615149679768
0.2585620770662476 3.0150275397568986
0.2585620770662476 3.0150275397568986
0.2585620770662476 3.0150275397568986
0.2585620770662476 3.0150275397568986
0.2585620770662476 3.0150275397568986
0.2585620770662476 3.0150275397568986
0.2585620770662476 3.0150275397568986
0.2585620770662476 3.0150275397568986
0.2585620770662476 3.0150275397568986
0.2585620770662476 3.0150275397568986
0.2585620770662476 3.0103615149679768
0.2585620770662476 3.0103615149679768
0.2585620770662476 3.0183726683034418
0.2585620770662476 3.0150275397568986
0.2585620770662476 3.021344219364092
0.2585620770662476 3.0088606335462003
0.2585620770662476 3.0088606335462003
0.2585620770662476 3.0165599480711656
0.2585620770662476 3.033148215121294
0.2585620770662476 3.033148215121294
0.2585620770662476 3.0135770656907677
0.2585620770662476 3.0135770656907677
0.2585620770662476 2.9997554269101574
0.2585620770662476 3.0088606335462003
0.2585620770662476 2.9818172089127395
0.2585620770662476 3.0100305957408544
0.2585620770662476 3.0100305957408544
0.2585620770662476 2.991836336739925
0.2585620770662476 2.991836336739925
0.2585620770662476 3.002886752183263
0.2585620770662476 3.002886752183263
0.2585620770662476 3.0208187109426134
0.2218433973337491 3.0821782948318894
0.2218433973337491 3.0821782948318894
0.2218433973337491 3.0662928852910296
0.2218433973337491 3.0662928852910296
0.2218433973337491 3.0662928852910296
0.2218433973337491 3.068757549494673
0.2218433973337491 3.068757549494673
0.2218433973337491 3.068757549494673
0.2218433973337491 3.068757549494673
0.2218433973337491 3.0821782948318894
0.2218433973337491 3.0821782948318894
0.2218433973337491 3.0821782948318894
0.2218433973337491 3.0821782948318894
0.2218433973337491 3.0821782948318894
0.2218433973337491 3.0821782948318894
0.2218433973337491 3.0821782948318894
0.2218433973337491 3.1100266911398258
0.2218433973337491 3.1100266911398258
0.2218433973337491 3.1100266911398258
0.2218433973337491 3.1100266911398258
0.2218433973337491 3.1100266911398258
0.2218433973337491 3.1100266911398258
0.2218433973337491 3.1100266911398258
0.2218433973337491 3.1100266911398258
0.2218433973337491 3.1100266911398258
0.2218433973337491 3.1100266911398258
0.2218433973337491 3.1100266911398258
0.2218433973337491 3.1100266911398258
0.2218433973337491 3.0821782948318894
0.2218433973337491 3.0821782948318894
0.2218433973337491 3.068757549494673
0.2218433973337491 3.068757549494673
0.2218433973337491 3.0893881522703146
0.2218433973337491 3.0933664206410243
0.2218433973337491 3.0933664206410243
0.2218433973337491 3.091763178865053
0.2218433973337491 3.0968499885341196
0.2218433973337491 3.096100691674376
0.2218433973337491 3.061799463268146
0.2218433973337491 3.0601109620086238
0.2218433973337491 3.076343520445177
0.2218433973337491 3.0583195291541267
0.2218433973337491 3.0333081958723906
0.29126139630464737 3.22183580418116
0.29126139630464737 3.22183580418116
0.2218433973337491 3.084474734611836
0.2218433973337491 3.110434361296946
0.1397208660202437 3.4356713283492906
0.1397208660202437 3.4356713283492906
0.1397208660202437 3.4356713283492906
0.1397208660202437 3.419007563684402
0.1397208660202437 3.419007563684402
0.1397208660202437 3.419007563684402
0.1397208660202437 3.419007563684402
0.1397208660202437 3.419007563684402
0.1397208660202437 3.419007563684402
0.1397208660202437 3.419007563684402
0.1397208660202437 3.412943326185487
0.1397208660202437 3.412943326185487
0.1397208660202437 3.412943326185487
0.1397208660202437 3.412943326185487
0.1397208660202437 3.412943326185487
0.1397208660202437 3.4099113902329576
0.1397208660202437 3.4053683142877813
0.1397208660202437 3.4053683142877813
0.1397208660202437 3.4053683142877813
0.1397208660202437 3.3952578396742723
0.1397208660202437 3.3952578396742723
0.1397208660202437 3.382851736565359
0.1397208660202437 3.3528341663343846
0.1397208660202437 3.3528341663343846
0.1397208660202437 3.3528341663343846
0.1397208660202437 3.3528341663343846
0.1397208660202437 3.3528341663343846
0.1397208660202437 3.3528341663343846
0.1397208660202437 3.3528341663343846
0.1397208660202437 3.3528341663343846
0.1397208660202437 3.3528341663343846
0.1397208660202437 3.3528341663343846
0.1397208660202437 3.3528341663343846
0.1397208660202437 3.382851736565359
0.1397208660202437 3.4053683142877813
0.1397208660202437 3.419007563684402
0.1397208660202437 3.419007563684402
0.1397208660202437 3.419007563684402
0.1397208660202437 3.412943326185487
0.1397208660202437 3.412943326185487
0.1397208660202437 3.412943326185487
0.1397208660202437 3.412943326185487
0.10395188712041858 3.4786434367087202
0.10395188712041858 3.4786434367087202
0.10395188712041858 3.4449438410062005
0.10395188712041858 3.4449438410062005
0.10395188712041858 3.4449438410062005
0.10395188712041858 3.4449438410062005
0.10395188712041858 3.4449438410062005
0.10395188712041858 3.4449438410062005
0.10395188712041858 3.431065123140509
0.10395188712041858 3.420015023351158
0.10395188712041858 3.420015023351158
0.10395188712041858 3.420015023351158
0.10395188712041858 3.431065123140509
0.10395188712041858 3.4449438410062005
0.10395188712041858 3.4786434367087202
0.10395188712041858 3.4786434367087202
0.10395188712041858 3.4786434367087202
0.10395188712041858 3.4786434367087202
0.10395188712041858 3.4786434367087202
0.10395188712041858 3.4786434367087202
0.10395188712041858 3.4786434367087202
0.10395188712041858 3.4786434367087202
0.10395188712041858 3.4786434367087202
0.10395188712041858 3.4786434367087202
0.10395188712041858 3.4786434367087202
0.10395188712041858 3.4786434367087202
0.10395188712041858 3.4786434367087202
0.10395188712041858 3.4786434367087202
0.10515082452261554 4.052345660459538
0.10515082452261554 4.052345660459538
0.10515082452261554 4.054801648532658
0.045359278288701704 4.1642366839008655
0.045359278288701704 4.1642366839008655
0.045359278288701704 4.1642366839008655
0.045359278288701704 4.1642366839008655
0.045359278288701704 4.1642366839008655
0.045359278288701704 4.1642366839008655
0.045359278288701704 4.1642366839008655
0.045359278288701704 4.1642366839008655
