0.19974953243696192 4.692814533754918
0.19974953243696192 4.666965229445006
0.19974953243696192 4.6614018254873155
0.19974953243696192 4.6614018254873155
0.19974953243696192 4.6614018254873155
0.19974953243696192 4.6614018254873155
0.37692970089299704 3.4976850934404426
0.37692970089299704 3.4976850934404426
0.37692970089299704 3.4705450221777054
0.37692970089299704 3.4705450221777054
0.40676470198968795 3.387398465428473
0.40676470198968795 3.387398465428473
0.40676470198968795 3.387398465428473
0.40676470198968795 3.387398465428473
0.40676470198968795 3.387398465428473
0.40676470198968795 3.387398465428473
0.40676470198968795 3.3861688820053795
0.40676470198968795 3.387398465428473
0.40676470198968795 3.377084690120805
0.40676470198968795 3.3534968172154525
0.40676470198968795 3.334331111528792
0.19974953243696192 4.6044301253846704
0.19974953243696192 4.6044301253846704
0.19974953243696192 4.6044301253846704
0.19974953243696192 4.6044301253846704
0.400110340996759 3.34562399812258
0.3990887858024471 3.3474451234796208
0.3990887858024471 3.3474451234796208
0.3990887858024471 3.3474451234796208
0.3990887858024471 3.3474451234796208
0.3990887858024471 3.3474451234796208
0.3934559800038301 3.3323327779128684
0.3934559800038301 3.3323327779128684
0.3934559800038301 3.3323327779128684
0.3934559800038301 3.3323327779128684
0.3934559800038301 3.3323327779128684
0.3934559800038301 3.3323327779128684
0.3934559800038301 3.3323327779128684
0.3934559800038301 3.3323327779128684
0.3934559800038301 3.309543394868255
0.3934559800038301 3.309543394868255
0.3934559800038301 3.309543394868255
0.5089711535951915 3.749401119010914
0.5089711535951915 3.749401119010914
0.49932333788434996 3.743973819444716
0.49932333788434996 3.743973819444716
0.49932333788434996 3.743973819444716
0.49932333788434996 3.743973819444716
0.49932333788434996 3.743973819444716
0.49932333788434996 3.743973819444716
0.49932333788434996 3.743973819444716
0.49932333788434996 3.743973819444716
0.49932333788434996 3.743973819444716
0.49932333788434996 3.743973819444716
0.49932333788434996 3.743973819444716
0.49932333788434996 3.743973819444716
0.49932333788434996 3.743973819444716
0.49932333788434996 3.743973819444716
0.49932333788434996 3.743973819444716
0.49932333788434996 3.743973819444716
0.49932333788434996 3.743973819444716
0.49932333788434996 3.743973819444716
0.49932333788434996 3.743973819444716
0.49932333788434996 3.743973819444716
0.49932333788434996 3.743973819444716
0.49932333788434996 3.743973819444716
0.49932333788434996 3.743973819444716
0.49932333788434996 3.743973819444716
0.49932333788434996 3.743973819444716
0.5240237874667011 2.585498210615889
0.5240237874667011 2.585498210615889
0.5240237874667011 2.585498210615889
0.5240237874667011 2.585498210615889
0.5240237874667011 2.585498210615889
0.4542518790388632 3.7236428680988283
0.5240237874667011 2.585498210615889
0.5240237874667011 2.585498210615889
0.5240237874667011 2.585498210615889
0.5240237874667011 2.585498210615889
0.5240237874667011 2.585498210615889
0.5240237874667011 2.585498210615889
0.5240237874667011 2.585498210615889
0.5240237874667011 2.585498210615889
0.5240237874667011 2.585498210615889
0.5240237874667011 2.585498210615889
0.5240237874667011 2.585498210615889
0.5240237874667011 2.585498210615889
0.5240237874667011 2.585498210615889
0.5240237874667011 2.585498210615889
0.5240237874667011 2.585498210615889
0.5240237874667011 2.585498210615889
0.5240237874667011 2.585498210615889
0.5240237874667011 2.585498210615889
0.5240237874667011 2.585498210615889
0.5240237874667011 2.585498210615889
0.5240237874667011 2.585498210615889
0.5240237874667011 2.585498210615889
0.5240237874667011 2.585498210615889
0.5240237874667011 2.585498210615889
0.5240237874667011 2.6209640409015673
0.5240237874667011 2.574678731460901
0.5240237874667011 2.585498210615889
0.5240237874667011 2.5887327507380684
0.5240237874667011 2.5887327507380684
0.5240237874667011 2.5887327507380684
0.5240237874667011 2.5720992670258123
0.5240237874667011 2.632344454975946
0.5240237874667011 2.5827057786452996
0.5240237874667011 2.5827057786452996
0.5240237874667011 2.5827057786452996
0.5240237874667011 2.579773106813729
0.5240237874667011 2.6426964353500426
0.5240237874667011 2.6426964353500426
0.5240237874667011 2.6389204563697417
0.5240237874667011 2.6389204563697417
0.5240237874667011 2.6389204563697417
0.5827219162001114 3.1274456155999397
0.5827219162001114 3.1274456155999397
0.574800416140376 3.14133792585142
0.574800416140376 3.14133792585142
0.574800416140376 3.14133792585142
0.574800416140376 3.14133792585142
0.574800416140376 3.14133792585142
0.574800416140376 3.14133792585142
0.574800416140376 3.14133792585142
0.574800416140376 3.14133792585142
0.574800416140376 3.14133792585142
0.574800416140376 3.14133792585142
0.574800416140376 3.1695431238887073
0.574800416140376 3.1695431238887073
0.574800416140376 3.1695431238887073
0.404879770579345 2.942566287807161
0.404879770579345 2.942566287807161
0.404879770579345 2.942566287807161
0.404879770579345 2.942566287807161
0.404879770579345 2.942566287807161
0.404879770579345 2.942566287807161
0.404879770579345 2.942566287807161
0.404879770579345 2.942566287807161
0.404879770579345 2.9411413086067704
0.404879770579345 2.9411413086067704
0.404879770579345 2.9411413086067704
0.404879770579345 2.9411413086067704
0.404879770579345 2.9411413086067704
0.404879770579345 2.921419685830366
0.404879770579345 2.921419685830366
0.404879770579345 2.921419685830366
0.404879770579345 2.921419685830366
0.404879770579345 2.921419685830366
0.404879770579345 2.921419685830366
0.404879770579345 2.921419685830366
0.404879770579345 2.921419685830366
0.404879770579345 2.9154417962768346
0.404879770579345 2.9154417962768346
0.404879770579345 2.9154417962768346
0.404879770579345 2.9154417962768346
0.404879770579345 2.9154417962768346
0.404879770579345 2.9154417962768346
0.404879770579345 2.8951345171809564
0.404879770579345 2.8871322991518813
0.404879770579345 2.8679289494041393
0.404879770579345 2.8679289494041393
0.404879770579345 2.8679289494041393
0.404879770579345 2.8679289494041393
0.404879770579345 2.8679289494041393
0.404879770579345 2.8679289494041393
0.404879770579345 2.8679289494041393
0.404879770579345 2.8679289494041393
0.404879770579345 2.8679289494041393
0.404879770579345 2.8679289494041393
0.404879770579345 2.8679289494041393
0.404879770579345 2.8679289494041393
0.404879770579345 2.8679289494041393
0.404879770579345 2.8679289494041393
0.404879770579345 2.8679289494041393
0.404879770579345 2.8679289494041393
0.404879770579345 2.8679289494041393
0.404879770579345 2.8679289494041393
0.404879770579345 2.8679289494041393
0.404879770579345 2.8679289494041393
0.404879770579345 2.8871322991518813
0.404879770579345 2.8871322991518813
0.404879770579345 2.8871322991518813
0.404879770579345 2.8871322991518813
0.404879770579345 2.8871322991518813
0.404879770579345 2.8871322991518813
0.404879770579345 2.8871322991518813
0.404879770579345 2.8951345171809564
0.404879770579345 2.8871322991518813
0.404879770579345 2.8679289494041393
0.404879770579345 2.8794081468643076
0.404879770579345 2.8794081468643076
0.404879770579345 2.880000545951601
0.404879770579345 2.886927255500055
0.404879770579345 2.868466197020149
0.404879770579345 2.8698072042565785
0.404879770579345 2.883237122075726
0.404879770579345 2.883237122075726
0.404879770579345 2.889501514882968
0.404879770579345 2.857153197453247
0.404879770579345 2.857153197453247
0.404879770579345 2.888002184342148
0.404879770579345 2.888002184342148
0.404879770579345 2.8972671442745637
0.404879770579345 2.8521164880922454
0.404879770579345 2.8982402175534747
0.446567134467837 2.9955258055847294
0.446567134467837 2.9955258055847294
0.446567134467837 2.9955258055847294
0.446567134467837 2.9955258055847294
0.446567134467837 2.9955258055847294
0.446567134467837 2.9955258055847294
0.446567134467837 2.9955258055847294
0.446567134467837 2.9955258055847294
0.446567134467837 2.9955258055847294
0.446567134467837 2.9955258055847294
0.446567134467837 2.9955258055847294
0.446567134467837 2.9955258055847294
0.446567134467837 2.9955258055847294
0.446567134467837 2.9955258055847294
0.446567134467837 2.9955258055847294
0.446567134467837 2.9955258055847294
0.446567134467837 2.9955258055847294
0.446567134467837 2.9955258055847294
0.446567134467837 2.9955258055847294
0.446567134467837 2.9955258055847294
0.446567134467837 2.9955258055847294
0.446567134467837 2.9955258055847294
0.446567134467837 2.9955258055847294
0.446567134467837 2.9955258055847294
0.446567134467837 2.9955258055847294
0.446567134467837 2.9955258055847294
0.446567134467837 2.9955258055847294
0.446567134467837 2.9955258055847294
0.446567134467837 2.9955258055847294
0.446567134467837 2.9955258055847294
0.38897611956337297 2.9187073982575193
0.38897611956337297 2.9187073982575193
0.38897611956337297 2.9187073982575193
0.38897611956337297 2.9187073982575193
0.38897611956337297 2.9187073982575193
0.34710296413808783 2.9073817091081224
0.34710296413808783 2.9073817091081224
0.34710296413808783 2.9073817091081224
0.34710296413808783 2.9073817091081224
0.34710296413808783 2.9073817091081224
0.34710296413808783 2.9073817091081224
0.34710296413808783 2.9073817091081224
0.34710296413808783 2.9073817091081224
0.34710296413808783 2.9073817091081224
0.34710296413808783 2.9073817091081224
0.3420700374414173 2.8321858525380597
0.3420700374414173 2.8321858525380597
0.3420700374414173 2.8321858525380597
0.3420700374414173 2.8321858525380597
0.3420700374414173 2.8321858525380597
0.3420700374414173 2.8321858525380597
0.3420700374414173 2.8321858525380597
0.2993197711620751 2.9077396804548106
0.2993197711620751 2.9077396804548106
0.2993197711620751 2.9077396804548106
0.2993197711620751 2.9077396804548106
0.2993197711620751 2.9077396804548106
0.2993197711620751 2.9077396804548106
0.2993197711620751 2.9077396804548106
0.2993197711620751 2.9077396804548106
0.2993197711620751 2.9077396804548106
0.2993197711620751 2.9077396804548106
0.2993197711620751 2.9077396804548106
0.2993197711620751 2.9077396804548106
0.2993197711620751 2.9077396804548106
0.2993197711620751 2.9077396804548106
0.2993197711620751 2.9077396804548106
0.2993197711620751 2.9077396804548106
0.2993197711620751 2.9077396804548106
0.2993197711620751 2.9077396804548106
0.2993197711620751 2.9077396804548106
0.2993197711620751 2.9077396804548106
0.2993197711620751 2.9077396804548106
0.2993197711620751 2.9077396804548106
0.2993197711620751 2.9077396804548106
0.2993197711620751 2.9077396804548106
0.2993197711620751 2.9077396804548106
0.2993197711620751 2.9077396804548106
0.2993197711620751 2.9077396804548106
0.24801380543548446 2.9876469653022046
0.24801380543548446 2.9876469653022046
0.24801380543548446 2.98343455024687
0.24801380543548446 2.981980896306188
0.24801380543548446 2.962477647057818
0.24801380543548446 2.962477647057818
0.24801380543548446 2.962477647057818
0.24801380543548446 2.962477647057818
0.24801380543548446 2.962477647057818
0.24801380543548446 2.962477647057818
0.24801380543548446 2.962477647057818
0.24801380543548446 2.962477647057818
0.24801380543548446 2.9475457203533755
0.24801380543548446 2.9340517975857643
0.24801380543548446 2.9340517975857643
0.24801380543548446 2.904276170166771
0.24801380543548446 2.904276170166771
0.24801380543548446 2.904276170166771
0.24801380543548446 2.9340517975857643
0.24801380543548446 2.9340517975857643
0.24801380543548446 2.9340517975857643
0.24801380543548446 2.9475457203533755
0.24801380543548446 2.9475457203533755
0.24801380543548446 2.9475457203533755
0.24801380543548446 2.9595057020817546
0.24801380543548446 2.962477647057818
0.2303765144601676 2.9308649078234206
0.20441675008559546 2.9932274876787788
0.20441675008559546 2.9932274876787788
0.20441675008559546 2.9932274876787788
0.20441675008559546 2.9932274876787788
0.16127857398012357 3.092814577241018
0.16127857398012357 3.0869357999455356
0.16127857398012357 3.0869357999455356
0.16127857398012357 3.0633360818772375
0.16127857398012357 3.0633360818772375
0.16127857398012357 3.0633360818772375
0.16127857398012357 3.0633360818772375
0.16127857398012357 3.0633360818772375
0.16127857398012357 3.0633360818772375
0.16127857398012357 3.0633360818772375
0.16127857398012357 3.0633360818772375
0.16127857398012357 3.0633360818772375
0.16127857398012357 3.0633360818772375
0.15221330996438898 3.2509836663700993
0.15221330996438898 3.2509836663700993
0.15221330996438898 3.2215403047523608
0.15221330996438898 3.2215403047523608
0.15221330996438898 3.2203044355110797
0.15221330996438898 3.2203044355110797
0.15221330996438898 3.2155828480758517
0.15221330996438898 3.2155828480758517
0.15221330996438898 3.1865035338059293
0.15221330996438898 3.1865035338059293
0.15221330996438898 3.1865035338059293
0.15221330996438898 3.1865035338059293
0.15221330996438898 3.1865035338059293
0.15221330996438898 3.1664556935592727
0.15221330996438898 3.1664556935592727
0.15221330996438898 3.1664556935592727
0.15221330996438898 3.1664556935592727
0.15221330996438898 3.1664556935592727
0.15221330996438898 3.1236757271689615
0.15221330996438898 3.1236757271689615
0.15221330996438898 3.096922261963454
0.15221330996438898 3.070686808161514
0.15221330996438898 3.070686808161514
0.15221330996438898 3.070686808161514
0.15221330996438898 3.070686808161514
0.15221330996438898 3.070686808161514
0.15221330996438898 3.070686808161514
0.15221330996438898 3.070686808161514
0.15221330996438898 3.070686808161514
0.15221330996438898 3.032248080336305
0.15221330996438898 3.032248080336305
0.15221330996438898 3.032248080336305
0.15221330996438898 3.032248080336305
0.15221330996438898 3.032248080336305
0.15221330996438898 3.032248080336305
0.15221330996438898 3.024829531865358
0.15221330996438898 3.024829531865358
0.15221330996438898 3.024829531865358
0.15221330996438898 3.0093295065910204
0.08460770812482912 3.5074247800248166
0.08460770812482912 3.5074247800248166
0.08460770812482912 3.5074247800248166
0.08460770812482912 3.5074247800248166
0.08460770812482912 3.5074247800248166
0.08460770812482912 3.5074247800248166
0.06668885676127789 3.563433113875816
0.06668885676127789 3.563433113875816
0.06668885676127789 3.510112185620386
0.06668885676127789 3.510112185620386
0.06668885676127789 3.510112185620386
0.06668885676127789 3.510112185620386
0.06668885676127789 3.563433113875816
0.05772943107950228 3.590376009276648
0.05772943107950228 3.590376009276648
0.05772943107950228 3.590376009276648
0.05772943107950228 3.590376009276648
0.054216817642471674 3.5934718428485537
0.053127455193522674 3.6144777051475545
0.053127455193522674 3.6144777051475545
0.04398463494410936 3.6793818439082417
0.04398463494410936 3.6793818439082417
0.04398463494410936 3.6793818439082417
0.03944379058067565 3.6807517102360263
0.03944379058067565 3.6807517102360263
0.03944379058067565 3.6807517102360263
0.03036210185380824 3.7608639152349648
0.03036210185380824 3.7608639152349648
0.03036210185380824 3.7608639152349648
0.025821257490374533 3.8031330614221677
0.025821257490374533 3.8031330614221677
0.025821257490374533 3.868483440843664
0.012198724400073413 3.9563491863886027
0.012198724400073413 3.9563491863886027
0.012198724400073413 3.9563491863886027
0.012198724400073413 3.9563491863886027
0.027707445058827607 4.158888283141322
0.027707445058827607 4.158888283141322
