0.5319960293264259 4.279390798266684
0.6612366916551904 3.812957641785503
0.8105595955265923 2.3957257804592507
0.5319960293264259 4.279390798266684
0.5319960293264259 4.279390798266684
0.8105595955265923 2.3839133654274596
0.5319960293264259 4.27930618934164
0.5319960293264259 4.27930618934164
0.8105595955265923 2.3424812346937696
0.8105595955265923 2.325381387966517
0.8105595955265923 2.325381387966517
0.8105595955265923 2.325381387966517
0.8105595955265923 2.325381387966517
0.9288158016473881 3.1876882798417268
0.9288158016473881 3.1876882798417268
0.9288158016473881 3.1876882798417268
0.9288158016473881 3.1876882798417268
0.9288158016473881 3.1876882798417268
0.9288158016473881 3.173104261219011
0.6887826833406429 3.8451128287942016
0.7224821448420465 3.4388627819026656
0.7224821448420465 3.4388627819026656
0.7224821448420465 3.4388627819026656
0.6385916264601683 3.45564298173819
0.6385916264601683 3.45564298173819
0.6385916264601683 3.45564298173819
0.6385916264601683 3.45564298173819
0.595207260967141 2.9963074953687685
0.595207260967141 2.9963074953687685
0.595207260967141 2.9963074953687685
0.595207260967141 2.9963074953687685
0.595207260967141 2.9877572388063265
0.595207260967141 2.977820208826383
0.595207260967141 2.977820208826383
0.595207260967141 2.977820208826383
0.595207260967141 2.9631838095364156
0.595207260967141 2.9631838095364156
0.595207260967141 2.9386349923005577
0.595207260967141 2.9386349923005577
0.595207260967141 2.9386349923005577
0.595207260967141 2.9386349923005577
0.595207260967141 2.9386349923005577
0.595207260967141 2.9386349923005577
0.595207260967141 2.9386349923005577
0.595207260967141 2.9027073589296677
0.595207260967141 2.9027073589296677
0.595207260967141 2.870574171679373
0.595207260967141 2.870574171679373
0.595207260967141 2.870574171679373
0.595207260967141 2.870574171679373
0.595207260967141 2.870574171679373
0.595207260967141 2.870574171679373
0.595207260967141 2.870574171679373
0.5915633808045411 2.8755963791759225
0.5915633808045411 2.822120504761897
0.5915633808045411 2.822120504761897
0.5915633808045411 2.822120504761897
0.5915633808045411 2.822120504761897
0.5915633808045411 2.822120504761897
0.5915633808045411 2.822120504761897
0.5915633808045411 2.822120504761897
0.5915633808045411 2.822120504761897
0.5915633808045411 2.822120504761897
0.5915633808045411 2.822120504761897
0.5915633808045411 2.822120504761897
0.5915633808045411 2.822120504761897
0.5915633808045411 2.822120504761897
0.5915633808045411 2.822120504761897
0.5915633808045411 2.822120504761897
0.5915633808045411 2.822120504761897
0.5915633808045411 2.822120504761897
0.5915633808045411 2.822120504761897
0.5915633808045411 2.822120504761897
0.5915633808045411 2.822120504761897
0.5915633808045411 2.822120504761897
0.5915633808045411 2.822120504761897
0.5915633808045411 2.822120504761897
0.5915633808045411 2.822120504761897
0.5915633808045411 2.822120504761897
0.5915633808045411 2.822120504761897
0.5915633808045411 2.822120504761897
0.5915633808045411 2.822120504761897
0.5915633808045411 2.822120504761897
0.5915633808045411 2.822120504761897
0.5915633808045411 2.822120504761897
0.6605912978107084 2.7064317158306057
0.6605912978107084 2.7064317158306057
0.6605912978107084 2.7064317158306057
0.6605912978107084 2.7064317158306057
0.6605912978107084 2.7064317158306057
0.6605912978107084 2.6914271690414044
0.6605912978107084 2.6914271690414044
0.6826480877903233 2.6722415269008026
0.6826480877903233 2.6722415269008026
0.6826480877903233 2.6722415269008026
0.6826480877903233 2.6722415269008026
0.6826480877903233 2.6722415269008026
0.6826480877903233 2.6722415269008026
0.6826480877903233 2.6722415269008026
0.6771338902954196 2.674075714515016
0.6771338902954196 2.674075714515016
0.6716196928005158 2.678742985219926
0.6716196928005158 2.678742985219926
0.6716196928005158 2.678742985219926
0.6716196928005158 2.678742985219926
0.6716196928005158 2.678742985219926
0.6716196928005158 2.678742985219926
0.6605912978107084 2.680923215303024
0.6605912978107084 2.6806088730698674
0.6605912978107084 2.665411429073511
0.6605912978107084 2.665411429073511
0.6605912978107084 2.6806088730698674
0.6605912978107084 2.680923215303024
0.6605912978107084 2.680923215303024
0.6605912978107084 2.680923215303024
0.6605912978107084 2.680923215303024
0.6605912978107084 2.680923215303024
0.6605912978107084 2.685332091790019
0.6605912978107084 2.685332091790019
0.6605912978107084 2.685332091790019
0.6605912978107084 2.685332091790019
0.6605912978107084 2.685332091790019
0.6605912978107084 2.685332091790019
0.6605912978107084 2.685332091790019
0.6605912978107084 2.685332091790019
0.6605912978107084 2.6874083115809166
0.6605912978107084 2.6874083115809166
0.6605912978107084 2.6874083115809166
0.6605912978107084 2.6874083115809166
0.6605912978107084 2.6874083115809166
0.6605912978107084 2.686370183358221
0.6605912978107084 2.685332091790019
0.6605912978107084 2.6857413856051644
0.6605912978107084 2.685332091790019
0.6605912978107084 2.680923215303024
0.6605912978107084 2.680923215303024
0.6605912978107084 2.685332091790019
0.6605912978107084 2.6806088730698674
0.6605912978107084 2.665411429073511
0.6605912978107084 2.6975791496311743
0.6605912978107084 2.662381964270674
0.6605912978107084 2.6984305368220896
0.6605912978107084 2.6857765875894186
0.6605912978107084 2.6740628920393177
0.6605912978107084 2.6914549846053313
0.6605912978107084 2.6914549846053313
0.6605912978107084 2.6839840430382114
0.6605912978107084 2.6839840430382114
0.6605912978107084 2.7104114027643647
0.6605912978107084 2.685332091790019
0.6605912978107084 2.695875763562148
0.6605912978107084 2.6892551656601333
0.6605912978107084 2.6935952996563923
0.6605912978107084 2.66953260423327
0.6605912978107084 2.66953260423327
0.6605912978107084 2.66953260423327
0.6605912978107084 2.66953260423327
0.6605912978107084 2.682271123493549
0.6605912978107084 2.684410454594348
0.6605912978107084 2.69053315560371
0.6605912978107084 2.696315743299442
0.6605912978107084 2.6771888465832725
0.6605912978107084 2.6771888465832725
0.6605912978107084 2.725225617089283
0.6605912978107084 2.725225617089283
0.6605912978107084 2.717020526997654
0.6605912978107084 2.717020526997654
0.6605912978107084 2.6730235942852874
0.6605912978107084 2.6849382888202107
0.6605912978107084 2.671385650892255
0.6605912978107084 2.657671791394417
0.6605912978107084 2.6878594055027354
0.6605912978107084 2.6878594055027354
0.6605912978107084 2.6881942522818485
0.6605912978107084 2.691886615628022
0.6605912978107084 2.6582701401330655
0.6605912978107084 2.7120281750308224
0.6605912978107084 2.7134900350209823
0.6605912978107084 2.719490070825433
0.6605912978107084 2.680259073923686
0.6605912978107084 2.685062093327322
0.6605912978107084 2.701191454463406
0.6605912978107084 2.7488706382452563
0.6605912978107084 2.7488706382452563
0.6605912978107084 2.7155522899076847
0.6605912978107084 2.700707503076255
0.6605912978107084 2.658740535818885
0.6605912978107084 2.7227834221679568
0.6605912978107084 2.6773685583261266
0.6605912978107084 2.6505425968625973
0.6605912978107084 2.696875578536811
0.6605912978107084 2.696875578536811
0.6605912978107084 2.658927021459071
0.6605912978107084 2.7099350056128
0.6605912978107084 2.7985421342608667
0.6605912978107084 2.7146829716605403
0.6605912978107084 2.7645043670107663
0.6605912978107084 2.7761194526825843
0.6605912978107084 2.6891052645477362
0.6605912978107084 2.7014788546064854
0.6605912978107084 2.7014788546064854
0.6605912978107084 2.6822778140758867
0.6605912978107084 2.6822778140758867
0.6605912978107084 2.68166715483386
0.2959223657432581 3.364943120777744
0.2959223657432581 3.364943120777744
0.2921358189164175 3.363687230241231
0.29119379994974004 3.370743371378694
0.29119379994974004 3.370743371378694
0.29119379994974004 3.370743371378694
0.29119379994974004 3.375937340933462
0.29119379994974004 3.375937340933462
0.29119379994974004 3.375937340933462
0.2884693333304278 3.3851368693077704
0.2884693333304278 3.3851368693077704
0.2884693333304278 3.3851368693077704
0.2884693333304278 3.389676537646364
0.288401221664945 3.3885496017201997
0.288401221664945 3.3885496017201997
0.288401221664945 3.3885496017201997
0.288401221664945 3.3885496017201997
0.2881968866684965 3.404565248301986
0.2881968866684965 3.404565248301986
0.2879244400065653 3.4112135050422965
0.2879244400065653 3.4134846308105695
0.2879244400065653 3.4134846308105695
0.2879244400065653 3.4134846308105695
0.2879244400065653 3.4134846308105695
0.2879244400065653 3.4134846308105695
0.2879244400065653 3.4134846308105695
0.2879244400065653 3.4134846308105695
0.2879244400065653 3.4134846308105695
0.2879244400065653 3.4134846308105695
0.2879244400065653 3.4134846308105695
0.2879244400065653 3.4134846308105695
0.2879244400065653 3.4134846308105695
0.2879244400065653 3.4134846308105695
0.2879244400065653 3.4134846308105695
0.2879244400065653 3.4134846308105695
0.2879244400065653 3.4134846308105695
0.2879244400065653 3.4112135050422965
0.2879244400065653 3.4112135050422965
0.2879244400065653 3.4112135050422965
0.2879244400065653 3.4123490562993997
0.2879244400065653 3.4123490562993997
0.2879244400065653 3.4123490562993997
0.2879244400065653 3.4123490562993997
0.2879244400065653 3.4123490562993997
0.2879244400065653 3.415486363219301
0.2879244400065653 3.420140184203948
0.2879244400065653 3.4128405740033516
0.2879244400065653 3.4128405740033516
0.2879244400065653 3.414052426783325
0.2879244400065653 3.4042828273771795
0.2879244400065653 3.4042828273771795
0.2879244400065653 3.4042828273771795
0.2879244400065653 3.4069809058415506
0.2879244400065653 3.4069809058415506
0.2879244400065653 3.435397644151597
0.2879244400065653 3.401771411201184
0.2879244400065653 3.4313319784644567
0.2879244400065653 3.4313319784644567
0.2879244400065653 3.4313319784644567
0.2879244400065653 3.4313319784644567
0.2879244400065653 3.4313319784644567
0.2879244400065653 3.4313319784644567
0.2879244400065653 3.4313319784644567
0.2879244400065653 3.4313319784644567
0.23754647326573078 3.5062966388198658
0.23754647326573078 3.5062966388198658
0.23754647326573078 3.4811498633878584
0.23754647326573078 3.457648314965925
0.23754647326573078 3.457648314965925
0.23754647326573078 3.457648314965925
0.23754647326573078 3.457648314965925
0.23754647326573078 3.4811498633878584
0.23754647326573078 3.4811498633878584
0.23754647326573078 3.4811498633878584
0.23754647326573078 3.4811498633878584
0.23754647326573078 3.5062966388198658
0.23754647326573078 3.5062966388198658
0.23754647326573078 3.5062966388198658
0.23754647326573078 3.5062966388198658
0.23754647326573078 3.5062966388198658
0.23754647326573078 3.5062966388198658
0.23754647326573078 3.5062966388198658
0.23754647326573078 3.5062966388198658
0.23754647326573078 3.5062966388198658
0.23754647326573078 3.5062966388198658
0.23754647326573078 3.5062966388198658
0.23754647326573078 3.5062966388198658
0.23754647326573078 3.5062966388198658
0.23754647326573078 3.5062966388198658
0.23754647326573078 3.5062966388198658
0.23754647326573078 3.5062966388198658
0.23754647326573078 3.5062966388198658
0.23754647326573078 3.5062966388198658
0.23754647326573078 3.5062966388198658
0.23754647326573078 3.4811498633878584
0.23754647326573078 3.4811498633878584
0.23754647326573078 3.457648314965925
0.23754647326573078 3.469397965847334
0.23754647326573078 3.469397965847334
0.23754647326573078 3.4811498633878584
0.23754647326573078 3.4811498633878584
0.23754647326573078 3.5062966388198658
0.23754647326573078 3.5062966388198658
0.23754647326573078 3.5062966388198658
0.23754647326573078 3.5030271616693356
0.23754647326573078 3.5030271616693356
0.23754647326573078 3.522097646047745
0.23754647326573078 3.5376267619465307
0.23754647326573078 3.5376267619465307
0.23754647326573078 3.479961392581816
0.23754647326573078 3.4870266515596624
0.23754647326573078 3.493127618720928
0.23754647326573078 3.5362106994958102
0.23754647326573078 3.473042723309366
0.23754647326573078 3.473042723309366
0.3968207350818382 3.4207454661281873
0.3968207350818382 3.4207454661281873
0.3968207350818382 3.4207454661281873
0.3968207350818382 3.4207454661281873
0.3968207350818382 3.4207454661281873
0.16240294349987994 3.756496412157724
0.3678426046868272 3.441917621484973
0.3678426046868272 3.441917621484973
0.3678426046868272 3.441917621484973
0.3558086010467655 3.461503539549668
0.3558086010467655 3.461503539549668
0.3558086010467655 3.461503539549668
0.3558086010467655 3.461503539549668
0.3558086010467655 3.4649340544691043
0.3558086010467655 3.4649340544691043
0.3437745974067037 3.4866139312360223
0.3437745974067037 3.4866139312360223
0.3437745974067037 3.4866139312360223
0.3437745974067037 3.4866139312360223
0.3437745974067037 3.488329406476985
0.3437745974067037 3.488329406476985
0.3437745974067037 3.488329406476985
0.3437745974067037 3.488329406476985
0.3437745974067037 3.488329406476985
0.3437745974067037 3.488329406476985
0.3437745974067037 3.488329406476985
0.3437745974067037 3.488329406476985
0.3437745974067037 3.488329406476985
0.3437745974067037 3.488329406476985
0.3437745974067037 3.488329406476985
0.3437745974067037 3.488329406476985
0.3437745974067037 3.488329406476985
0.3437745974067037 3.488329406476985
0.3437745974067037 3.488329406476985
0.3437745974067037 3.488329406476985
0.3437745974067037 3.488329406476985
0.17254605522833671 4.256136227367289
0.17254605522833671 4.256136227367289
0.17254605522833671 4.256136227367289
0.266789718343623 3.751848062258538
0.266789718343623 3.751848062258538
0.266789718343623 3.751848062258538
0.266789718343623 3.751848062258538
0.266789718343623 3.751848062258538
0.266789718343623 3.751848062258538
0.266789718343623 3.728872507022718
0.266789718343623 3.743701659549574
0.266789718343623 3.743701659549574
0.266789718343623 3.743701659549574
0.266789718343623 3.743584252326114
0.266789718343623 3.7307188440436665
0.266789718343623 3.7307188440436665
0.266789718343623 3.7307188440436665
0.266789718343623 3.7307188440436665
0.266789718343623 3.751848062258538
0.266789718343623 3.751848062258538
0.266789718343623 3.751848062258538
0.2461208142758231 3.7790090497626703
0.2461208142758231 3.7790090497626703
0.2461208142758231 3.7790090497626703
0.2461208142758231 3.7790090497626703
0.2461208142758231 3.7790090497626703
0.2191360640718087 3.8359747146531005
0.2191360640718087 3.8359747146531005
0.2191360640718087 3.8359747146531005
0.2191360640718087 3.8359747146531005
0.2191360640718087 3.8359747146531005
0.2191360640718087 3.8359747146531005
0.2191360640718087 3.8359747146531005
0.2191360640718087 3.8359747146531005
0.2191360640718087 3.8359747146531005
0.19215131386779427 3.9076340473464124
0.19215131386779427 3.9076340473464124
0.19215131386779427 3.9076340473464124
0.19215131386779427 3.9076340473464124
0.19215131386779427 3.9076340473464124
0.19215131386779427 3.9076340473464124
0.19215131386779427 3.9076340473464124
0.19215131386779427 3.9076340473464124
0.19215131386779427 3.9184649333409034
0.19215131386779427 3.9184649333409034
0.19215131386779427 3.9184649333409034
0.19215131386779427 3.9184649333409034
0.008954967413543354 5.028416480151038
0.008954967413543354 5.028416480151038
0.011322498226765454 4.9531967823014424
0.008954967413543354 5.028416480151038
