0.24614812509318196 4.62280957517277
0.7041224443518312 3.757707110037417
0.7041224443518312 3.757707110037417
0.24614812509318196 4.617684037411602
0.7041224443518312 3.757707110037417
0.7041224443518312 3.757707110037417
0.24614812509318196 4.611405836952567
0.6108764040360424 3.6445948328860074
0.6108764040360424 3.6445948328860074
0.24614812509318196 4.600645392382969
0.6108764040360424 3.635320685503787
0.6108764040360424 3.635320685503787
0.24614812509318196 4.562351018127737
0.24614812509318196 4.562351018127737
0.24614812509318196 4.554038475810332
0.24614812509318196 4.554038475810332
0.9304177409658263 2.9747786463881507
0.9304177409658263 2.9747786463881507
0.9304177409658263 2.9747786463881507
0.9304177409658263 2.9747786463881507
0.9304177409658263 2.9747786463881507
0.9304177409658263 2.9747786463881507
0.9304177409658263 2.9747786463881507
0.9304177409658263 2.964873416672785
0.9304177409658263 2.964873416672785
0.9304177409658263 2.964873416672785
0.9304177409658263 2.9468472259861156
0.9304177409658263 2.9468472259861156
0.3257002727336564 3.5620662335027156
0.3257002727336564 3.5620662335027156
0.3257002727336564 3.5620662335027156
0.3257002727336564 3.5620662335027156
0.3257002727336564 3.5620662335027156
0.3257002727336564 3.5394787865345543
0.3257002727336564 3.5394787865345543
0.3257002727336564 3.5394787865345543
0.3257002727336564 3.5394787865345543
0.3257002727336564 3.5394787865345543
0.3257002727336564 3.5394787865345543
0.3257002727336564 3.5215293132676657
0.3257002727336564 3.5215293132676657
0.3257002727336564 3.5215293132676657
0.9877915495088565 2.880481670994542
0.9877915495088565 2.880481670994542
0.9756088868907054 2.813598873783916
0.9756088868907054 2.813598873783916
0.9756088868907054 2.813598873783916
0.5384393085720183 3.8411068121181313
0.5384393085720183 3.8411068121181313
0.5318085622854991 3.8642827372652087
0.5318085622854991 3.8642827372652087
0.5318085622854991 3.8642827372652087
0.5318085622854991 3.8642827372652087
0.5318085622854991 3.8642827372652087
0.5318085622854991 3.8642827372652087
0.5318085622854991 3.8642827372652087
0.5318085622854991 3.8642827372652087
0.5318085622854991 3.8642827372652087
0.9756088868907054 2.813598873783916
0.9756088868907054 2.813598873783916
0.9756088868907054 2.813598873783916
0.9756088868907054 2.813598873783916
0.9756088868907054 2.813598873783916
0.7974351207429745 3.036997317220271
0.7974351207429745 3.036997317220271
0.7974351207429745 2.880885023300248
0.7974351207429745 2.880885023300248
0.7974351207429745 2.880885023300248
0.7974351207429745 2.880885023300248
0.7974351207429745 2.880885023300248
0.7659950951681215 2.9513409618966024
0.7659950951681215 2.9513409618966024
0.7659950951681215 2.9513409618966024
0.7659950951681215 2.9513409618966024
0.7659950951681215 2.9513409618966024
0.6962818122676695 2.7427658629129743
0.6962818122676695 2.7427658629129743
0.6962818122676695 2.7427658629129743
0.6962818122676695 2.7427658629129743
0.6962818122676695 2.7427658629129743
0.7811699291633328 2.603652054260075
0.7387258707155011 2.649504821051809
0.7387258707155011 2.649504821051809
0.7175038414915853 2.688633049731732
0.7175038414915853 2.688633049731732
0.7175038414915853 2.688633049731732
0.7015873195736484 2.7021994379260215
0.7015873195736484 2.7021994379260215
0.7015873195736484 2.7021994379260215
0.7015873195736484 2.7021994379260215
0.7015873195736484 2.7021994379260215
0.7015873195736484 2.7021994379260215
0.7015873195736484 2.7021994379260215
0.6976081890941642 2.7210920255201683
0.6976081890941642 2.7210920255201683
0.6976081890941642 2.7210920255201683
0.6976081890941642 2.7210920255201683
0.6976081890941642 2.7210920255201683
0.6976081890941642 2.7210920255201683
0.643525292042611 2.984626266983617
0.643525292042611 2.984626266983617
0.6960331166127018 2.7236529530960376
0.6960331166127018 2.7236529530960376
0.6944580441312393 2.7409964488494594
0.6944580441312393 2.7420526630827657
0.6944580441312393 2.7420526630827657
0.6944580441312393 2.7420526630827657
0.6944580441312393 2.7420526630827657
0.6944580441312393 2.7420526630827657
0.6944580441312393 2.7420526630827657
0.6944580441312393 2.7420526630827657
0.6944580441312393 2.7420526630827657
0.6944580441312393 2.7420526630827657
0.6944580441312393 2.7420526630827657
0.6944580441312393 2.7420526630827657
0.6944580441312393 2.7420526630827657
0.6944580441312393 2.7420526630827657
0.6944580441312393 2.7420526630827657
0.6944580441312393 2.7420526630827657
0.6944580441312393 2.7420526630827657
0.6944580441312393 2.7420526630827657
0.6944580441312393 2.7420526630827657
0.6944580441312393 2.7420526630827657
0.6944580441312393 2.7420526630827657
0.6944580441312393 2.7420526630827657
0.6944580441312393 2.7420526630827657
0.6944580441312393 2.7420526630827657
0.6944580441312393 2.7420526630827657
0.6944580441312393 2.7420526630827657
0.6944580441312393 2.7409964488494594
0.6944580441312393 2.743853424607381
0.6944580441312393 2.743853424607381
0.6944580441312393 2.7440696632687063
0.6944580441312393 2.7566316164883826
0.6944580441312393 2.7472116725376554
0.6944580441312393 2.7472116725376554
0.6944580441312393 2.757058946685049
0.6944580441312393 2.7377020760966233
0.6944580441312393 2.7377020760966233
0.6944580441312393 2.735675219096208
0.6944580441312393 2.756158153774288
0.6944580441312393 2.7254212959715227
0.6944580441312393 2.746663453295772
0.6944580441312393 2.741835475945511
0.6944580441312393 2.7270478579645046
0.6944580441312393 2.4846104845917396
0.6944580441312393 2.4846104845917396
0.6944580441312393 2.4846104845917396
0.6944580441312393 2.4846104845917396
0.6944580441312393 2.4846104845917396
0.6944580441312393 2.4846104845917396
0.6944580441312393 2.4846104845917396
0.6944580441312393 2.7268626664347657
0.6944580441312393 2.4846104845917396
0.6944580441312393 2.4846104845917396
0.6944580441312393 2.4846104845917396
0.6944580441312393 2.4846104845917396
0.6944580441312393 2.4846104845917396
0.6944580441312393 2.4846104845917396
0.6944580441312393 2.4846104845917396
0.6944580441312393 2.35417360101862
0.6944580441312393 2.35417360101862
0.6944580441312393 2.4846104845917396
0.6944580441312393 2.5564263688660342
0.6944580441312393 2.5564263688660342
0.6944580441312393 2.35417360101862
0.6944580441312393 2.35417360101862
0.6944580441312393 2.35417360101862
0.6944580441312393 2.35417360101862
0.6944580441312393 2.35417360101862
0.6944580441312393 2.35417360101862
0.6944580441312393 2.35417360101862
0.6944580441312393 2.6505097610262194
0.6944580441312393 2.565588276998212
0.6944580441312393 2.4846104845917396
0.5999543512211881 2.5780417387338876
0.5999543512211881 2.5780417387338876
0.5999543512211881 2.5780417387338876
0.5999543512211881 2.5780417387338876
0.5999543512211881 2.5780417387338876
0.5999543512211881 2.5780417387338876
0.5999543512211881 2.5780417387338876
0.5999543512211881 2.5780417387338876
0.5999543512211881 2.5780417387338876
0.5999543512211881 2.5780417387338876
0.5999543512211881 2.5780417387338876
0.5999543512211881 2.5780417387338876
0.5999543512211881 2.5780417387338876
0.5999543512211881 2.5780417387338876
0.5999543512211881 2.5780417387338876
0.5999543512211881 2.5780417387338876
0.5999543512211881 2.5780417387338876
0.5999543512211881 2.5780417387338876
0.5999543512211881 2.5780417387338876
0.5999543512211881 2.5780417387338876
0.5999543512211881 2.5780417387338876
0.5999543512211881 2.5780417387338876
0.5999543512211881 2.5780417387338876
0.5999543512211881 2.5780417387338876
0.5999543512211881 2.5780417387338876
0.5999543512211881 2.5780417387338876
0.5999543512211881 2.5780417387338876
0.5999543512211881 2.5780417387338876
0.5999543512211881 2.5780417387338876
0.5999543512211881 2.5780417387338876
0.5999543512211881 2.603058003884444
0.5999543512211881 2.608963178216274
0.5999543512211881 2.5780417387338876
0.5999543512211881 2.5772018596818804
0.5999543512211881 2.5772018596818804
0.5999543512211881 2.616021547005146
0.5999543512211881 2.563670170759971
0.5999543512211881 2.5992335487675065
0.5999543512211881 2.6009092242778977
0.5999543512211881 2.6009092242778977
0.5999543512211881 2.595817649612022
0.5999543512211881 2.5603552168697417
0.5992937372321486 2.6041094048067506
0.5992937372321486 2.6041094048067506
0.5992937372321486 2.6041094048067506
0.5992937372321486 2.6041094048067506
0.5992937372321486 2.6041094048067506
0.5992937372321486 2.6041094048067506
0.5992937372321486 2.6041094048067506
0.5992937372321486 2.6041094048067506
0.5992937372321486 2.6041094048067506
0.5992937372321486 2.6041094048067506
0.5992937372321486 2.6041094048067506
0.5992937372321486 2.6041094048067506
0.5992937372321486 2.6041094048067506
0.5992937372321486 2.6041094048067506
0.5992937372321486 2.6041094048067506
0.5992937372321486 2.6041094048067506
0.5992937372321486 2.6041094048067506
0.5992937372321486 2.6041094048067506
0.5992937372321486 2.6041094048067506
0.5992937372321486 2.6041094048067506
0.5992937372321486 2.6041094048067506
0.5992937372321486 2.6041094048067506
0.5992937372321486 2.6041094048067506
0.5992937372321486 2.6041094048067506
0.5992937372321486 2.6041094048067506
0.5992937372321486 2.6041094048067506
0.5992937372321486 2.6041094048067506
0.5992937372321486 2.6041094048067506
0.5992937372321486 2.6041094048067506
0.5992937372321486 2.6041094048067506
0.5992937372321486 2.630643937044937
0.5992937372321486 2.612494592256775
0.5992937372321486 2.6069078878072944
0.5992937372321486 2.612494592256775
0.5992937372321486 2.612494592256775
0.5992937372321486 2.6041094048067506
0.5992937372321486 2.591839355526352
0.5992937372321486 2.566577782632408
0.5992937372321486 2.566577782632408
0.5992937372321486 2.607933288901694
0.5178343854606725 2.733955828477139
0.5178343854606725 2.733955828477139
0.5178343854606725 2.733955828477139
0.5178343854606725 2.733955828477139
0.5178343854606725 2.733955828477139
0.5178343854606725 2.733955828477139
0.5178343854606725 2.733955828477139
0.5178343854606725 2.733955828477139
0.5178343854606725 2.733955828477139
0.5178343854606725 2.733955828477139
0.5178343854606725 2.733955828477139
0.5178343854606725 2.733955828477139
0.5178343854606725 2.733955828477139
0.5178343854606725 2.733955828477139
0.5178343854606725 2.733955828477139
0.5178343854606725 2.733955828477139
0.5178343854606725 2.733955828477139
0.5178343854606725 2.733955828477139
0.5178343854606725 2.733955828477139
0.3100588071688063 3.0752114353605817
0.3100588071688063 3.0752114353605817
0.3053272604076407 3.051970869866972
0.3053272604076407 3.051970869866972
0.3053272604076407 3.051970869866972
0.30296148702705794 3.0667572549941977
0.30296148702705794 3.0667572549941977
0.30296148702705794 3.0667572549941977
0.30296148702705794 3.0667572549941977
0.30296148702705794 3.0667572549941977
0.3005957136464752 3.097247134213891
0.3005957136464752 3.097247134213891
0.3005957136464752 3.097247134213891
0.3005957136464752 3.097247134213891
0.29113262012414415 3.113639749861218
0.29113262012414415 3.113639749861218
0.29113262012414415 3.113639749861218
0.29113262012414415 3.113639749861218
0.29113262012414415 3.113639749861218
0.2899497334338528 3.1244778719916355
0.28876684674356135 3.1285997360976627
0.28876684674356135 3.1285997360976627
0.28758396005326997 3.1360923256231077
0.28758396005326997 3.1360923256231077
0.2864010733629786 3.1435933579077053
0.2864010733629786 3.1435933579077053
0.28462674332754145 3.154514848386628
0.28462674332754145 3.154514848386628
0.28462674332754145 3.164106673489236
0.28462674332754145 3.164106673489236
0.28462674332754145 3.164106673489236
0.28462674332754145 3.164106673489236
0.28462674332754145 3.164106673489236
0.28462674332754145 3.164106673489236
0.28462674332754145 3.164106673489236
0.28462674332754145 3.164106673489236
0.28462674332754145 3.164106673489236
0.28462674332754145 3.164106673489236
0.28462674332754145 3.164106673489236
0.28462674332754145 3.164106673489236
0.2667905802200351 3.242182309342303
0.2667905802200351 3.242182309342303
0.2667905802200351 3.242182309342303
0.2667905802200351 3.242182309342303
0.2667905802200351 3.244281292299264
0.2667905802200351 3.244281292299264
0.2667905802200351 3.244281292299264
0.2667905802200351 3.244281292299264
0.1915037816434138 3.285304022158577
0.1915037816434138 3.285304022158577
0.1915037816434138 3.285304022158577
0.1915037816434138 3.285304022158577
0.1915037816434138 3.285304022158577
0.1915037816434138 3.285304022158577
0.1915037816434138 3.285304022158577
0.1915037816434138 3.2801961980472254
0.1915037816434138 3.2801961980472254
0.1915037816434138 3.279437761435732
0.1915037816434138 3.279437761435732
0.1915037816434138 3.239189437522355
0.1915037816434138 3.239189437522355
0.1915037816434138 3.239189437522355
0.1915037816434138 3.2385087093525606
0.1915037816434138 3.2385087093525606
0.1915037816434138 3.1878735268378238
0.1915037816434138 3.1878735268378238
0.1915037816434138 3.1878735268378238
0.1915037816434138 3.1878735268378238
0.1915037816434138 3.1878735268378238
0.1915037816434138 3.133969796302234
0.1915037816434138 3.133969796302234
0.1915037816434138 3.133969796302234
0.1915037816434138 3.1878735268378238
0.1915037816434138 3.1878735268378238
0.1915037816434138 3.1878735268378238
0.1915037816434138 3.230680065958431
0.1915037816434138 3.239189437522355
0.1915037816434138 3.239189437522355
0.1915037816434138 3.239189437522355
0.1915037816434138 3.285304022158577
0.1915037816434138 3.285304022158577
0.1915037816434138 3.2908059892058774
0.1915037816434138 3.285304022158577
0.1915037816434138 3.285304022158577
0.1915037816434138 3.2801961980472254
0.1915037816434138 3.282973514682908
0.1915037816434138 3.282973514682908
0.1915037816434138 3.239189437522355
0.1915037816434138 3.239189437522355
0.1915037816434138 3.2385087093525606
0.1915037816434138 3.2385087093525606
0.1915037816434138 3.2385087093525606
0.1915037816434138 3.230680065958431
0.1915037816434138 3.230680065958431
0.1915037816434138 3.2534679910260618
0.18429728717440574 3.4512569262495734
0.18429728717440574 3.4512569262495734
0.18429728717440574 3.4512569262495734
0.08309706956150431 3.569280481251743
0.08309706956150431 3.569280481251743
0.17161394868733956 3.6310480729861507
0.17161394868733956 3.6310480729861507
0.17161394868733956 3.6310480729861507
0.17161394868733956 3.6310480729861507
0.17161394868733956 3.6310480729861507
0.15893061020027338 3.818731492198699
0.15893061020027338 3.818731492198699
0.15893061020027338 3.818731492198699
0.15893061020027338 3.818731492198699
0.15893061020027338 3.8216440770145588
0.1525889409567403 3.8799665770112775
0.1525889409567403 3.8799665770112775
0.06021081211220609 3.65173158456631
0.051628465568719244 3.6746947096255487
0.051628465568719244 3.6746947096255487
0.051628465568719244 3.6746947096255487
0.051628465568719244 3.6746947096255487
0.038550604169120255 3.787478554136427
0.038550604169120255 3.787478554136427
0.038550604169120255 3.787478554136427
0.031194307131845848 3.8113528162588786
0.031194307131845848 3.8113528162588786
0.031194307131845848 3.8113528162588786
0.023429326925833945 3.847122877587246
0.023429326925833945 3.847122877587246
0.0046299011639103944 4.073214675009037
0.0046299011639103944 4.073214675009037
0.0046299011639103944 4.073214675009037
0.0046299011639103944 4.073214675009037
0.0046299011639103944 4.073214675009037
