0.6337831973946064 3.6320734060105817
0.6337831973946064 3.6320734060105817
0.38599638178429374 3.916909548037911
0.38599638178429374 3.916909548037911
0.38599638178429374 3.916909548037911
0.38599638178429374 3.916909548037911
0.38599638178429374 3.901730743619536
0.38599638178429374 3.901730743619536
0.38599638178429374 3.897880565366261
0.38599638178429374 3.8918068384358766
0.38599638178429374 3.8792215719958802
0.38599638178429374 3.8792215719958802
0.38599638178429374 3.8792215719958802
0.38599638178429374 3.8792215719958802
0.38599638178429374 3.878278123774491
0.38599638178429374 3.878278123774491
0.38599638178429374 3.878278123774491
0.38599638178429374 3.878278123774491
0.38599638178429374 3.8433211528773064
0.38599638178429374 3.8433211528773064
0.38599638178429374 3.8433211528773064
0.38599638178429374 3.8433211528773064
0.38599638178429374 3.8433211528773064
0.38599638178429374 3.826366675537745
0.38599638178429374 3.826366675537745
0.38599638178429374 3.826366675537745
0.38599638178429374 3.826366675537745
0.38599638178429374 3.826366675537745
0.38599638178429374 3.826366675537745
0.38599638178429374 3.826366675537745
0.38599638178429374 3.7860784280326434
0.37545809236429983 3.718196065632809
0.37545809236429983 3.6587276656781014
0.37545809236429983 3.6587276656781014
0.37545809236429983 3.6587276656781014
0.37545809236429983 3.6587276656781014
0.37545809236429983 3.6587276656781014
0.37545809236429983 3.635788895769817
0.37545809236429983 3.635788895769817
0.37545809236429983 3.635788895769817
0.37545809236429983 3.635788895769817
0.37545809236429983 3.635788895769817
0.37545809236429983 3.6100244334389497
0.37545809236429983 3.6100244334389497
0.37545809236429983 3.5698688809411245
0.37545809236429983 3.5698688809411245
0.37545809236429983 3.5698688809411245
0.37545809236429983 3.5698688809411245
0.37545809236429983 3.5698688809411245
0.37545809236429983 3.54058267404839
0.37545809236429983 3.5154883742900562
0.37545809236429983 3.5154883742900562
0.37545809236429983 3.5154883742900562
0.37545809236429983 3.5154883742900562
0.37545809236429983 3.5154883742900562
0.37545809236429983 3.5154883742900562
0.37545809236429983 3.486179387603334
0.37545809236429983 3.486179387603334
0.14985801256566145 3.8152381197256355
0.14985801256566145 3.7892388800847985
0.14985801256566145 3.7892388800847985
0.14985801256566145 3.7892388800847985
0.14985801256566145 3.7892388800847985
0.14985801256566145 3.7892388800847985
0.14985801256566145 3.7892388800847985
0.14985801256566145 3.7892388800847985
0.14985801256566145 3.7892388800847985
0.14985801256566145 3.8152381197256355
0.14985801256566145 3.8152381197256355
0.14985801256566145 3.8152381197256355
0.14985801256566145 3.8152381197256355
0.14985801256566145 3.8152381197256355
0.14985801256566145 3.8152381197256355
0.14985801256566145 3.8152381197256355
0.14985801256566145 3.8152381197256355
0.14985801256566145 3.8152381197256355
0.14985801256566145 3.8152381197256355
0.14985801256566145 3.7801247220981153
0.14985801256566145 3.7801247220981153
0.14985801256566145 3.7801247220981153
0.14985801256566145 3.7801247220981153
0.14985801256566145 3.7801247220981153
0.14985801256566145 3.7801247220981153
0.14985801256566145 3.757081333029217
0.14985801256566145 3.7801247220981153
0.14985801256566145 3.7801247220981153
0.14985801256566145 3.7801247220981153
0.14985801256566145 3.7801247220981153
0.14985801256566145 3.745864756652297
0.14985801256566145 3.719932727340117
0.14985801256566145 3.757081333029217
0.14985801256566145 3.719932727340117
0.14985801256566145 3.719932727340117
0.14985801256566145 3.757081333029217
0.14985801256566145 3.757081333029217
0.14985801256566145 3.757081333029217
0.14985801256566145 3.757081333029217
0.14985801256566145 3.745864756652297
0.14985801256566145 3.745864756652297
0.14985801256566145 3.7011105332939285
0.14985801256566145 3.719932727340117
0.14985801256566145 3.719932727340117
0.14985801256566145 3.719932727340117
0.14985801256566145 3.7011105332939285
0.14985801256566145 3.7011105332939285
0.14985801256566145 3.745864756652297
0.14985801256566145 3.719932727340117
0.14985801256566145 3.7011105332939285
0.14985801256566145 3.7011105332939285
0.14985801256566145 3.7011105332939285
0.14985801256566145 3.719932727340117
0.14985801256566145 3.6917010508678154
0.14985801256566145 3.6917010508678154
0.14985801256566145 3.6917010508678154
0.14985801256566145 3.719932727340117
0.14985801256566145 3.7011105332939285
0.14985801256566145 3.7011105332939285
0.14985801256566145 3.719932727340117
0.14985801256566145 3.719932727340117
0.14985801256566145 3.7011105332939285
0.14985801256566145 3.7011105332939285
0.14985801256566145 3.72474680495476
0.43511361778896296 3.1311651739853152
0.43511361778896296 3.1311651739853152
0.43511361778896296 3.1311651739853152
0.43511361778896296 3.1311651739853152
0.43511361778896296 3.1311651739853152
0.43511361778896296 3.1311651739853152
0.43511361778896296 3.1311651739853152
0.43511361778896296 3.1311651739853152
0.43511361778896296 3.1311651739853152
0.43511361778896296 3.1230038150015766
0.43511361778896296 3.1311651739853152
0.43511361778896296 3.153904633573521
0.43511361778896296 3.135729268400158
0.43511361778896296 3.135729268400158
0.43511361778896296 3.1361568458391718
0.43511361778896296 3.114329635271868
0.43511361778896296 3.057866016103068
0.43511361778896296 3.1313193781463102
0.43511361778896296 3.1352464508392917
0.43511361778896296 3.1311651739853152
0.43511361778896296 3.1317792417630943
0.43511361778896296 3.1282251845193816
0.43511361778896296 3.1311651739853152
0.43511361778896296 3.1311651739853152
0.43511361778896296 3.112339088787265
0.43511361778896296 3.112339088787265
0.43511361778896296 3.1094987818075635
0.43511361778896296 3.1094987818075635
0.43511361778896296 3.1094987818075635
0.43511361778896296 2.9619939800963495
0.43511361778896296 2.9619939800963495
0.43511361778896296 2.9619939800963495
0.43511361778896296 2.9619939800963495
0.43511361778896296 2.9619939800963495
0.43511361778896296 2.9619939800963495
0.43511361778896296 2.9619939800963495
0.43511361778896296 2.9619939800963495
0.43511361778896296 2.9619939800963495
0.43511361778896296 2.9619939800963495
0.43511361778896296 2.9619939800963495
0.43511361778896296 2.9619939800963495
0.43511361778896296 2.9619939800963495
0.43511361778896296 2.9619939800963495
0.43511361778896296 3.057866016103068
0.43511361778896296 3.057866016103068
0.43511361778896296 2.9619939800963495
0.43511361778896296 2.9619939800963495
0.43511361778896296 2.9619939800963495
0.43511361778896296 2.9619939800963495
0.43511361778896296 2.9619939800963495
0.43511361778896296 2.9619939800963495
0.43511361778896296 2.9619939800963495
0.43511361778896296 2.9619939800963495
0.43511361778896296 2.9619939800963495
0.43511361778896296 2.9619939800963495
0.43511361778896296 2.9619939800963495
0.43511361778896296 2.9619939800963495
0.43511361778896296 2.9619939800963495
0.43511361778896296 2.9619939800963495
0.43511361778896296 2.956251327505575
0.43511361778896296 3.060744612631372
0.43511361778896296 3.060744612631372
0.43511361778896296 2.9619939800963495
0.43511361778896296 2.9619939800963495
0.43511361778896296 2.9576165067600515
0.43511361778896296 2.993932173325021
0.43511361778896296 2.9641178088161113
0.43511361778896296 2.9634535646461417
0.43511361778896296 2.987903546955137
0.43511361778896296 2.987903546955137
0.43511361778896296 2.939055103222904
0.43511361778896296 3.0518007801234797
0.43511361778896296 2.911188525799583
0.43511361778896296 2.9619939800963495
0.43511361778896296 2.956584670743135
0.43511361778896296 2.9152312328626317
0.43511361778896296 3.0025228024370265
0.43511361778896296 3.02127456225415
0.43511361778896296 3.02127456225415
0.43511361778896296 2.832125487485431
0.43511361778896296 2.832125487485431
0.43511361778896296 2.9088357787390957
0.43511361778896296 2.996280368645505
0.43511361778896296 2.9605299479244227
0.43511361778896296 2.7186557995189196
0.43511361778896296 2.7186557995189196
0.43511361778896296 2.9159623778055797
0.43511361778896296 2.9159623778055797
0.43511361778896296 2.832125487485431
0.43511361778896296 2.8719482617112635
0.43511361778896296 2.8719482617112635
0.43511361778896296 2.7186557995189196
0.43511361778896296 2.7186557995189196
0.43511361778896296 2.7186557995189196
0.43511361778896296 2.7186557995189196
0.43511361778896296 2.832125487485431
0.43511361778896296 2.7186557995189196
0.43511361778896296 2.7186557995189196
0.3980199195709182 2.874613293357211
0.3980199195709182 2.874613293357211
0.3980199195709182 2.874613293357211
0.3980199195709182 2.874613293357211
0.3980199195709182 2.874613293357211
0.3980199195709182 2.874613293357211
0.3980199195709182 2.874613293357211
0.3980199195709182 2.874613293357211
0.3980199195709182 2.874613293357211
0.3980199195709182 2.874613293357211
0.3980199195709182 2.874613293357211
0.3980199195709182 2.874613293357211
0.3980199195709182 2.874613293357211
0.3980199195709182 2.874613293357211
0.3980199195709182 2.874613293357211
0.3980199195709182 2.874613293357211
0.3980199195709182 2.874613293357211
0.3980199195709182 2.874613293357211
0.3980199195709182 2.874613293357211
0.3980199195709182 2.874613293357211
0.3980199195709182 2.874613293357211
0.3980199195709182 2.874613293357211
0.3980199195709182 2.874613293357211
0.3980199195709182 2.874613293357211
0.3980199195709182 2.874613293357211
0.3980199195709182 2.874613293357211
0.3980199195709182 2.874613293357211
0.3980199195709182 2.874613293357211
0.3980199195709182 2.874613293357211
0.38738019921409056 2.9405967236847728
0.38738019921409056 2.9405967236847728
0.38738019921409056 2.9405967236847728
0.38738019921409056 2.9405967236847728
0.38738019921409056 2.9405967236847728
0.38738019921409056 2.9405967236847728
0.38738019921409056 2.9405967236847728
0.38738019921409056 2.9405967236847728
0.38738019921409056 2.9405967236847728
0.38738019921409056 2.9405967236847728
0.38738019921409056 2.9405967236847728
0.38738019921409056 2.9405967236847728
0.38738019921409056 2.9405967236847728
0.38738019921409056 2.9405967236847728
0.38738019921409056 2.9405967236847728
0.38738019921409056 2.9405967236847728
0.38738019921409056 2.9405967236847728
0.38738019921409056 2.9405967236847728
0.38738019921409056 2.9405967236847728
0.38738019921409056 2.9405967236847728
0.38738019921409056 2.9405967236847728
0.38738019921409056 2.9405967236847728
0.38738019921409056 2.9405967236847728
0.38738019921409056 2.9405967236847728
0.38738019921409056 2.9405967236847728
0.3767404788572629 3.013232473487998
0.38738019921409056 2.9405967236847728
0.38738019921409056 2.9405967236847728
0.38738019921409056 2.9405967236847728
0.38738019921409056 2.9405967236847728
0.38738019921409056 2.9543682190642926
0.38738019921409056 2.9392180167923576
0.38738019921409056 2.919876662586618
0.38738019921409056 2.938744949423155
0.38738019921409056 2.938744949423155
0.38738019921409056 2.9412860949107817
0.38738019921409056 2.9791939957749256
0.38738019921409056 2.9430443699653006
0.38738019921409056 2.9251810449185336
0.38738019921409056 2.9474818820327364
0.2820208650060855 3.3843988092315116
0.2820208650060855 3.3843988092315116
0.2820208650060855 3.3843988092315116
0.2820208650060855 3.3843988092315116
0.2820208650060855 3.3843988092315116
0.2820208650060855 3.3843988092315116
0.2820208650060855 3.3843988092315116
0.2820208650060855 3.3843988092315116
0.2820208650060855 3.3843988092315116
0.2820208650060855 3.3843988092315116
0.2820208650060855 3.3843988092315116
0.2820208650060855 3.3843988092315116
0.2820208650060855 3.3843988092315116
0.2820208650060855 3.3843988092315116
0.2820208650060855 3.3843988092315116
0.2820208650060855 3.3843988092315116
0.2820208650060855 3.3843988092315116
0.2820208650060855 3.3843988092315116
0.2820208650060855 3.3843988092315116
0.2820208650060855 3.3843988092315116
0.2820208650060855 3.3843988092315116
0.31142068236652376 3.2422774870925126
0.31142068236652376 3.2422774870925126
0.31142068236652376 3.21803530702348
0.31142068236652376 3.21803530702348
0.31142068236652376 3.2051182134425003
0.31142068236652376 3.2051182134425003
0.31142068236652376 3.2051182134425003
0.31142068236652376 3.2051182134425003
0.31142068236652376 3.2051182134425003
0.31142068236652376 3.2051182134425003
0.31142068236652376 3.2051182134425003
0.31142068236652376 3.2051182134425003
0.31142068236652376 3.2051182134425003
0.31142068236652376 3.21803530702348
0.31142068236652376 3.21803530702348
0.31142068236652376 3.21803530702348
0.31142068236652376 3.2422774870925126
0.31142068236652376 3.2422774870925126
0.31142068236652376 3.2422774870925126
0.31142068236652376 3.2422774870925126
0.31142068236652376 3.2422774870925126
0.31142068236652376 3.2422774870925126
0.31142068236652376 3.2422774870925126
0.31142068236652376 3.2422774870925126
0.31142068236652376 3.2422774870925126
0.31142068236652376 3.2422774870925126
0.31142068236652376 3.2422774870925126
0.31142068236652376 3.2422774870925126
0.31142068236652376 3.2422774870925126
0.31142068236652376 3.2422774870925126
0.31142068236652376 3.2531217015486114
0.31142068236652376 3.21803530702348
0.31142068236652376 3.2051182134425003
0.31142068236652376 3.2051182134425003
0.31142068236652376 3.28278172715729
0.31142068236652376 3.28278172715729
0.31142068236652376 3.2422774870925126
0.31142068236652376 3.2635121433527194
0.31142068236652376 3.2635121433527194
0.31142068236652376 3.2615742715840756
0.31142068236652376 3.2615742715840756
0.31142068236652376 3.230795706661268
0.31142068236652376 3.230795706661268
0.31142068236652376 3.2436237912114945
0.31142068236652376 3.2114261152949255
0.31142068236652376 3.184893575798878
0.31142068236652376 3.2480193669490074
0.2696942350833881 3.6212660212693835
0.2905574587249559 3.485248137011595
0.2905574587249559 3.485248137011595
0.2905574587249559 3.485248137011595
0.2905574587249559 3.485248137011595
0.2696942350833881 3.6212660212693835
0.2696942350833881 3.6212660212693835
0.2696942350833881 3.6212660212693835
0.2696942350833881 3.6212660212693835
0.2696942350833881 3.6212660212693835
0.2696942350833881 3.6212660212693835
0.2696942350833881 3.6212660212693835
0.2696942350833881 3.6212660212693835
0.14872535233602868 3.9285007271150416
0.14872535233602868 3.923649276810776
0.2592626232626042 3.698388126525307
0.14872535233602868 3.923649276810776
0.14872535233602868 3.895336530438149
0.14872535233602868 3.895336530438149
0.14872535233602868 3.8743998120065655
0.14872535233602868 3.8743998120065655
0.14872535233602868 3.8743998120065655
0.14872535233602868 3.8743998120065655
0.14872535233602868 3.8743998120065655
0.14872535233602868 3.8743998120065655
0.14872535233602868 3.8743998120065655
0.14872535233602868 3.8743998120065655
0.14872535233602868 3.8743998120065655
0.14872535233602868 3.8743998120065655
0.14872535233602868 3.8743998120065655
0.14872535233602868 3.8743998120065655
0.14872535233602868 3.8743998120065655
0.14872535233602868 3.8743998120065655
0.14872535233602868 3.8743998120065655
0.14872535233602868 3.8743998120065655
0.14872535233602868 3.8743998120065655
0.14872535233602868 3.8743998120065655
0.14872535233602868 3.8743998120065655
0.14872535233602868 3.8743998120065655
0.14872535233602868 3.8743998120065655
0.14872535233602868 3.8743998120065655
0.14872535233602868 3.8743998120065655
0.14872535233602868 3.8743998120065655
0.14872535233602868 3.8743998120065655
0.14872535233602868 3.8743998120065655
0.14872535233602868 3.8743998120065655
0.14872535233602868 3.8743998120065655
0.14872535233602868 3.8743998120065655
0.14872535233602868 3.8743998120065655
