0.05523634623506157 4.962937854216739
0.05523634623506157 4.942458188053701
0.05523634623506157 4.942458188053701
0.05523634623506157 4.919792918719974
0.05523634623506157 4.909457609014727
0.05523634623506157 4.909457609014727
0.05523634623506157 4.905432303658869
0.05523634623506157 4.905432303658869
0.05523634623506157 4.895463809621915
0.7351302487583592 2.9576130905101263
0.7351302487583592 2.9488263327945097
0.7351302487583592 2.9488263327945097
0.7351302487583592 2.9488263327945097
0.7351302487583592 2.9240398424133285
0.7351302487583592 2.9240398424133285
0.7351302487583592 2.9240398424133285
0.7358414754478824 3.167910103293443
0.7358414754478824 3.167910103293443
0.7358414754478824 3.167910103293443
0.7358414754478824 3.157736568617825
0.7358414754478824 3.157736568617825
0.7358414754478824 3.157736568617825
0.7358414754478824 3.157736568617825
0.7358414754478824 3.157736568617825
0.7358414754478824 3.157736568617825
0.7358414754478824 3.133911568099059
0.7358414754478824 3.133911568099059
0.7358414754478824 3.133911568099059
0.7358414754478824 3.133911568099059
0.7358414754478824 3.133911568099059
0.7358414754478824 3.133911568099059
0.7358414754478824 3.133911568099059
0.7358414754478824 3.133911568099059
0.7358414754478824 3.133911568099059
0.7358414754478824 3.133911568099059
0.7358414754478824 3.133911568099059
0.7358414754478824 3.133911568099059
0.7358414754478824 3.133911568099059
0.7358414754478824 3.133911568099059
0.738715341885144 2.9973419618063946
0.738715341885144 2.9973419618063946
0.738715341885144 2.9973419618063946
0.738715341885144 2.9973419618063946
0.738715341885144 2.9973419618063946
0.738715341885144 2.9973419618063946
0.738715341885144 2.9973419618063946
0.7537369904161159 2.9637651847554927
0.74622616615063 2.980519824412914
0.74622616615063 2.980519824412914
0.74622616615063 2.945686388820709
0.74622616615063 2.945686388820709
0.74622616615063 2.945686388820709
0.74622616615063 2.945686388820709
0.74622616615063 2.9111308061579315
0.74622616615063 2.9111308061579315
0.74622616615063 2.9111308061579315
0.74622616615063 2.9111308061579315
0.74622616615063 2.9111308061579315
0.74622616615063 2.9111308061579315
0.74622616615063 2.9111308061579315
0.74622616615063 2.9111308061579315
0.74622616615063 2.9111308061579315
0.74622616615063 2.9111308061579315
0.74622616615063 2.9111308061579315
0.74622616615063 2.9111308061579315
0.74622616615063 2.9111308061579315
0.74622616615063 2.9111308061579315
0.74622616615063 2.9111308061579315
0.74622616615063 2.9111308061579315
0.74622616615063 2.9111308061579315
0.74622616615063 2.9111308061579315
0.74622616615063 2.9111308061579315
0.74622616615063 2.9111308061579315
0.74622616615063 2.9387156502600873
0.74622616615063 2.9387156502600873
0.74622616615063 2.9387156502600873
0.74622616615063 2.9387156502600873
0.74622616615063 2.9387156502600873
0.74622616615063 2.945686388820709
0.74622616615063 2.9111308061579315
0.74622616615063 2.9111308061579315
0.74622616615063 2.9387156502600873
0.74622616615063 2.9111308061579315
0.7216092991693974 2.9754861593662594
0.7216092991693974 2.9744371893467982
0.7216092991693974 2.9744371893467982
0.7216092991693974 2.9744371893467982
0.7216092991693974 2.9673150000359283
0.7216092991693974 2.9744371893467982
0.7216092991693974 2.9754861593662594
0.7216092991693974 2.9754861593662594
0.7216092991693974 2.9754861593662594
0.7216092991693974 2.9781750954574697
0.7216092991693974 2.9781750954574697
0.7216092991693974 2.9781750954574697
0.7216092991693974 2.9781750954574697
0.7216092991693974 2.9781750954574697
0.7216092991693974 2.9781750954574697
0.7216092991693974 2.9781750954574697
0.7216092991693974 2.9781750954574697
0.7216092991693974 2.9781750954574697
0.7216092991693974 2.9781750954574697
0.7216092991693974 2.9781750954574697
0.7216092991693974 2.9781750954574697
0.7216092991693974 2.9781750954574697
0.7216092991693974 2.9781750954574697
0.7216092991693974 2.9781750954574697
0.7087850345031671 2.9754718493272687
0.7087850345031671 2.9754718493272687
0.7087850345031671 2.9754718493272687
0.8075702239817394 2.4226770299762928
0.8075702239817394 2.4226770299762928
0.8075702239817394 2.4226770299762928
0.8075702239817394 2.4226770299762928
0.8075702239817394 2.4226770299762928
0.8075702239817394 2.4226770299762928
0.8075702239817394 2.4226770299762928
0.8075702239817394 2.4226770299762928
0.8075702239817394 2.4226770299762928
0.7908363179052108 2.539305489106512
0.7908363179052108 2.539305489106512
0.7908363179052108 2.539305489106512
0.7908363179052108 2.539305489106512
0.7908363179052108 2.539305489106512
0.7908363179052108 2.539305489106512
0.7908363179052108 2.539305489106512
0.7908363179052108 2.539305489106512
0.7908363179052108 2.539305489106512
0.7908363179052108 2.539305489106512
0.7908363179052108 2.539305489106512
0.7908363179052108 2.539305489106512
0.7908363179052108 2.539305489106512
0.7908363179052108 2.539305489106512
0.7908363179052108 2.539305489106512
0.7908363179052108 2.539305489106512
0.7908363179052108 2.539305489106512
0.7908363179052108 2.539305489106512
0.7908363179052108 2.539305489106512
0.7908363179052108 2.539305489106512
0.7908363179052108 2.539305489106512
0.7908363179052108 2.539305489106512
0.7908363179052108 2.539305489106512
0.7908363179052108 2.539305489106512
0.7908363179052108 2.539305489106512
0.7908363179052108 2.539305489106512
0.7908363179052108 2.539305489106512
0.7908363179052108 2.539305489106512
0.7908363179052108 2.539305489106512
0.7908363179052108 2.539305489106512
0.7908363179052108 2.531225487244086
0.7908363179052108 2.5411351402221993
0.7908363179052108 2.5210376271758297
0.7908363179052108 2.5210376271758297
0.7908363179052108 2.5210376271758297
0.7908363179052108 2.5210376271758297
0.7908363179052108 2.535265171719131
0.7908363179052108 2.539305489106512
0.7908363179052108 2.539305489106512
0.7908363179052108 2.5210376271758297
0.7908363179052108 2.5105359526241817
0.7908363179052108 2.5439114458726544
0.7908363179052108 2.537456882575966
0.7908363179052108 2.5472907137506837
0.7908363179052108 2.544759489752359
0.7908363179052108 2.544759489752359
0.7908363179052108 2.543346438301899
0.7908363179052108 2.543346438301899
0.7908363179052108 2.533899940060996
0.7908363179052108 2.509721868679954
0.7908363179052108 2.545174226976278
0.7908363179052108 2.567260552325258
0.7908363179052108 2.5411022864713333
0.7908363179052108 2.5411022864713333
0.7908363179052108 2.535447075439293
0.7908363179052108 2.555008937595658
0.7908363179052108 2.545641752467469
0.4696221527987297 3.1794818188478504
0.4696221527987297 3.2118821188839486
0.4696221527987297 3.2118821188839486
0.4696221527987297 3.2118821188839486
0.4696221527987297 3.2118821188839486
0.4696221527987297 3.2118821188839486
0.4696221527987297 3.1794818188478504
0.4696221527987297 3.1794818188478504
0.4696221527987297 3.1794818188478504
0.4696221527987297 3.1924513282126847
0.4696221527987297 3.1924513282126847
0.4696221527987297 3.1924513282126847
0.4696221527987297 3.1924513282126847
0.4696221527987297 3.1924513282126847
0.4696221527987297 3.1952632435354635
0.4696221527987297 3.1952632435354635
0.4696221527987297 3.1952632435354635
0.4696221527987297 3.1952632435354635
0.4696221527987297 3.1952632435354635
0.4696221527987297 3.1952632435354635
0.4696221527987297 3.1952632435354635
0.4696221527987297 3.205533483151222
0.4696221527987297 3.1856334977177974
0.4696221527987297 3.215250781890657
0.4696221527987297 3.215250781890657
0.4696221527987297 3.152045336213377
0.4696221527987297 3.152045336213377
0.4696221527987297 3.1931151373234603
0.4650106005843812 3.149027912052796
0.4650106005843812 3.149027912052796
0.4650106005843812 3.149027912052796
0.4650106005843812 3.149027912052796
0.4650106005843812 3.149027912052796
0.4650106005843812 3.149027912052796
0.4650106005843812 3.149027912052796
0.4650106005843812 3.149027912052796
0.4650106005843812 3.149027912052796
0.4650106005843812 3.149027912052796
0.4650106005843812 3.149027912052796
0.4650106005843812 3.149027912052796
0.4650106005843812 3.149027912052796
0.4650106005843812 3.149027912052796
0.4650106005843812 3.149027912052796
0.4650106005843812 3.149027912052796
0.4650106005843812 3.149027912052796
0.42476797075715966 3.324173777142861
0.42476797075715966 3.324173777142861
0.4098195857560367 3.349951974633364
0.4098195857560367 3.349951974633364
0.4098195857560367 3.349951974633364
0.4098195857560367 3.349951974633364
0.4098195857560367 3.349951974633364
0.4098195857560367 3.349951974633364
0.4098195857560367 3.349951974633364
0.4098195857560367 3.349951974633364
0.4098195857560367 3.349951974633364
0.4098195857560367 3.349951974633364
0.4098195857560367 3.349951974633364
0.4098195857560367 3.349951974633364
0.4098195857560367 3.349951974633364
0.4098195857560367 3.349951974633364
0.4098195857560367 3.349951974633364
0.4098195857560367 3.349951974633364
0.4098195857560367 3.349951974633364
0.4098195857560367 3.349951974633364
0.37745021070753837 3.3948067852064168
0.37745021070753837 3.3948067852064168
0.37745021070753837 3.3948067852064168
0.37745021070753837 3.3948067852064168
0.37745021070753837 3.3948067852064168
0.37745021070753837 3.3948067852064168
0.37745021070753837 3.3948067852064168
0.37745021070753837 3.3948067852064168
0.32889614813479073 3.4186499902175767
0.32889614813479073 3.4186499902175767
0.32889614813479073 3.4186499902175767
0.3484224141375327 3.398171496720409
0.32889614813479073 3.4186499902175767
0.32889614813479073 3.4186499902175767
0.32889614813479073 3.4186499902175767
0.32889614813479073 3.4186499902175767
0.32889614813479073 3.4186499902175767
0.32889614813479073 3.4186499902175767
0.32889614813479073 3.4186499902175767
0.32889614813479073 3.4186499902175767
0.32889614813479073 3.4186499902175767
0.31068837467001037 3.4300030959780736
0.31068837467001037 3.4300030959780736
0.31068837467001037 3.4300030959780736
0.31068837467001037 3.4300030959780736
0.29968784486837224 3.4259801447342224
0.29968784486837224 3.4154869071655707
0.29968784486837224 3.4154869071655707
0.29968784486837224 3.4154869071655707
0.29968784486837224 3.4259801447342224
0.2941875799675532 3.4373072926585575
0.2941875799675532 3.4373072926585575
0.2941875799675532 3.4373072926585575
0.2941875799675532 3.4373072926585575
0.2941875799675532 3.4373072926585575
0.2941875799675532 3.4373072926585575
0.2886873150667341 3.459261337717219
0.2886873150667341 3.459261337717219
0.2886873150667341 3.459261337717219
0.2886873150667341 3.459261337717219
0.2886873150667341 3.459261337717219
0.28337671447283985 3.483888644932924
0.28337671447283985 3.483888644932924
0.2805317498689679 3.487756292578275
0.2805317498689679 3.487756292578275
0.2805317498689679 3.487756292578275
0.2805317498689679 3.487756292578275
0.2805317498689679 3.487756292578275
0.2805317498689679 3.487756292578275
0.26943638791386726 3.521968072701986
0.26943638791386726 3.5038436363595573
0.26943638791386726 3.5038436363595573
0.26943638791386726 3.521968072701986
0.26943638791386726 3.521968072701986
0.26943638791386726 3.521968072701986
0.26943638791386726 3.521968072701986
0.26943638791386726 3.521968072701986
0.26943638791386726 3.521968072701986
0.26943638791386726 3.521968072701986
0.26943638791386726 3.521968072701986
0.26943638791386726 3.521968072701986
0.26943638791386726 3.521968072701986
0.26943638791386726 3.521968072701986
0.26943638791386726 3.521968072701986
0.26943638791386726 3.521968072701986
0.26943638791386726 3.521968072701986
0.3196443082841427 3.177850220393027
0.324367081985923 3.1170455718365617
0.324367081985923 3.1170455718365617
0.3196443082841427 3.177850220393027
0.3196443082841427 3.177850220393027
0.3196443082841427 3.1832815532743157
0.3196443082841427 3.1832815532743157
0.3196443082841427 3.199372060877985
0.3196443082841427 3.199372060877985
0.310198760880582 3.225120500573723
0.310198760880582 3.225120500573723
0.310198760880582 3.225120500573723
0.3070502450793951 3.2274260873089857
0.3070502450793951 3.2274260873089857
0.3070502450793951 3.2383289023135706
0.30547598717880164 3.252863771922776
0.30547598717880164 3.252863771922776
0.30075321347702133 3.2807275247323346
0.30075321347702133 3.2807275247323346
0.29448269205334776 3.2895095423576457
0.29448269205334776 3.2895095423576457
0.29448269205334776 3.2895095423576457
0.27994731665155864 3.3030404211255178
0.27994731665155864 3.3030404211255178
0.27994731665155864 3.3030404211255178
0.27994731665155864 3.3030404211255178
0.27994731665155864 3.3030404211255178
0.27631347280111135 3.3051963762858385
0.27631347280111135 3.3051963762858385
0.27631347280111135 3.3051963762858385
0.2654119412497695 3.333791582380557
0.2654119412497695 3.333791582380557
0.2654119412497695 3.333791582380557
0.2654119412497695 3.333791582380557
0.2654119412497695 3.3503750829919676
0.24802907797712714 3.3641757368704566
0.24802907797712714 3.3641757368704566
0.24802907797712714 3.3641757368704566
0.24802907797712714 3.3641757368704566
0.24802907797712714 3.3641757368704566
0.24802907797712714 3.3641757368704566
0.24802907797712714 3.3641757368704566
0.24802907797712714 3.3641757368704566
0.22311537761356126 3.4311713523740437
0.22311537761356126 3.4311713523740437
0.22311537761356126 3.4311713523740437
0.22311537761356126 3.4311713523740437
0.22311537761356126 3.4311713523740437
0.22311537761356126 3.4311713523740437
0.22311537761356126 3.4311713523740437
0.22311537761356126 3.4311713523740437
0.22311537761356126 3.4311713523740437
0.2102653494419813 3.469915361832962
0.14788034343133316 3.848032090457754
0.14788034343133316 3.848032090457754
0.14788034343133316 3.848032090457754
0.2102653494419813 3.469915361832962
0.2102653494419813 3.469915361832962
0.19741532127040134 3.509636120448436
0.19741532127040134 3.509636120448436
0.19741532127040134 3.509636120448436
0.19490764649078082 3.4850523303832865
0.19490764649078082 3.4850523303832865
0.18777780014171636 3.537299749565042
0.07009449202842198 3.9142140777384147
0.07009449202842198 3.9084402508054685
0.07009449202842198 3.9084402508054685
0.07009449202842198 3.9084402508054685
0.07009449202842198 3.9084402508054685
0.07815285418954401 3.664781887153835
0.07412367310898299 3.784678682032797
0.07412367310898299 3.784678682032797
0.07412367310898299 3.784678682032797
0.07412367310898299 3.784678682032797
0.07009449202842198 3.9054880774687057
0.07009449202842198 3.9054880774687057
0.07009449202842198 3.9054880774687057
0.07009449202842198 3.9054880774687057
0.07009449202842198 3.9054880774687057
0.07009449202842198 3.9054880774687057
0.07009449202842198 3.9142140777384147
0.053977767706177904 4.236086632791243
0.053977767706177904 4.236086632791243
0.053977767706177904 4.236086632791243
0.053977767706177904 4.236086632791243
0.053977767706177904 4.236086632791243
0.1287539809977784 3.8457768886479524
0.12210226497096113 3.8685852636889773
0.12210226497096113 3.8685852636889773
0.11605139457237233 3.9194662508631057
0.11605139457237233 3.9194662508631057
0.1060614573120501 3.9641193810149846
0.1060614573120501 3.9641193810149846
0.1060614573120501 3.9641193810149846
0.1060614573120501 3.9641193810149846
0.03341532870003768 4.4871918184303325
0.017715137981128733 4.934642593381886
0.016880962711400674 4.831642390249716
0.016880962711400674 4.831642390249716
