0.5450893391977721 3.776441339106708
0.5450893391977721 3.769942397787782
0.05799529370221712 6.318293825712766
0.5450893391977721 3.7649089983829427
0.5450893391977721 3.7649089983829427
0.05799529370221712 6.274035937026309
0.5450893391977721 3.755056563655181
0.5450893391977721 3.7371994050176043
0.05799529370221712 6.244988814813749
0.5450893391977721 3.7323703408844797
0.5450893391977721 3.7323703408844797
0.05799529370221712 6.171824312578943
0.5450893391977721 3.726549299468705
0.5450893391977721 3.726549299468705
0.05799529370221712 6.171824312578943
0.05799529370221712 6.171824312578943
0.05799529370221712 6.171824312578943
0.05799529370221712 6.171824312578943
0.05799529370221712 6.171824312578943
0.05799529370221712 6.171824312578943
0.05799529370221712 6.163412522536457
0.05799529370221712 6.163412522536457
0.05799529370221712 6.163412522536457
0.05799529370221712 6.163412522536457
0.05799529370221712 6.163412522536457
0.07965592746466049 5.355245263535339
0.07965592746466049 5.3389324997479335
0.10082345482166741 5.042723707080932
0.10082345482166741 5.042723707080932
0.10082345482166741 5.042723707080932
0.10082345482166741 5.018098577961775
0.10082345482166741 5.018098577961775
0.10082345482166741 4.960542730335537
0.10082345482166741 4.960542730335537
0.59399236941797 3.245648610214289
0.59399236941797 3.245648610214289
0.59399236941797 3.245648610214289
0.59399236941797 3.245648610214289
0.59399236941797 3.2354030437581343
0.59399236941797 3.2354030437581343
0.59399236941797 3.2354030437581343
0.59399236941797 3.2354030437581343
0.59399236941797 3.2354030437581343
0.59399236941797 3.2354030437581343
0.59399236941797 3.2354030437581343
0.59399236941797 3.245648610214289
0.59399236941797 3.2261526874601896
0.59399236941797 3.2354030437581343
0.59399236941797 3.245648610214289
0.59399236941797 3.245648610214289
0.59399236941797 3.2354030437581343
0.59399236941797 3.2354030437581343
0.59399236941797 3.245648610214289
0.59399236941797 3.245648610214289
0.59399236941797 3.2261526874601896
0.59399236941797 3.2354030437581343
0.59399236941797 3.2354030437581343
0.5923194233502651 3.0906419263307106
0.5923194233502651 3.0906419263307106
0.5923194233502651 3.0906419263307106
0.5923194233502651 3.0906419263307106
0.5923194233502651 3.0906419263307106
0.5923194233502651 3.0906419263307106
0.5923194233502651 3.0906419263307106
0.5923194233502651 3.0906419263307106
0.5923194233502651 3.0906419263307106
0.5923194233502651 3.0906419263307106
0.5923194233502651 3.0906419263307106
0.5923194233502651 3.0906419263307106
0.5923194233502651 3.0906419263307106
0.5923194233502651 3.0906419263307106
0.5923194233502651 3.0906419263307106
0.5923194233502651 3.0906419263307106
0.5923194233502651 3.0906419263307106
0.5923194233502651 3.0906419263307106
0.5923194233502651 3.0906419263307106
0.5923194233502651 3.0906419263307106
0.5923194233502651 3.0906419263307106
0.5923194233502651 3.0906419263307106
0.5923194233502651 3.0906419263307106
0.5873005851471507 3.128710906902986
0.5873005851471507 3.128710906902986
0.5873005851471507 3.128710906902986
0.5873005851471507 3.128710906902986
0.5873005851471507 3.128710906902986
0.5873005851471507 3.128710906902986
0.5873005851471507 3.128710906902986
0.5873005851471507 3.128710906902986
0.5873005851471507 3.128710906902986
0.5873005851471507 3.128710906902986
0.5873005851471507 3.128710906902986
0.5873005851471507 3.128710906902986
0.5873005851471507 3.128710906902986
0.5873005851471507 3.128710906902986
0.5873005851471507 3.128710906902986
0.5873005851471507 3.128710906902986
0.5873005851471507 3.128710906902986
0.5873005851471507 3.128710906902986
0.5873005851471507 3.128710906902986
0.5873005851471507 3.128710906902986
0.5873005851471507 3.128710906902986
0.5873005851471507 3.128710906902986
0.5873005851471507 3.128710906902986
0.4621971981502524 2.5580250592581177
0.4621971981502524 2.5584931458206013
0.4621971981502524 2.5641800022826935
0.4621971981502524 2.580588425707513
0.4621971981502524 2.5600812122586496
0.4621971981502524 2.5756692441552467
0.4621971981502524 2.5756692441552467
0.4621971981502524 2.556455897816893
0.4621971981502524 2.556455897816893
0.4621971981502524 2.556455897816893
0.43179702089063976 2.6033305614219544
0.43179702089063976 2.6033305614219544
0.43179702089063976 2.6033305614219544
0.43179702089063976 2.6033305614219544
0.43179702089063976 2.6033305614219544
0.41659693226083344 2.6421526370127597
0.41659693226083344 2.6421526370127597
0.41659693226083344 2.6421526370127597
0.41659693226083344 2.6421526370127597
0.41659693226083344 2.6421526370127597
0.41659693226083344 2.6421526370127597
0.41659693226083344 2.6421526370127597
0.40899688794593025 2.6439590748093265
0.40899688794593025 2.6439590748093265
0.4051968657884787 2.6468365710444615
0.4051968657884787 2.6468365710444615
0.4051968657884787 2.6468365710444615
0.4051968657884787 2.6468365710444615
0.4013968436310271 2.6706118550226017
0.4013968436310271 2.6706118550226017
0.4013968436310271 2.6706118550226017
0.4013968436310271 2.6760653515044774
0.4013968436310271 2.6760653515044774
0.4013968436310271 2.6760653515044774
0.4013968436310271 2.6760653515044774
0.4013968436310271 2.6760653515044774
0.4013968436310271 2.6760653515044774
0.4013968436310271 2.6760653515044774
0.4013968436310271 2.6760653515044774
0.4013968436310271 2.6760653515044774
0.4013968436310271 2.6760653515044774
0.4013968436310271 2.6706118550226017
0.4013968436310271 2.6706118550226017
0.4013968436310271 2.691499717598937
0.4013968436310271 2.691499717598937
0.4013968436310271 2.691499717598937
0.4013968436310271 2.691499717598937
0.4013968436310271 2.691499717598937
0.4013968436310271 2.691499717598937
0.4013968436310271 2.691499717598937
0.4013968436310271 2.691499717598937
0.4013968436310271 2.691499717598937
0.4013968436310271 2.691499717598937
0.4013968436310271 2.6706118550226017
0.4013968436310271 2.6934660731905344
0.4013968436310271 2.6934660731905344
0.4013968436310271 2.6775275357447565
0.4013968436310271 2.683781681277723
0.4013968436310271 2.683781681277723
0.4013968436310271 2.6809939405928147
0.4013968436310271 2.687640486492269
0.4013968436310271 2.687640486492269
0.4013968436310271 2.6722078284409543
0.4013968436310271 2.6722078284409543
0.4013968436310271 2.6920054836558855
0.4013968436310271 2.7021681782790394
0.4013968436310271 2.6798295758188733
0.4013968436310271 2.70892768081531
0.4013968436310271 2.725404296520359
0.4013968436310271 2.725404296520359
0.4013968436310271 2.6755517818593586
0.4013968436310271 2.6920054836558855
0.4013968436310271 2.684031994448529
0.4013968436310271 2.7341255455384395
0.4013968436310271 2.674325291812601
0.4013968436310271 2.7147737632930498
0.39034518471170504 3.182554785944751
0.39034518471170504 3.182554785944751
0.39034518471170504 3.182554785944751
0.39034518471170504 3.182554785944751
0.3892565772709833 3.322566317877736
0.3892565772709833 3.322566317877736
0.3892565772709833 3.322566317877736
0.3892565772709833 3.322566317877736
0.3892565772709833 3.322566317877736
0.3892565772709833 3.322566317877736
0.30231437088292423 3.220502551004136
0.30231437088292423 3.220502551004136
0.30231437088292423 3.220502551004136
0.30231437088292423 3.220502551004136
0.30231437088292423 3.220502551004136
0.30231437088292423 3.220502551004136
0.30231437088292423 3.220502551004136
0.30231437088292423 3.220502551004136
0.30231437088292423 3.220502551004136
0.30231437088292423 3.220502551004136
0.21537216449486518 3.1354638424270225
0.30231437088292423 3.220502551004136
0.30231437088292423 3.220502551004136
0.30231437088292423 3.220502551004136
0.30231437088292423 3.220502551004136
0.30231437088292423 3.220502551004136
0.30231437088292423 3.220502551004136
0.30231437088292423 3.220502551004136
0.30231437088292423 3.220502551004136
0.30231437088292423 3.220502551004136
0.30231437088292423 3.220502551004136
0.30231437088292423 3.220502551004136
0.30231437088292423 3.220502551004136
0.30231437088292423 3.220502551004136
0.30231437088292423 3.220502551004136
0.30231437088292423 3.220502551004136
0.30231437088292423 3.220502551004136
0.30231437088292423 3.220502551004136
0.30231437088292423 3.220502551004136
0.30231437088292423 3.220502551004136
0.30231437088292423 3.220502551004136
0.30231437088292423 3.220502551004136
0.30231437088292423 3.220502551004136
0.30231437088292423 3.220502551004136
0.2899211679765399 3.24016676655503
0.2899211679765399 3.24016676655503
0.2899211679765399 3.24016676655503
0.2899211679765399 3.24016676655503
0.2899211679765399 3.24016676655503
0.2899211679765399 3.24016676655503
0.2899211679765399 3.24016676655503
0.2899211679765399 3.24016676655503
0.2899211679765399 3.24016676655503
0.2899211679765399 3.24016676655503
0.2899211679765399 3.24016676655503
0.2899211679765399 3.24016676655503
0.2899211679765399 3.24016676655503
0.2899211679765399 3.24016676655503
0.2899211679765399 3.24016676655503
0.2899211679765399 3.24016676655503
0.2899211679765399 3.24016676655503
0.2899211679765399 3.24016676655503
0.2899211679765399 3.24016676655503
0.2899211679765399 3.24016676655503
0.2899211679765399 3.24016676655503
0.2899211679765399 3.24016676655503
0.2899211679765399 3.24016676655503
0.259706304320209 3.276567478614346
0.259706304320209 3.276567478614346
0.259706304320209 3.276567478614346
0.259706304320209 3.276567478614346
0.259706304320209 3.276567478614346
0.259706304320209 3.276567478614346
0.259706304320209 3.276567478614346
0.259706304320209 3.276567478614346
0.259706304320209 3.276567478614346
0.259706304320209 3.276567478614346
0.259706304320209 3.276567478614346
0.259706304320209 3.276567478614346
0.259706304320209 3.276567478614346
0.259706304320209 3.276567478614346
0.259706304320209 3.276567478614346
0.259706304320209 3.276567478614346
0.259706304320209 3.276567478614346
0.259706304320209 3.276567478614346
0.259706304320209 3.276567478614346
0.3121672051921426 2.692654124432712
0.3121672051921426 2.7193251278252952
0.3121672051921426 2.7193251278252952
0.3121672051921426 2.7193251278252952
0.3121672051921426 2.7193251278252952
0.3121672051921426 2.7193251278252952
0.3121672051921426 2.7193251278252952
0.3121672051921426 2.7193251278252952
0.3121672051921426 2.7193251278252952
0.3121672051921426 2.7193251278252952
0.3121672051921426 2.7193251278252952
0.3121672051921426 2.7193251278252952
0.4769959884777055 3.134895776404788
0.4769959884777055 3.134895776404788
0.3065259685976003 3.1353630753764885
0.3065259685976003 3.1353630753764885
0.28306849249771504 2.756442417039214
0.28306849249771504 2.756442417039214
0.28306849249771504 2.756442417039214
0.28306849249771504 2.756442417039214
0.29482105252825247 3.1704834849151786
0.29482105252825247 3.1704834849151786
0.290431709002247 3.1564212110029475
0.290431709002247 3.1564212110029475
0.290431709002247 3.1564212110029475
0.27616634254272937 3.182350224961215
0.2619009760832117 3.1467308115893777
0.2619009760832117 3.1193727397596054
0.2619009760832117 3.1193727397596054
0.2619009760832117 3.1467308115893777
0.2619009760832117 3.1467308115893777
0.2619009760832117 3.1467308115893777
0.2542196249127022 3.129643216079814
0.2542196249127022 3.129643216079814
0.2542196249127022 3.129643216079814
0.2542196249127022 3.129643216079814
0.2542196249127022 3.129643216079814
0.2503789493274475 3.181968855129206
0.2503789493274475 3.181968855129206
0.2503789493274475 3.181968855129206
0.2503789493274475 3.181968855129206
0.2503789493274475 3.181968855129206
0.1970138417562034 3.1647186284509585
0.1970138417562034 3.1593895863076207
0.1970138417562034 3.1593895863076207
0.1970138417562034 3.1593895863076207
0.1970138417562034 3.1593895863076207
0.1970138417562034 3.1582768122807474
0.1970138417562034 3.1582768122807474
0.1970138417562034 3.1582768122807474
0.1970138417562034 3.1582768122807474
0.1970138417562034 3.1582768122807474
0.1970138417562034 3.1582768122807474
0.1970138417562034 3.1593895863076207
0.17341856858528032 2.762845996851715
0.17341856858528032 2.762845996851715
0.17341856858528032 2.762845996851715
0.17341856858528032 2.762845996851715
0.17341856858528032 2.762845996851715
0.17341856858528032 2.762845996851715
0.17341856858528032 2.762845996851715
0.17041427685521843 2.814239952310667
0.17041427685521843 2.814239952310667
0.17041427685521843 2.814239952310667
0.16440569339509464 2.832978354835661
0.16440569339509464 2.832978354835661
0.16440569339509464 2.832978354835661
0.16440569339509464 2.832978354835661
0.1617769381312905 2.851252500130254
0.1403713595545995 2.8565481559665233
0.1403713595545995 2.8565481559665233
0.1403713595545995 2.8565481559665233
0.1403713595545995 2.8565481559665233
0.1403713595545995 2.8565481559665233
0.1403713595545995 2.8565481559665233
0.13707498418564307 2.807966648559389
0.13707498418564307 2.807966648559389
0.13707498418564307 2.807966648559389
0.13707498418564307 2.807966648559389
0.1337786088166866 2.8473281156025636
0.1337786088166866 2.8473281156025636
0.1337786088166866 2.855757450155868
0.1337786088166866 2.855757450155868
0.1337786088166866 2.8860891692639656
0.1337786088166866 2.8860891692639656
0.1337786088166866 2.8860891692639656
0.1337786088166866 2.8860891692639656
0.1337786088166866 2.8860891692639656
0.1337786088166866 2.8860891692639656
0.1082656494967339 3.3257827688315023
0.1082656494967339 3.3257827688315023
0.1082656494967339 3.3257827688315023
0.1082656494967339 3.3257827688315023
0.1082656494967339 3.3257827688315023
0.1082656494967339 3.3257827688315023
0.1082656494967339 3.3199894694372376
0.1082656494967339 3.3199894694372376
0.1082656494967339 3.3199894694372376
0.1082656494967339 3.3199894694372376
0.1082656494967339 3.3437278397341874
0.1082656494967339 3.365345010286473
0.1082656494967339 3.365345010286473
0.1082656494967339 3.397254687518001
0.10783117643039951 3.4350654797208473
0.10783117643039951 3.4715631214426073
0.10783117643039951 3.4849349759825703
0.10783117643039951 3.5245089168283346
0.10783117643039951 3.5245089168283346
0.10783117643039951 3.5245089168283346
0.10783117643039951 3.5822006584623396
0.12231872393645049 3.759900239398063
0.09985052692636409 3.5264473818442266
0.09391856851807145 3.654323452512282
0.09391856851807145 3.654323452512282
0.09391856851807145 3.654323452512282
0.09391856851807145 3.654323452512282
0.09391856851807145 3.654323452512282
0.08000596060574339 3.803779467118855
0.08000596060574339 3.803779467118855
0.08000596060574339 3.803779467118855
0.08000596060574339 3.803779467118855
0.08000596060574339 3.803779467118855
0.07059585021936873 3.8666468081896923
0.07059585021936873 3.8666468081896923
0.07059585021936873 3.8666468081896923
0.07059585021936873 3.8666468081896923
0.08429026978961321 4.219322177700535
0.07972685529199272 4.258960719524967
0.07915642847979015 4.277997789861449
0.05975627895065483 4.233495433055188
0.0675577499650048 4.440633740675662
0.0675577499650048 4.440633740675662
0.06147319730151083 4.507708069148892
0.06147319730151083 4.507708069148892
0.03950932636450463 4.801165832279407
0.03409271031578798 4.954180288898542
0.047782953808649414 4.732468451861858
0.014760121082475056 5.18880212801333
0.014760121082475056 5.18880212801333
0.014760121082475056 5.18880212801333
0.008328749061512403 5.258404092575389
0.05799529370221712 6.318293825712766
