0.7294238401308101 3.2038472121110853
0.23238924663290572 4.479960313730381
0.6758051105863114 3.3403924069542517
0.7294238401308101 3.199257378141106
0.7294238401308101 3.19766570476041
0.6758051105863114 3.3403924069542517
0.7294238401308101 3.1950696208766214
0.7294238401308101 3.1950696208766214
0.7294238401308101 3.1950696208766214
0.7294238401308101 3.1948350821188205
0.7294238401308101 3.181466264405039
0.7294238401308101 3.181466264405039
0.7294238401308101 3.1600651380837883
0.7294238401308101 3.1595456346488033
0.7294238401308101 3.1595456346488033
0.7294238401308101 3.1595456346488033
0.7294238401308101 3.1595456346488033
0.7294238401308101 3.1403547253253725
0.7294238401308101 3.1403547253253725
0.43532883747373696 4.075390685445505
0.43532883747373696 4.075390685445505
0.7294238401308101 3.118346123127097
0.43532883747373696 4.075390685445505
0.43532883747373696 4.075390685445505
0.7294238401308101 3.118346123127097
0.43532883747373696 4.075390685445505
0.43532883747373696 4.074533798885236
0.43532883747373696 4.066610561602099
0.43532883747373696 4.066610561602099
0.43532883747373696 4.066610561602099
0.43532883747373696 4.055808860379262
0.43532883747373696 4.035719872702729
0.43532883747373696 4.035719872702729
0.43532883747373696 4.012485382579128
0.43532883747373696 4.012485382579128
0.43532883747373696 4.012485382579128
0.43532883747373696 4.012485382579128
0.43532883747373696 4.0081032698029695
0.43532883747373696 4.0081032698029695
0.43532883747373696 3.970471617578608
0.43532883747373696 3.963649756244921
0.43532883747373696 3.963649756244921
0.6238651255008938 3.422233472056558
0.6238651255008938 3.422233472056558
0.6238651255008938 3.388868070144268
0.6238651255008938 3.388868070144268
0.6238651255008938 3.388868070144268
0.6238651255008938 3.388868070144268
0.6238651255008938 3.388868070144268
0.6238651255008938 3.388868070144268
0.6238651255008938 3.388868070144268
0.6238651255008938 3.358747487821043
0.28583658462886957 3.3360990139256317
0.28583658462886957 3.3360990139256317
0.28583658462886957 3.3360990139256317
0.28583658462886957 3.3360990139256317
0.28583658462886957 3.3148013069370896
0.28583658462886957 3.3148013069370896
0.5404366135951917 3.204096615398463
0.5404366135951917 3.204096615398463
0.5404366135951917 3.204096615398463
0.28583658462886957 3.3148013069370896
0.28583658462886957 3.3148013069370896
0.28583658462886957 3.3126533139766234
0.28583658462886957 3.3126533139766234
0.28583658462886957 3.3126533139766234
0.28583658462886957 3.3126533139766234
0.28583658462886957 3.3126533139766234
0.28583658462886957 3.3360990139256317
0.28583658462886957 3.3360990139256317
0.28583658462886957 3.3360990139256317
0.3054110663646545 3.2487581442862274
0.3054110663646545 3.2487581442862274
0.3054110663646545 3.2487581442862274
0.3054110663646545 3.2487581442862274
0.3054110663646545 3.2487581442862274
0.3054110663646545 3.2487581442862274
0.3054110663646545 3.2487581442862274
0.3054110663646545 3.2487581442862274
0.3054110663646545 3.2487581442862274
0.3054110663646545 3.205055961041846
0.3054110663646545 3.205055961041846
0.3054110663646545 3.205055961041846
0.3054110663646545 3.205055961041846
0.3054110663646545 3.205055961041846
0.3054110663646545 3.205055961041846
0.3054110663646545 3.205055961041846
0.3054110663646545 3.205055961041846
0.3054110663646545 3.205055961041846
0.3054110663646545 3.205055961041846
0.3054110663646545 3.1628713382938605
0.3054110663646545 3.1628713382938605
0.3054110663646545 3.1628713382938605
0.3054110663646545 3.1628713382938605
0.3054110663646545 3.1628713382938605
0.3054110663646545 3.1628713382938605
0.3054110663646545 3.205055961041846
0.3054110663646545 3.1485843431611893
0.3054110663646545 3.1485843431611893
0.3054110663646545 3.183275878456039
0.29845723731358215 3.1854529718309474
0.29845723731358215 3.1854529718309474
0.29845723731358215 3.1854529718309474
0.29845723731358215 3.1854529718309474
0.29845723731358215 3.1854529718309474
0.29845723731358215 3.1854529718309474
0.29845723731358215 3.1854529718309474
0.29845723731358215 3.1854529718309474
0.28865788810170073 3.193921505137838
0.28865788810170073 3.193921505137838
0.28865788810170073 3.193921505137838
0.28865788810170073 3.193921505137838
0.28865788810170073 3.193921505137838
0.28865788810170073 3.193921505137838
0.28865788810170073 3.193921505137838
0.28865788810170073 3.193921505137838
0.28865788810170073 3.193921505137838
0.28865788810170073 3.193921505137838
0.28865788810170073 3.193921505137838
0.28865788810170073 3.193921505137838
0.28865788810170073 3.193921505137838
0.28865788810170073 3.193921505137838
0.28865788810170073 3.193921505137838
0.28865788810170073 3.193921505137838
0.28865788810170073 3.193921505137838
0.28865788810170073 3.193921505137838
0.5107909948720071 2.543244953729145
0.5107909948720071 2.543244953729145
0.5107909948720071 2.543244953729145
0.5107909948720071 2.543244953729145
0.5107909948720071 2.543244953729145
0.5107909948720071 2.543244953729145
0.28865788810170073 3.193921505137838
0.28865788810170073 3.193921505137838
0.28865788810170073 3.193921505137838
0.28865788810170073 3.193921505137838
0.28865788810170073 3.193921505137838
0.28865788810170073 3.193921505137838
0.28865788810170073 3.194753648983882
0.28865788810170073 3.197271845308215
0.28865788810170073 3.193921505137838
0.28865788810170073 3.193921505137838
0.28865788810170073 3.193921505137838
0.28865788810170073 3.195596647446815
0.28865788810170073 3.190260648558
0.28865788810170073 3.190260648558
0.28865788810170073 3.190260648558
0.26446336035983864 3.262104279498751
0.26446336035983864 3.262104279498751
0.26446336035983864 3.262104279498751
0.26446336035983864 3.262104279498751
0.26446336035983864 3.262104279498751
0.26446336035983864 3.262104279498751
0.26446336035983864 3.262104279498751
0.26446336035983864 3.262104279498751
0.26446336035983864 3.262104279498751
0.26446336035983864 3.262104279498751
0.26446336035983864 3.262104279498751
0.26446336035983864 3.262104279498751
0.26446336035983864 3.262104279498751
0.2584147284243731 3.2941463230268306
0.2584147284243731 3.2941463230268306
0.2584147284243731 3.2941463230268306
0.2584147284243731 3.2941463230268306
0.2584147284243731 3.2941463230268306
0.2584147284243731 3.2941463230268306
0.2584147284243731 3.2941463230268306
0.2584147284243731 3.2941463230268306
0.2584147284243731 3.2941463230268306
0.2584147284243731 3.2941463230268306
0.2584147284243731 3.2941463230268306
0.2584147284243731 3.2941463230268306
0.2584147284243731 3.2941463230268306
0.2584147284243731 3.2941463230268306
0.2584147284243731 3.2941463230268306
0.2584147284243731 3.2941463230268306
0.44094917963068947 2.604895413215983
0.44094917963068947 2.604895413215983
0.44094917963068947 2.604895413215983
0.44094917963068947 2.604895413215983
0.44094917963068947 2.604895413215983
0.44094917963068947 2.604895413215983
0.44094917963068947 2.604895413215983
0.44094917963068947 2.604895413215983
0.44094917963068947 2.604895413215983
0.44094917963068947 2.604895413215983
0.44094917963068947 2.604895413215983
0.44094917963068947 2.604895413215983
0.44094917963068947 2.604895413215983
0.44094917963068947 2.600250489687362
0.44094917963068947 2.624951519890727
0.44094917963068947 2.624951519890727
0.44094917963068947 2.614343787081443
0.44094917963068947 2.6366047729391635
0.44094917963068947 2.640812082247634
0.44094917963068947 2.5913145824163846
0.44094917963068947 2.604895413215983
0.44094917963068947 2.6045848757776997
0.44094917963068947 2.6103109656790235
0.44094917963068947 2.5779651908341106
0.44094917963068947 2.5779651908341106
0.44094917963068947 2.5779651908341106
0.44094917963068947 2.5779651908341106
0.44094917963068947 2.7530131604727295
0.44094917963068947 2.6115749969087854
0.44094917963068947 2.6162324101080827
0.44094917963068947 2.6622240095402656
0.44094917963068947 2.6622240095402656
0.44094917963068947 2.622113954217373
0.44094917963068947 2.622113954217373
0.44094917963068947 2.622113954217373
0.44094917963068947 2.622113954217373
0.44094917963068947 2.622113954217373
0.44094917963068947 2.8086586427605535
0.44094917963068947 2.8086586427605535
0.44094917963068947 2.8086586427605535
0.44094917963068947 2.5588487109317657
0.44094917963068947 2.5579560572961557
0.44094917963068947 2.7778999238146165
0.44094917963068947 2.7778999238146165
0.44094917963068947 2.705964224343542
0.44094917963068947 2.705964224343542
0.44094917963068947 2.5838793138083753
0.44094917963068947 2.6813813349107845
0.44094917963068947 2.6813813349107845
0.44094917963068947 2.5293718728682975
0.44094917963068947 2.6194646738459118
0.44094917963068947 2.7513981737039575
0.44094917963068947 2.7513981737039575
0.44094917963068947 2.6159681830992523
0.44094917963068947 2.7460752831054664
0.44094917963068947 2.692213241754231
0.44094917963068947 2.587997762817538
0.44094917963068947 2.5907571295020126
0.44094917963068947 2.779897501260995
0.44094917963068947 2.623344712230529
0.44094917963068947 2.754224368288315
0.44094917963068947 2.6406233023389154
0.44094917963068947 2.6406233023389154
0.44094917963068947 2.650023532030288
0.44094917963068947 2.7541104719977785
0.44094917963068947 2.5123695654714795
0.44094917963068947 2.5123695654714795
0.3728615039671247 2.740563766723078
0.3728615039671247 2.740563766723078
0.3728615039671247 2.740563766723078
0.3728615039671247 2.740563766723078
0.3728615039671247 2.740563766723078
0.3728615039671247 2.740563766723078
0.3728615039671247 2.740563766723078
0.3728615039671247 2.740563766723078
0.3728615039671247 2.740563766723078
0.3728615039671247 2.740563766723078
0.3728615039671247 2.740563766723078
0.3728615039671247 2.740563766723078
0.3728615039671247 2.740563766723078
0.3728615039671247 2.740563766723078
0.3728615039671247 2.740563766723078
0.3728615039671247 2.740563766723078
0.3728615039671247 2.740563766723078
0.3728615039671247 2.740563766723078
0.3728615039671247 2.740563766723078
0.3728615039671247 2.740563766723078
0.3728615039671247 2.740563766723078
0.3728615039671247 2.740563766723078
0.3728615039671247 2.740563766723078
0.3728615039671247 2.740563766723078
0.3728615039671247 2.740563766723078
0.3728615039671247 2.740563766723078
0.3728615039671247 2.740563766723078
0.3728615039671247 2.740563766723078
0.3728615039671247 2.740563766723078
0.3728615039671247 2.740563766723078
0.3728615039671247 2.749453031439534
0.3728615039671247 2.749453031439534
0.3728615039671247 2.732625730924241
0.3728615039671247 2.732625730924241
0.3728615039671247 2.722110210178553
0.36429295217421 2.9706093290507805
0.36429295217421 2.9706093290507805
0.36429295217421 2.9706093290507805
0.36429295217421 2.9706093290507805
0.36429295217421 2.9706093290507805
0.36322188320009563 2.9731352778617506
0.36322188320009563 2.9731352778617506
0.36322188320009563 2.9731352778617506
0.36322188320009563 2.9731352778617506
0.36322188320009563 2.9731352778617506
0.36322188320009563 2.9731352778617506
0.36322188320009563 2.9731352778617506
0.3600086762777526 3.084153690371736
0.3600086762777526 3.084153690371736
0.3600086762777526 3.084153690371736
0.35947314179069545 3.103703903195008
0.35947314179069545 3.103703903195008
0.3590714909254026 3.1190403150225188
0.3590714909254026 3.1190403150225188
0.35840207281658115 3.1308910303121675
0.35840207281658115 3.1308910303121675
0.35840207281658115 3.1308910303121675
0.35840207281658115 3.1308910303121675
0.357866538329524 3.1650969161644222
0.357866538329524 3.1650969161644222
0.357866538329524 3.1650969161644222
0.357866538329524 3.1650969161644222
0.357866538329524 3.1650969161644222
0.3567285275445275 3.2111916638668907
0.3567285275445275 3.2111916638668907
0.3567285275445275 3.2111916638668907
0.3567285275445275 3.2111916638668907
0.3559921676248239 3.247502150637638
0.35529555440533156 3.2513863822159323
0.35529555440533156 3.2513863822159323
0.35529555440533156 3.2513863822159323
0.35529555440533156 3.2513863822159323
0.35528927861056137 3.3013604892707336
0.35528927861056137 3.3013604892707336
0.3542684159946087 3.3236971765311916
0.3542684159946087 3.328594918097364
0.3542684159946087 3.328594918097364
0.3542684159946087 3.347610279292245
0.35375484678924723 3.3714651206793955
0.35375484678924723 3.3714651206793955
0.24852033904476828 3.7279740462155906
0.24852033904476828 3.7279740462155906
0.24852033904476828 3.690644198976846
0.24852033904476828 3.690644198976846
0.24852033904476828 3.7279740462155906
0.24852033904476828 3.7465316218576556
0.24852033904476828 3.7465316218576556
0.24852033904476828 3.775566680550148
0.24852033904476828 3.775566680550148
0.24852033904476828 3.775566680550148
0.24852033904476828 3.775566680550148
0.24852033904476828 3.775566680550148
0.1363887823272587 3.8299393840823597
0.20946115867723314 3.8745492810524107
0.19544471408754444 3.867951847715475
0.19544471408754444 3.867951847715475
0.19544471408754444 3.867951847715475
0.2024529363823888 3.848478291863223
0.2024529363823888 3.848478291863223
0.2024529363823888 3.848478291863223
0.19544471408754444 3.867951847715475
0.19544471408754444 3.867951847715475
0.19544471408754444 3.867951847715475
0.18142826949785573 3.89344427967448
0.18142826949785573 3.89344427967448
0.18142826949785573 3.89344427967448
0.18142826949785573 3.89344427967448
0.18142826949785573 3.89344427967448
0.16741182490816703 3.9130910677929878
0.16741182490816703 3.9130910677929878
0.16741182490816703 3.9130910677929878
0.1604036026133227 3.9125327805861616
0.1604036026133227 3.9125327805861616
0.1604036026133227 3.9125327805861616
0.15339538031847835 3.9308648258528907
0.15339538031847835 3.920794318878823
0.15339538031847835 3.9308648258528907
0.15339538031847835 3.920794318878823
0.15339538031847835 3.920794318878823
0.15339538031847835 3.920794318878823
0.15339538031847835 3.920794318878823
0.1851922210419737 3.7364288662795704
0.1851922210419737 3.7364288662795704
0.1851922210419737 3.7364288662795704
0.1851922210419737 3.7364288662795704
0.1851922210419737 3.7364288662795704
0.1851922210419737 3.7364288662795704
0.1851922210419737 3.7364288662795704
0.1851922210419737 3.7364288662795704
0.1851922210419737 3.7364288662795704
0.1851922210419737 3.7364288662795704
0.1851922210419737 3.7035715493366816
0.1851922210419737 3.7035715493366816
0.10402560956459718 3.703795356537875
0.10402560956459718 3.703795356537875
0.10402560956459718 3.703795356537875
0.10402560956459718 3.703795356537875
0.10402560956459718 3.703795356537875
0.10402560956459718 3.703795356537875
0.10402560956459718 3.703795356537875
0.10402560956459718 3.703795356537875
0.10402560956459718 3.703795356537875
0.10402560956459718 3.703795356537875
0.10402560956459718 3.703795356537875
0.10402560956459718 3.703795356537875
0.10402560956459718 3.703795356537875
0.10402560956459718 3.703795356537875
0.10402560956459718 3.703795356537875
0.10402560956459718 3.703795356537875
0.10402560956459718 3.703795356537875
0.10402560956459718 3.811359356980106
0.09806809562121088 3.8284406548190466
0.09806809562121088 3.8284406548190466
0.09409671338697326 3.8711036905899046
0.09409671338697326 3.8711036905899046
0.08416781720934935 4.031007746811905
0.08416781720934935 4.031007746811905
0.08416781720934935 4.031007746811905
0.003302839893365217 4.657917071418395
0.003302839893365217 4.657917071418395
0.003302839893365217 4.657917071418395
0.003302839893365217 4.657917071418395
0.003302839893365217 4.657917071418395
