0.3000917285019581 4.23748360372295
0.2043453644641885 4.531699534925801
0.2043453644641885 4.531699534925801
0.2043453644641885 4.531699534925801
0.2043453644641885 4.531699534925801
0.2043453644641885 4.531699534925801
0.2043453644641885 4.531699534925801
0.2043453644641885 4.531699534925801
0.19835844754652188 4.351716269714354
0.19835844754652188 4.351716269714354
0.19835844754652188 4.351716269714354
0.19835844754652188 4.351716269714354
0.8423315492578528 3.18216272185967
0.3794309370056172 3.7991402141531783
0.3794309370056172 3.7991402141531783
0.3794309370056172 3.7991402141531783
0.3794309370056172 3.7991402141531783
0.3794309370056172 3.7991402141531783
0.8774364006185984 2.3710542281868734
0.8774364006185984 2.3573097033608676
0.8774364006185984 2.3573097033608676
0.8774364006185984 2.3573097033608676
0.8774364006185984 2.3573097033608676
0.8774364006185984 2.3573097033608676
0.8774364006185984 2.3573097033608676
0.8774364006185984 2.3433974679235936
0.8774364006185984 2.3433974679235936
0.8774364006185984 2.3433974679235936
0.8774364006185984 2.3433974679235936
0.8774364006185984 2.3433974679235936
0.8774364006185984 2.3433974679235936
0.8774364006185984 2.3330822681919963
0.8774364006185984 2.3330822681919963
0.8774364006185984 2.3330822681919963
0.8774364006185984 2.3330822681919963
0.8774364006185984 2.3330822681919963
0.8774364006185984 2.3330822681919963
0.8774364006185984 2.3207684922671445
0.8774364006185984 2.3207684922671445
0.8774364006185984 2.3207684922671445
0.8774364006185984 2.3207684922671445
0.8774364006185984 2.3207684922671445
0.8774364006185984 2.3207684922671445
0.8774364006185984 2.3207684922671445
0.8774364006185984 2.3207684922671445
0.8774364006185984 2.3207684922671445
0.8774364006185984 2.3207684922671445
0.8774364006185984 2.3207684922671445
0.8774364006185984 2.3207684922671445
0.8774364006185984 2.3046054990574727
0.8774364006185984 2.3046054990574727
0.8774364006185984 2.3046054990574727
0.8774364006185984 2.3046054990574727
0.6373710786961697 3.0928300379017446
0.5920627475328748 3.103476816572212
0.6373710786961697 3.0928300379017446
0.6373710786961697 3.0928300379017446
0.6373710786961697 3.0928300379017446
0.6373710786961697 3.0928300379017446
0.6373710786961697 3.0928300379017446
0.6373710786961697 3.0928300379017446
0.6373710786961697 3.0928300379017446
0.6373710786961697 3.0928300379017446
0.6373710786961697 3.0928300379017446
0.6373710786961697 3.0928300379017446
0.6373710786961697 3.0928300379017446
0.6373710786961697 3.0928300379017446
0.6373710786961697 3.0928300379017446
0.6373710786961697 3.0928300379017446
0.6373710786961697 3.0928300379017446
0.6373710786961697 3.0928300379017446
0.6373710786961697 3.0928300379017446
0.7152555640252876 2.977908677154541
0.7152555640252876 2.977908677154541
0.7152555640252876 2.977908677154541
0.7152555640252876 2.977908677154541
0.7152555640252876 2.977908677154541
0.7152555640252876 2.977908677154541
0.7152555640252876 2.977908677154541
0.7152555640252876 2.977908677154541
0.7152555640252876 2.977908677154541
0.7152555640252876 2.977908677154541
0.7152555640252876 2.977908677154541
0.7152555640252876 2.977908677154541
0.7152555640252876 2.977908677154541
0.7152555640252876 2.977908677154541
0.7152555640252876 2.977908677154541
0.7152555640252876 2.977908677154541
0.5976370993925502 2.9658783944472904
0.5976370993925502 2.9658783944472904
0.5976370993925502 2.9658783944472904
0.665779729364612 2.7370448163427032
0.665779729364612 2.7370448163427032
0.665779729364612 2.7370448163427032
0.665779729364612 2.7370448163427032
0.665779729364612 2.7370448163427032
0.665779729364612 2.7370448163427032
0.665779729364612 2.7370448163427032
0.665779729364612 2.7370448163427032
0.665779729364612 2.7370448163427032
0.665779729364612 2.7370448163427032
0.665779729364612 2.7370448163427032
0.665779729364612 2.7370448163427032
0.665779729364612 2.7370448163427032
0.8127045110337519 2.5379514297245853
0.8127045110337519 2.561505106137826
0.8127045110337519 2.5262614530663168
0.8127045110337519 2.5736288270116594
0.8127045110337519 2.6556319991405015
0.8127045110337519 2.6556319991405015
0.8127045110337519 2.6155700719886115
0.8127045110337519 2.5879023013819547
0.8127045110337519 2.5879023013819547
0.8127045110337519 2.6291075880774533
0.5322347577729251 3.0238196543620064
0.5322347577729251 3.006437411973597
0.8127045110337519 2.5379514297245853
0.5322347577729251 3.022377580128746
0.7235376018799229 2.44387374627921
0.7235376018799229 2.44387374627921
0.7235376018799229 2.44387374627921
0.7235376018799229 2.44387374627921
0.7235376018799229 2.44387374627921
0.7235376018799229 2.44387374627921
0.7235376018799229 2.44387374627921
0.7235376018799229 2.44387374627921
0.7235376018799229 2.44387374627921
0.7235376018799229 2.44387374627921
0.7235376018799229 2.44387374627921
0.7235376018799229 2.44387374627921
0.7235376018799229 2.44387374627921
0.7235376018799229 2.44387374627921
0.7235376018799229 2.44387374627921
0.7235376018799229 2.44387374627921
0.7235376018799229 2.44387374627921
0.7235376018799229 2.44387374627921
0.7235376018799229 2.44387374627921
0.7235376018799229 2.44387374627921
0.7235376018799229 2.44387374627921
0.7235376018799229 2.44387374627921
0.7235376018799229 2.44387374627921
0.7235376018799229 2.44387374627921
0.7235376018799229 2.44387374627921
0.5322347577729251 3.033434730900173
0.5322347577729251 3.034353859557585
0.5322347577729251 3.034353859557585
0.5322347577729251 2.980420724126653
0.5322347577729251 2.980420724126653
0.5322347577729251 3.0201689614361085
0.5322347577729251 3.023870483525947
0.5322347577729251 3.0593958167823794
0.5322347577729251 2.991596663370873
0.5322347577729251 3.016398527950664
0.5322347577729251 3.0105346266797355
0.5322347577729251 3.0105346266797355
0.5322347577729251 3.0323726545249188
0.5322347577729251 3.021660531863631
0.5322347577729251 3.073647058050249
0.5322347577729251 2.966525104999862
0.5322347577729251 3.0434363206249766
0.5322347577729251 3.047241467490077
0.5322347577729251 3.0551868954421177
0.5322347577729251 3.0551868954421177
0.5322347577729251 3.0101018363800187
0.5322347577729251 3.0101018363800187
0.5930346771842933 2.6339294388906636
0.5930346771842933 2.6339294388906636
0.5930346771842933 2.6339294388906636
0.5930346771842933 2.6339294388906636
0.5930346771842933 2.6339294388906636
0.5930346771842933 2.6339294388906636
0.5930346771842933 2.6339294388906636
0.5930346771842933 2.6339294388906636
0.5930346771842933 2.6339294388906636
0.5930346771842933 2.6339294388906636
0.5930346771842933 2.6339294388906636
0.5930346771842933 2.6339294388906636
0.5930346771842933 2.6339294388906636
0.5930346771842933 2.6339294388906636
0.5930346771842933 2.6339294388906636
0.5930346771842933 2.6339294388906636
0.5930346771842933 2.6339294388906636
0.5930346771842933 2.6339294388906636
0.5930346771842933 2.6339294388906636
0.5930346771842933 2.6339294388906636
0.5930346771842933 2.6339294388906636
0.5930346771842933 2.6339294388906636
0.5930346771842933 2.6339294388906636
0.5930346771842933 2.6339294388906636
0.5930346771842933 2.6339294388906636
0.5930346771842933 2.6339294388906636
0.5930346771842933 2.6339294388906636
0.5930346771842933 2.6339294388906636
0.5930346771842933 2.6339294388906636
0.5930346771842933 2.6339294388906636
0.5930346771842933 2.631783881098254
0.5930346771842933 2.631783881098254
0.5930346771842933 2.6348255177057487
0.5930346771842933 2.6339294388906636
0.5930346771842933 2.6350022759849714
0.5930346771842933 2.6350022759849714
0.5643881216116624 2.584791249798392
0.5643881216116624 2.584791249798392
0.5643881216116624 2.584791249798392
0.5643881216116624 2.584791249798392
0.5643881216116624 2.584791249798392
0.5357415660390314 2.6703643656098657
0.5357415660390314 2.6703643656098657
0.5357415660390314 2.6703643656098657
0.5357415660390314 2.6703643656098657
0.5357415660390314 2.6703643656098657
0.5357415660390314 2.6703643656098657
0.5357415660390314 2.6703643656098657
0.5357415660390314 2.6703643656098657
0.5357415660390314 2.6703643656098657
0.3336119212512084 3.1378343405223754
0.3336119212512084 3.1378343405223754
0.3336119212512084 3.1378343405223754
0.3336119212512084 3.1378343405223754
0.3336119212512084 3.1378343405223754
0.3336119212512084 3.1378343405223754
0.3336119212512084 3.1378343405223754
0.3336119212512084 3.1378343405223754
0.3336119212512084 3.1378343405223754
0.3336119212512084 3.1378343405223754
0.3336119212512084 3.1378343405223754
0.3336119212512084 3.1378343405223754
0.3336119212512084 3.1378343405223754
0.3336119212512084 3.1378343405223754
0.3336119212512084 3.1378343405223754
0.3336119212512084 3.1378343405223754
0.3336119212512084 3.1378343405223754
0.3336119212512084 3.1378343405223754
0.3336119212512084 3.1378343405223754
0.3336119212512084 3.1378343405223754
0.3336119212512084 3.1378343405223754
0.3336119212512084 3.1378343405223754
0.3336119212512084 3.1378343405223754
0.3336119212512084 3.1378343405223754
0.3336119212512084 3.1378343405223754
0.3336119212512084 3.1378343405223754
0.3336119212512084 3.1378343405223754
0.3336119212512084 3.1378343405223754
0.3336119212512084 3.1378343405223754
0.3336119212512084 3.1378343405223754
0.3336119212512084 3.1378343405223754
0.3336119212512084 3.1378343405223754
0.3336119212512084 3.122779597004554
0.3336119212512084 3.1378343405223754
0.3336119212512084 3.1378343405223754
0.3336119212512084 3.1378343405223754
0.3336119212512084 3.1378343405223754
0.3336119212512084 3.1674402506958343
0.3336119212512084 3.1674402506958343
0.3336119212512084 3.113793343566342
0.3336119212512084 3.113793343566342
0.3336119212512084 3.113793343566342
0.3336119212512084 3.113793343566342
0.3336119212512084 3.1674402506958343
0.3336119212512084 3.114744312474293
0.3336119212512084 3.1378343405223754
0.3181590386298204 3.1110274066516728
0.3181590386298204 3.1110274066516728
0.3181590386298204 3.1110274066516728
0.3181590386298204 3.1110274066516728
0.3181590386298204 3.1110274066516728
0.3181590386298204 3.1110274066516728
0.3181590386298204 3.1110274066516728
0.3181590386298204 3.1110274066516728
0.3181590386298204 3.1110274066516728
0.3181590386298204 3.1110274066516728
0.3181590386298204 3.1110274066516728
0.3181590386298204 3.1110274066516728
0.3181590386298204 3.1110274066516728
0.2522088520319208 3.238952191987643
0.2522088520319208 3.238952191987643
0.2522088520319208 3.238952191987643
0.2522088520319208 3.238952191987643
0.2522088520319208 3.238952191987643
0.2522088520319208 3.238952191987643
0.2522088520319208 3.238952191987643
0.2522088520319208 3.238952191987643
0.2522088520319208 3.238952191987643
0.2522088520319208 3.238952191987643
0.2522088520319208 3.238952191987643
0.2522088520319208 3.238952191987643
0.2522088520319208 3.238952191987643
0.2522088520319208 3.238952191987643
0.2522088520319208 3.238952191987643
0.2522088520319208 3.238952191987643
0.2522088520319208 3.238952191987643
0.2522088520319208 3.238952191987643
0.2522088520319208 3.238952191987643
0.2522088520319208 3.238952191987643
0.21161212987936517 3.3297332632818004
0.21161212987936517 3.3297332632818004
0.21161212987936517 3.3297332632818004
0.21161212987936517 3.3297332632818004
0.21161212987936517 3.3297332632818004
0.21161212987936517 3.3297332632818004
0.21161212987936517 3.3297332632818004
0.21161212987936517 3.3297332632818004
0.21161212987936517 3.3297332632818004
0.21161212987936517 3.3297332632818004
0.21161212987936517 3.3297332632818004
0.21161212987936517 3.3297332632818004
0.21161212987936517 3.3297332632818004
0.21161212987936517 3.3297332632818004
0.21161212987936517 3.3297332632818004
0.21161212987936517 3.3297332632818004
0.21161212987936517 3.3297332632818004
0.21161212987936517 3.3297332632818004
0.21161212987936517 3.3297332632818004
0.21161212987936517 3.3297332632818004
0.21161212987936517 3.3297332632818004
0.21161212987936517 3.3297332632818004
0.21161212987936517 3.3297332632818004
0.21161212987936517 3.3297332632818004
0.21161212987936517 3.3297332632818004
0.21161212987936517 3.3297332632818004
0.21161212987936517 3.3297332632818004
0.21161212987936517 3.3297332632818004
0.21161212987936517 3.3297332632818004
0.21161212987936517 3.3297332632818004
0.21161212987936517 3.3296861609964186
0.21161212987936517 3.3296861609964186
0.21161212987936517 3.321579789059176
0.20432774302563816 3.32068849419064
0.20432774302563816 3.32068849419064
0.20432774302563816 3.32068849419064
0.20432774302563816 3.32068849419064
0.1370334268987513 3.481673543965492
0.1370334268987513 3.481673543965492
0.1370334268987513 3.481673543965492
0.1370334268987513 3.481673543965492
0.1370334268987513 3.469372437674554
0.1370334268987513 3.469372437674554
0.1370334268987513 3.4560034865000877
0.1370334268987513 3.4560034865000877
0.1370334268987513 3.4560034865000877
0.1370334268987513 3.4560034865000877
0.1370334268987513 3.4560034865000877
0.1370334268987513 3.4560034865000877
0.1370334268987513 3.469372437674554
0.1370334268987513 3.481673543965492
0.1370334268987513 3.481673543965492
0.1370334268987513 3.481673543965492
0.1370334268987513 3.481673543965492
0.1370334268987513 3.481673543965492
0.11668427235026169 3.5582699044718598
0.11668427235026169 3.5582699044718598
0.12051972451404847 3.530772092135613
0.12051972451404847 3.530053228034886
0.12051972451404847 3.530053228034886
0.12051972451404847 3.530053228034886
0.12051972451404847 3.530772092135613
0.12051972451404847 3.530772092135613
0.11668427235026169 3.5582699044718598
0.11668427235026169 3.5582699044718598
0.11668427235026169 3.567861468179256
0.11668427235026169 3.567861468179256
0.11668427235026169 3.567861468179256
0.11668427235026169 3.567861468179256
0.11668427235026169 3.567861468179256
0.11668427235026169 3.567861468179256
0.11668427235026169 3.567861468179256
0.11668427235026169 3.567861468179256
0.11668427235026169 3.567861468179256
0.11668427235026169 3.567861468179256
0.11668427235026169 3.567861468179256
0.11668427235026169 3.567861468179256
0.11668427235026169 3.567861468179256
0.11668427235026169 3.567861468179256
0.11668427235026169 3.567861468179256
0.11668427235026169 3.567861468179256
0.11668427235026169 3.567861468179256
0.11668427235026169 3.567861468179256
0.11668427235026169 3.5582699044718598
0.11668427235026169 3.5901656900339707
0.11668427235026169 3.5821506650643427
0.11668427235026169 3.5800900701507494
0.11668427235026169 3.5800900701507494
0.11668427235026169 3.5800900701507494
0.11965523792964325 4.044602661992628
0.11965523792964325 4.044602661992628
0.09378512568318871 4.059135352149528
0.09378512568318871 4.059135352149528
0.09378512568318871 4.059135352149528
0.09378512568318871 4.059135352149528
0.09378512568318871 4.059135352149528
0.09378512568318871 4.059135352149528
0.08588173275780127 4.081985310687379
0.08588173275780127 4.081985310687379
0.08588173275780127 4.116567257503016
0.08450722964034259 4.194714857487591
0.05451116522876056 4.370067335370022
0.03979516259467589 4.444327962723858
0.03979516259467589 4.444327962723858
0.03979516259467589 4.444327962723858
0.03979516259467589 4.444327962723858
0.057802597644002404 4.717468946664206
0.010605430281095111 4.654858815487051
0.010605430281095111 4.654858815487051
0.010605430281095111 4.654858815487051
0.010605430281095111 4.654858815487051
8.755195099015151E-4 4.865116552639737
