0.2654534383205386 4.5931932618422335
0.6767483507810959 3.231337258790194
0.2654534383205386 4.576736088963223
0.2654534383205386 4.576736088963223
0.6767483507810959 3.2198562116218663
0.2654534383205386 4.576736088963223
0.2654534383205386 4.576736088963223
0.2654534383205386 4.576736088963223
0.2654534383205386 4.555257460601319
0.2654534383205386 4.538831776025845
0.2654534383205386 4.538831776025845
0.2654534383205386 4.538831776025845
0.6782494173801294 3.427050931575775
0.6767483507810959 3.2198562116218663
0.6767483507810959 3.2198562116218663
0.6767483507810959 3.2198562116218663
0.6767483507810959 3.2198562116218663
0.2963255609024536 4.5079102002242095
0.2963255609024536 4.5079102002242095
0.2963255609024536 4.4818834900908175
0.2963255609024536 4.4818834900908175
0.2963255609024536 4.4818834900908175
0.2963255609024536 4.4818834900908175
0.2963255609024536 4.424098443781675
0.2963255609024536 4.424098443781675
0.2963255609024536 4.424098443781675
0.2963255609024536 4.417498649907473
0.2963255609024536 4.417498649907473
0.2963255609024536 4.424098443781675
0.2963255609024536 4.424098443781675
0.2963255609024536 4.424098443781675
0.2963255609024536 4.424098443781675
0.2963255609024536 4.424098443781675
0.2963255609024536 4.424098443781675
0.2963255609024536 4.424098443781675
0.2963255609024536 4.424098443781675
0.2963255609024536 4.424098443781675
0.32939833507985034 4.353324805202084
0.32939833507985034 4.353324805202084
0.32939833507985034 4.353324805202084
0.32939833507985034 4.353324805202084
0.32939833507985034 4.353324805202084
0.24845401146102605 4.263132515608585
0.24845401146102605 4.263132515608585
0.24845401146102605 4.24932700588441
0.24845401146102605 4.24932700588441
0.24845401146102605 4.24932700588441
0.24845401146102605 4.24932700588441
0.24845401146102605 4.237291641251375
0.24845401146102605 4.237291641251375
0.24845401146102605 4.237291641251375
0.31849981092926316 3.8050834147349883
0.31849981092926316 3.8050834147349883
0.31849981092926316 3.7720676459693756
0.31849981092926316 3.7720676459693756
0.31849981092926316 3.7720676459693756
0.31849981092926316 3.8050834147349883
0.31849981092926316 3.8050834147349883
0.31849981092926316 3.722602487842537
0.31849981092926316 3.722602487842537
0.31849981092926316 3.722602487842537
0.31849981092926316 3.722602487842537
0.31849981092926316 3.722602487842537
0.31849981092926316 3.722602487842537
0.31849981092926316 3.722602487842537
0.31849981092926316 3.712224971334046
0.31849981092926316 3.712224971334046
0.31849981092926316 3.712224971334046
0.31849981092926316 3.712224971334046
0.31849981092926316 3.712224971334046
0.31849981092926316 3.722602487842537
0.31849981092926316 3.722602487842537
0.31849981092926316 3.6734125966490594
0.31849981092926316 3.6734125966490594
0.31849981092926316 3.6734125966490594
0.31849981092926316 3.6734125966490594
0.31849981092926316 3.6734125966490594
0.31849981092926316 3.6734125966490594
0.31849981092926316 3.722602487842537
0.31849981092926316 3.722602487842537
0.31849981092926316 3.722602487842537
0.31849981092926316 3.712224971334046
0.31849981092926316 3.712224971334046
0.31849981092926316 3.712224971334046
0.31849981092926316 3.722602487842537
0.28129889283946663 3.6386317749245465
0.28129889283946663 3.6386317749245465
0.28129889283946663 3.6386317749245465
0.28129889283946663 3.6386317749245465
0.28129889283946663 3.6386317749245465
0.28129889283946663 3.6386317749245465
0.28129889283946663 3.6386317749245465
0.28129889283946663 3.6386317749245465
0.28129889283946663 3.6386317749245465
0.28129889283946663 3.6386317749245465
0.28129889283946663 3.6386317749245465
0.28129889283946663 3.6386317749245465
0.28129889283946663 3.6386317749245465
0.28129889283946663 3.6386317749245465
0.28129889283946663 3.6386317749245465
0.28129889283946663 3.6386317749245465
0.28129889283946663 3.6386317749245465
0.28129889283946663 3.6386317749245465
0.28129889283946663 3.6386317749245465
0.28129889283946663 3.642645689993498
0.28129889283946663 3.6386317749245465
0.28129889283946663 3.6386317749245465
0.28129889283946663 3.6386317749245465
0.28129889283946663 3.6386317749245465
0.2809118203121598 3.649949295023606
0.2809118203121598 3.649949295023606
0.3115359260817402 3.5711268572062447
0.2809118203121598 3.649949295023606
0.2809118203121598 3.649949295023606
0.2809118203121598 3.644224097067912
0.2809118203121598 3.644224097067912
0.2809118203121598 3.6374417460115565
0.2809118203121598 3.6374417460115565
0.2809118203121598 3.6374417460115565
0.2809118203121598 3.644224097067912
0.2809118203121598 3.644224097067912
0.2809118203121598 3.644224097067912
0.2809118203121598 3.644224097067912
0.2809118203121598 3.644224097067912
0.2809118203121598 3.644224097067912
0.5935303199144699 3.0688000102448814
0.5935303199144699 3.0586643951669945
0.5935303199144699 3.0586643951669945
0.5935303199144699 3.050982980374564
0.5935303199144699 3.050982980374564
0.5935303199144699 3.0586643951669945
0.5935303199144699 3.0586643951669945
0.5935303199144699 3.0586643951669945
0.5935303199144699 3.0586643951669945
0.5935303199144699 3.0586643951669945
0.5935303199144699 3.0586643951669945
0.5935303199144699 3.0586643951669945
0.5935303199144699 3.0586643951669945
0.5935303199144699 3.0688000102448814
0.5935303199144699 3.0688000102448814
0.5935303199144699 3.0688000102448814
0.5935303199144699 3.0688000102448814
0.5935303199144699 3.0688000102448814
0.5935303199144699 3.0688000102448814
0.5935303199144699 3.0688000102448814
0.5935303199144699 3.0688000102448814
0.5935303199144699 3.0688000102448814
0.5935303199144699 3.0688000102448814
0.5935303199144699 3.0688000102448814
0.566584652653858 2.772997257800144
0.566584652653858 2.772997257800144
0.566584652653858 2.772997257800144
0.566584652653858 2.772997257800144
0.566584652653858 2.772997257800144
0.566584652653858 2.768639727420589
0.566584652653858 2.768639727420589
0.566584652653858 2.768639727420589
0.566584652653858 2.768639727420589
0.566584652653858 2.772997257800144
0.566584652653858 2.772997257800144
0.566584652653858 2.772997257800144
0.566584652653858 2.7817140828479
0.566584652653858 2.7817140828479
0.566584652653858 2.7817140828479
0.566584652653858 2.7817140828479
0.5543759853487493 2.78988292222871
0.5543759853487493 2.78988292222871
0.5543759853487493 2.78988292222871
0.5543759853487493 2.78988292222871
0.32360077345956495 3.164441150386311
0.32360077345956495 3.164441150386311
0.32360077345956495 3.164441150386311
0.32360077345956495 3.164441150386311
0.32360077345956495 3.1285979144078544
0.32360077345956495 3.1285979144078544
0.32360077345956495 3.1285979144078544
0.32360077345956495 3.1285979144078544
0.32360077345956495 3.1285979144078544
0.32360077345956495 3.1285979144078544
0.32360077345956495 3.1285979144078544
0.32360077345956495 3.113481258808586
0.32360077345956495 3.0998048824614037
0.32360077345956495 3.0998048824614037
0.32360077345956495 3.0998048824614037
0.32360077345956495 3.0998048824614037
0.32360077345956495 3.0998048824614037
0.32360077345956495 3.0998048824614037
0.32360077345956495 3.0998048824614037
0.32360077345956495 3.0998048824614037
0.32360077345956495 3.0998048824614037
0.32360077345956495 3.0998048824614037
0.32360077345956495 3.0998048824614037
0.32360077345956495 3.0998048824614037
0.32360077345956495 3.0998048824614037
0.32360077345956495 3.0998048824614037
0.32360077345956495 3.0998048824614037
0.32360077345956495 3.0998048824614037
0.32360077345956495 3.0998048824614037
0.32360077345956495 3.0998048824614037
0.32360077345956495 3.0998048824614037
0.32360077345956495 3.0998048824614037
0.32360077345956495 3.0998048824614037
0.32360077345956495 3.0998048824614037
0.32360077345956495 3.0998048824614037
0.32360077345956495 3.0998048824614037
0.32360077345956495 3.0998048824614037
0.32360077345956495 3.0998048824614037
0.32360077345956495 3.0998048824614037
0.32360077345956495 3.0998048824614037
0.32360077345956495 3.0998048824614037
0.32360077345956495 3.0998048824614037
0.32360077345956495 3.1067022259233465
0.32360077345956495 3.1183025081991698
0.32360077345956495 3.0998048824614037
0.32360077345956495 3.0998048824614037
0.32360077345956495 3.09725789426175
0.32360077345956495 3.064697728055786
0.32360077345956495 3.0998048824614037
0.32360077345956495 3.0583467929153016
0.32360077345956495 3.0583467929153016
0.32360077345956495 3.1102212489719223
0.32360077345956495 3.1102212489719223
0.32360077345956495 3.106868586563429
0.32360077345956495 3.0699969261262505
0.32360077345956495 3.134932957156099
0.32360077345956495 3.0731103171739766
0.32360077345956495 3.0891431478131843
0.32360077345956495 3.072445205556605
0.32360077345956495 3.072445205556605
0.32360077345956495 3.072445205556605
0.32360077345956495 3.072445205556605
0.32360077345956495 3.098831282839183
0.32360077345956495 3.098831282839183
0.32360077345956495 3.098831282839183
0.32360077345956495 3.098831282839183
0.32360077345956495 3.0953681618474467
0.32360077345956495 3.0660556051339594
0.32360077345956495 3.063303251996979
0.32360077345956495 3.063303251996979
0.32360077345956495 3.0619333863847187
0.32360077345956495 3.097750976366538
0.32360077345956495 3.0593787941124053
0.32360077345956495 3.0593787941124053
0.32360077345956495 3.0593787941124053
0.32360077345956495 3.0832941494941886
0.32360077345956495 3.0874415653022753
0.32360077345956495 3.0874415653022753
0.32360077345956495 3.100424223843235
0.32360077345956495 3.135642246741928
0.32360077345956495 3.088030732535628
0.32360077345956495 3.1361253614447286
0.32360077345956495 3.1361253614447286
0.32360077345956495 3.300957076604013
0.32360077345956495 3.042792619634692
0.32360077345956495 3.080991170431192
0.32360077345956495 3.080991170431192
0.3079784390741445 3.1227272766704206
0.3079784390741445 3.1227272766704206
0.3079784390741445 3.1227272766704206
0.3079784390741445 3.1227272766704206
0.3079784390741445 3.1227272766704206
0.3079784390741445 3.1227272766704206
0.3079784390741445 3.1227272766704206
0.3079784390741445 3.1227272766704206
0.3079784390741445 3.1227272766704206
0.3079784390741445 3.1227272766704206
0.3079784390741445 3.1227272766704206
0.3079784390741445 3.1227272766704206
0.3079784390741445 3.1227272766704206
0.3079784390741445 3.1227272766704206
0.3079784390741445 3.1227272766704206
0.3079784390741445 3.1227272766704206
0.3079784390741445 3.1227272766704206
0.3079784390741445 3.1227272766704206
0.3079784390741445 3.1227272766704206
0.3079784390741445 3.1227272766704206
0.3079784390741445 3.1227272766704206
0.3079784390741445 3.1227272766704206
0.3079784390741445 3.1227272766704206
0.3079784390741445 3.1227272766704206
0.30207469311296536 3.1291396488679357
0.30207469311296536 3.1291396488679357
0.30207469311296536 3.1291396488679357
0.30207469311296536 3.1291396488679357
0.30207469311296536 3.1291396488679357
0.30207469311296536 3.1291396488679357
0.30207469311296536 3.1291396488679357
0.30207469311296536 3.1291396488679357
0.30207469311296536 3.1291396488679357
0.30207469311296536 3.1291396488679357
0.30207469311296536 3.1291396488679357
0.30207469311296536 3.1291396488679357
0.30207469311296536 3.1291396488679357
0.30207469311296536 3.1291396488679357
0.3093257903867368 3.56839043265107
0.2986195530821157 3.591471497419977
0.2986195530821157 3.591471497419977
0.2986195530821157 3.591471497419977
0.2986195530821157 3.591471497419977
0.2986195530821157 3.591471497419977
0.2986195530821157 3.591471497419977
0.2986195530821157 3.591471497419977
0.2986195530821157 3.591471497419977
0.2986195530821157 3.591471497419977
0.2986195530821157 3.591471497419977
0.2925118799924848 3.6531380323149487
0.2925118799924848 3.6531380323149487
0.3157209342178212 3.4500928909117965
0.3157209342178212 3.4500928909117965
0.3157209342178212 3.4500928909117965
0.3157209342178212 3.4500928909117965
0.3157209342178212 3.4500928909117965
0.20841385151783318 3.6316880754822063
0.19539145013506132 3.178928589885494
0.20841385151783318 3.623157776380292
0.20841385151783318 3.623157776380292
0.20841385151783318 3.617260529848982
0.20841385151783318 3.601625032495542
0.20841385151783318 3.601625032495542
0.20841385151783318 3.601625032495542
0.20841385151783318 3.601625032495542
0.20841385151783318 3.601625032495542
0.20841385151783318 3.617260529848982
0.20841385151783318 3.623157776380292
0.2134215444816419 3.3721593247759287
0.2134215444816419 3.3721593247759287
0.2134215444816419 3.3665827299268094
0.2134215444816419 3.3665827299268094
0.2134215444816419 3.3665827299268094
0.2134215444816419 3.3665827299268094
0.2134215444816419 3.3665827299268094
0.2134215444816419 3.3665827299268094
0.2134215444816419 3.3665827299268094
0.2134215444816419 3.3665827299268094
0.2134215444816419 3.3665827299268094
0.2134215444816419 3.3665827299268094
0.2134215444816419 3.3665827299268094
0.2134215444816419 3.3665827299268094
0.2134215444816419 3.3638489358417685
0.2134215444816419 3.3638489358417685
0.2134215444816419 3.346527786443331
0.2134215444816419 3.346527786443331
0.2134215444816419 3.34132649012521
0.2134215444816419 3.34132649012521
0.2134215444816419 3.34132649012521
0.2134215444816419 3.34132649012521
0.2134215444816419 3.326542002477183
0.2134215444816419 3.326542002477183
0.2134215444816419 3.346527786443331
0.2134215444816419 3.3638489358417685
0.2134215444816419 3.3721593247759287
0.2134215444816419 3.3721593247759287
0.2134215444816419 3.3721593247759287
0.2134215444816419 3.3721593247759287
0.2134215444816419 3.386020183566341
0.2134215444816419 3.3665827299268094
0.2134215444816419 3.373566468465358
0.18953886169595233 3.4792897862297685
0.1993779847533612 3.455618477552051
0.1993779847533612 3.455618477552051
0.1993779847533612 3.455618477552051
0.1993779847533612 3.455618477552051
0.1993779847533612 3.455618477552051
0.18953886169595233 3.4773122924544473
0.18953886169595233 3.4773122924544473
0.18953886169595233 3.4773122924544473
0.18953886169595233 3.4773122924544473
0.18953886169595233 3.4792897862297685
0.18953886169595233 3.4792897862297685
0.16002149252372574 3.5203181574880813
0.16002149252372574 3.5203181574880813
0.16002149252372574 3.5100558442226024
0.16002149252372574 3.5100558442226024
0.16002149252372574 3.5100558442226024
0.16002149252372574 3.5100558442226024
0.11482055081001502 3.8786852436128654
0.1062770933620098 3.914036224598291
0.1062770933620098 3.914036224598291
0.1062770933620098 3.914036224598291
0.09203799761533445 4.0499665759912915
0.09203799761533445 4.0499665759912915
0.09203799761533445 4.0499665759912915
0.09203799761533445 4.0499665759912915
0.09203799761533445 4.056061529653844
0.09203799761533445 4.056061529653844
0.08064672101799417 4.1338763399755
0.08064672101799417 4.1338763399755
0.08064672101799417 4.1338763399755
0.08064672101799417 4.1338763399755
0.07352717314465648 4.191551362762065
0.07352717314465648 4.191551362762065
0.07352717314465648 4.197548719092227
0.06925544442065387 4.255326312513302
0.06925544442065387 4.287759798470841
0.0664076252713188 4.325057120830727
0.06355980612198373 4.33015707756896
0.03845546050257739 4.030569995125019
0.030110390405960467 4.057493709327638
0.030110390405960467 4.057493709327638
0.02659203089735974 4.181969628554195
0.013522208826881293 4.1866324190818975
0.013522208826881293 4.1866324190818975
0.013522208826881293 4.1866324190818975
0.02212207711573977 4.412372033328379
0.02212207711573977 4.412372033328379
0.02212207711573977 4.412372033328379
