0.615944214949532 3.287187114688487
0.615944214949532 3.286553378520831
0.615944214949532 3.286553378520831
0.615944214949532 3.284787149729855
0.615944214949532 3.2832784483368576
0.615944214949532 3.2832784483368576
0.615944214949532 3.2832784483368576
0.615944214949532 3.2832784483368576
0.615944214949532 3.2775712501049044
0.615944214949532 3.2685282270130527
0.615944214949532 3.2685282270130527
0.615944214949532 3.2685282270130527
0.615944214949532 3.2685282270130527
0.615944214949532 3.2685282270130527
0.615944214949532 3.2685282270130527
0.615944214949532 3.2685282270130527
0.615944214949532 3.2685282270130527
0.615944214949532 3.2685282270130527
0.615944214949532 3.2685282270130527
0.615944214949532 3.2262103584832422
0.615944214949532 3.2262103584832422
0.615944214949532 3.2262103584832422
0.615944214949532 3.2262103584832422
0.615944214949532 3.2262103584832422
0.615944214949532 3.2262103584832422
0.615944214949532 3.2262103584832422
0.615944214949532 3.2087834751476514
0.9093067463556568 3.804451051907721
0.9093067463556568 3.804451051907721
0.9093067463556568 3.804451051907721
0.9093067463556568 3.804451051907721
0.8534107797788645 3.7001335547383696
0.8534107797788645 3.7001335547383696
0.8534107797788645 3.7001335547383696
0.8534107797788645 3.7001335547383696
0.8534107797788645 3.7001335547383696
0.8534107797788645 3.7001335547383696
0.8534107797788645 3.7001335547383696
0.8534107797788645 3.7001335547383696
0.8534107797788645 3.7001335547383696
0.7539862286908399 3.623675437071262
0.7539862286908399 3.623675437071262
0.7539862286908399 3.60427888144305
0.7539862286908399 3.60427888144305
0.8514772235560459 3.5235192057760996
0.8514772235560459 3.5235192057760996
0.8283462589702684 3.2199403123516466
0.8283462589702684 3.187788876020689
0.8283462589702684 3.187788876020689
0.8283462589702684 3.187788876020689
0.615944214949532 3.2087834751476514
0.615944214949532 3.2087834751476514
0.615944214949532 3.2087834751476514
0.615944214949532 3.2087834751476514
0.615944214949532 3.2087834751476514
0.615944214949532 3.2087834751476514
0.615944214949532 3.2087834751476514
0.615944214949532 3.2087834751476514
0.615944214949532 3.2264398168925434
0.615944214949532 3.2264398168925434
0.615944214949532 3.2310431297840765
0.615944214949532 3.2310431297840765
0.615944214949532 3.2509997606294077
0.615944214949532 3.2267388993817914
0.615944214949532 3.2267388993817914
0.615944214949532 3.19980892671532
0.615944214949532 3.19980892671532
0.615944214949532 3.2199116867226025
0.8401510437428403 3.0559268878370713
0.8401510437428403 3.0559268878370713
0.8401510437428403 3.0559268878370713
0.8401510437428403 3.0559268878370713
0.8401510437428403 3.0559268878370713
0.8401510437428403 3.0559268878370713
0.8401510437428403 3.0559268878370713
0.8401510437428403 3.0559268878370713
0.8401510437428403 3.0559268878370713
0.8401510437428403 3.0559268878370713
0.8401510437428403 3.0353711852850935
0.8401510437428403 3.0559268878370713
0.8401510437428403 3.0559268878370713
0.8401510437428403 3.0559268878370713
0.8401510437428403 3.0559268878370713
0.8401510437428403 3.0559268878370713
0.8401510437428403 3.0559268878370713
0.8401510437428403 3.0559268878370713
0.5588504154629227 3.0017271063229383
0.5588504154629227 3.0017271063229383
0.5588504154629227 3.0017271063229383
0.5809935947319715 2.9566220738443163
0.5809935947319715 2.9566220738443163
0.5809935947319715 2.9566220738443163
0.5809935947319715 2.9566220738443163
0.5809935947319715 2.9566220738443163
0.5809935947319715 2.9566220738443163
0.5809935947319715 2.9566220738443163
0.5809935947319715 2.9566220738443163
0.5809935947319715 2.9566220738443163
0.5809935947319715 2.9566220738443163
0.5809935947319715 2.9566220738443163
0.5809935947319715 2.9566220738443163
0.5809935947319715 2.9566220738443163
0.5809935947319715 2.9566220738443163
0.5809935947319715 2.9566220738443163
0.5809935947319715 2.9566220738443163
0.5809935947319715 2.9566220738443163
0.5809935947319715 2.9566220738443163
0.5809935947319715 2.925022407538159
0.5809935947319715 2.9566220738443163
0.47061018863038107 3.1258209077855117
0.47061018863038107 3.1258209077855117
0.47061018863038107 3.1258209077855117
0.47061018863038107 3.1258209077855117
0.4822564519775995 3.107733250827665
0.4822564519775995 3.106589837391127
0.4822564519775995 3.106589837391127
0.4822564519775995 3.106589837391127
0.4822564519775995 3.106589837391127
0.4735217544671857 3.0887927784795863
0.4735217544671857 3.0887927784795863
0.4735217544671857 3.0887927784795863
0.4735217544671857 3.0887927784795863
0.4735217544671857 3.0887927784795863
0.4720659715487834 3.1072970178777664
0.4720659715487834 3.1072970178777664
0.4720659715487834 3.1072970178777664
0.4720659715487834 3.1072970178777664
0.4720659715487834 3.1072970178777664
0.4720659715487834 3.1072970178777664
0.4720659715487834 3.1072970178777664
0.4720659715487834 3.1072970178777664
0.4720659715487834 3.1072970178777664
0.4720659715487834 3.1072970178777664
0.4720659715487834 3.1072970178777664
0.4720659715487834 3.1072970178777664
0.47061018863038107 3.119913462994506
0.47061018863038107 3.119913462994506
0.47061018863038107 3.119913462994506
0.47061018863038107 3.119913462994506
0.47061018863038107 3.119913462994506
0.47061018863038107 3.119913462994506
0.47061018863038107 3.1258209077855117
0.47061018863038107 3.119913462994506
0.47061018863038107 3.119913462994506
0.47061018863038107 3.119913462994506
0.47061018863038107 3.119913462994506
0.47061018863038107 3.119913462994506
0.47061018863038107 3.119913462994506
0.47061018863038107 3.119913462994506
0.47061018863038107 3.119913462994506
0.47061018863038107 3.119913462994506
0.47061018863038107 3.119913462994506
0.47061018863038107 3.119913462994506
0.47061018863038107 3.119913462994506
0.47061018863038107 3.119913462994506
0.47061018863038107 3.119913462994506
0.47061018863038107 3.119913462994506
0.47061018863038107 3.119913462994506
0.47061018863038107 3.119913462994506
0.47061018863038107 3.119913462994506
0.47061018863038107 3.119913462994506
0.47061018863038107 3.119913462994506
0.47061018863038107 3.119913462994506
0.47061018863038107 3.126441314308213
0.47061018863038107 3.126441314308213
0.47061018863038107 3.12312595447098
0.47061018863038107 3.12312595447098
0.47061018863038107 3.145872860894957
0.47061018863038107 3.119913462994506
0.47061018863038107 3.119913462994506
0.47061018863038107 3.1394210284894823
0.47061018863038107 3.119913462994506
0.47061018863038107 3.119913462994506
0.47061018863038107 3.118307312921962
0.47061018863038107 3.1501898722685917
0.47061018863038107 3.120716561954673
0.47061018863038107 3.1061708667001304
0.47061018863038107 3.119913462994506
0.47061018863038107 3.119913462994506
0.47061018863038107 3.127071003475421
0.47061018863038107 3.127071003475421
0.47061018863038107 3.094930200221215
0.47061018863038107 3.106259057234158
0.47061018863038107 3.106259057234158
0.47061018863038107 3.1301149345107335
0.47061018863038107 3.1077361271239914
0.47061018863038107 3.107984193669589
0.47061018863038107 3.1341914850513977
0.47061018863038107 3.1138445416777243
0.47061018863038107 3.151842620877968
0.47061018863038107 3.1264051153046566
0.47061018863038107 3.1264051153046566
0.47061018863038107 3.12645351290223
0.47061018863038107 3.103979847020878
0.47061018863038107 3.127589184473845
0.47061018863038107 3.130295813743774
0.47061018863038107 3.0986018712956915
0.47061018863038107 3.153608913235677
0.47061018863038107 3.1366104846051837
0.47061018863038107 3.136512761646436
0.47061018863038107 3.136512761646436
0.47061018863038107 3.106950549875265
0.47061018863038107 3.106950549875265
0.47061018863038107 3.107984193669589
0.47061018863038107 3.1353319257452275
0.47061018863038107 3.1404946848353097
0.47061018863038107 3.1221816181642494
0.47061018863038107 3.117024912917908
0.47061018863038107 3.1196893481291585
0.47061018863038107 3.1196893481291585
0.47061018863038107 3.1398550843689
0.47061018863038107 3.1396344291495617
0.47061018863038107 3.1396344291495617
0.47061018863038107 3.1450890575066204
0.47061018863038107 3.155894274652301
0.47061018863038107 3.155894274652301
0.47061018863038107 3.168037603445521
0.47061018863038107 3.1190126282788775
0.47061018863038107 3.1152600052920314
0.47061018863038107 3.1152600052920314
0.47061018863038107 3.149560814792415
0.47061018863038107 3.149560814792415
0.47061018863038107 3.1305285992084033
0.47061018863038107 3.173637252585222
0.47061018863038107 3.090131841508028
0.47061018863038107 3.158056920186529
0.47061018863038107 3.1912657102827096
0.47061018863038107 3.138107330242821
0.47061018863038107 3.138107330242821
0.47061018863038107 3.1432939319400957
0.47061018863038107 3.161761216544875
0.47061018863038107 3.1658558906909673
0.47061018863038107 3.1530100569293373
0.47061018863038107 3.1659751085787358
0.47061018863038107 3.1568050277910977
0.47061018863038107 3.1744643157777785
0.47061018863038107 3.143041824550628
0.47061018863038107 3.1124185694512105
0.47061018863038107 3.1124185694512105
0.47061018863038107 3.1062532772417204
0.47061018863038107 3.1135504951913804
0.47061018863038107 3.173432895159077
0.47061018863038107 3.058716547293358
0.47061018863038107 3.1655231590985586
0.47061018863038107 3.1655231590985586
0.47061018863038107 3.1655231590985586
0.47061018863038107 3.1655231590985586
0.47061018863038107 3.1655231590985586
0.47061018863038107 3.1123279129141412
0.47061018863038107 3.1123279129141412
0.47061018863038107 3.1380615848654045
0.47061018863038107 3.1498568397386935
0.47061018863038107 3.1373608349463495
0.47061018863038107 3.142823616050881
0.47061018863038107 3.165372426429467
0.47061018863038107 3.165372426429467
0.47061018863038107 3.165372426429467
0.47061018863038107 3.165372426429467
0.47061018863038107 3.1028492894020565
0.47061018863038107 3.162112734746361
0.47061018863038107 3.0667790202520466
0.47061018863038107 3.2022138183042737
0.44260516769013347 3.2595350831611074
0.44260516769013347 3.2595350831611074
0.44260516769013347 3.2595350831611074
0.44260516769013347 3.2595350831611074
0.44260516769013347 3.2595350831611074
0.44260516769013347 3.2595350831611074
0.44260516769013347 3.2595350831611074
0.44260516769013347 3.2595350831611074
0.44260516769013347 3.2595350831611074
0.44260516769013347 3.2595350831611074
0.44260516769013347 3.2595350831611074
0.44260516769013347 3.2595350831611074
0.4322634574488835 3.2711675926772
0.4322634574488835 3.2711675926772
0.4322634574488835 3.2711675926772
0.4322634574488835 3.2711675926772
0.4322634574488835 3.2711675926772
0.4322634574488835 3.2711675926772
0.4322634574488835 3.2711675926772
0.4322634574488835 3.2711675926772
0.4322634574488835 3.2711675926772
0.4322634574488835 3.2711675926772
0.4322634574488835 3.2711675926772
0.4322634574488835 3.2711675926772
0.4322634574488835 3.2711675926772
0.4322634574488835 3.2711675926772
0.4322634574488835 3.2711675926772
0.4322634574488835 3.2711675926772
0.4322634574488835 3.2711675926772
0.4322634574488835 3.2711675926772
0.4322634574488835 3.2711675926772
0.4322634574488835 3.2711675926772
0.4322634574488835 3.2711675926772
0.4322634574488835 3.2711675926772
0.4322634574488835 3.2711675926772
0.4322634574488835 3.2711675926772
0.4322634574488835 3.2711675926772
0.4322634574488835 3.2711675926772
0.4322634574488835 3.2711675926772
0.4322634574488835 3.2711675926772
0.4322634574488835 3.2711675926772
0.4322634574488835 3.2711675926772
0.4322634574488835 3.2918925135932544
0.4322634574488835 3.260234756451759
0.4322634574488835 3.2711675926772
0.2467536837471247 2.924874845473797
0.2467536837471247 2.913941641792664
0.2467536837471247 2.913941641792664
0.2467536837471247 2.913941641792664
0.2467536837471247 2.913941641792664
0.2467536837471247 2.913941641792664
0.2467536837471247 2.913941641792664
0.2467536837471247 2.896722496886075
0.2467536837471247 2.896722496886075
0.2467536837471247 2.896722496886075
0.2467536837471247 2.896722496886075
0.2467536837471247 2.896722496886075
0.2926427263880764 3.5492272551049826
0.2926427263880764 3.5492272551049826
0.2926427263880764 3.5492272551049826
0.2926427263880764 3.5492272551049826
0.2926427263880764 3.5443837946259573
0.2926427263880764 3.5443837946259573
0.2926427263880764 3.5492272551049826
0.17964228850462372 3.043617287176958
0.17964228850462372 3.043617287176958
0.17964228850462372 3.043617287176958
0.17964228850462372 3.043617287176958
0.17964228850462372 3.043617287176958
0.17964228850462372 3.043617287176958
0.17964228850462372 3.043617287176958
0.17964228850462372 3.043617287176958
0.17964228850462372 3.043617287176958
0.17964228850462372 3.043617287176958
0.17964228850462372 3.043617287176958
0.17964228850462372 3.043617287176958
0.17964228850462372 3.043617287176958
0.17964228850462372 3.043617287176958
0.17964228850462372 3.043617287176958
0.17964228850462372 3.043617287176958
0.17964228850462372 3.043617287176958
0.17964228850462372 3.043617287176958
0.17964228850462372 3.043617287176958
0.1577065074475883 3.1252899180616804
0.1577065074475883 3.1252899180616804
0.1577065074475883 3.1252899180616804
0.1577065074475883 3.1252899180616804
0.1577065074475883 3.1252899180616804
0.1577065074475883 3.1252899180616804
0.1577065074475883 3.1252899180616804
0.1577065074475883 3.1252899180616804
0.1577065074475883 3.1252899180616804
0.1577065074475883 3.1252899180616804
0.1577065074475883 3.1252899180616804
0.1577065074475883 3.1252899180616804
0.1577065074475883 3.1252899180616804
0.1577065074475883 3.1252899180616804
0.1577065074475883 3.1252899180616804
0.1577065074475883 3.1252899180616804
0.1577065074475883 3.1252899180616804
0.1577065074475883 3.1252899180616804
0.1577065074475883 3.1252899180616804
0.1577065074475883 3.1252899180616804
0.21675528741271394 3.7336839823013417
0.21675528741271394 3.7336839823013417
0.21124732813224406 3.7485900913136923
0.21124732813224406 3.7485900913136923
0.21124732813224406 3.7485900913136923
0.2057393688517742 3.758831489425473
0.2057393688517742 3.758831489425473
0.2057393688517742 3.7690348177185955
0.2029853892115393 3.776594545675859
0.2029853892115393 3.776594545675859
0.2029853892115393 3.776594545675859
0.1843634625411813 3.821728675906855
0.1843634625411813 3.821728675906855
0.15410283170184952 3.9289887758146067
0.15410283170184952 3.9289887758146067
0.15410283170184952 3.9289887758146067
0.15410283170184952 3.9289887758146067
0.15410283170184952 3.9289887758146067
0.16574153587082327 3.87873919963691
0.16574153587082327 3.87873919963691
0.15410283170184952 3.9289887758146067
0.15410283170184952 3.9289887758146067
0.15410283170184952 3.9289887758146067
0.15410283170184952 3.9289887758146067
0.15410283170184952 3.9289887758146067
0.13780864586528624 3.969890023386764
0.13780864586528624 3.969890023386764
0.13780864586528624 3.969890023386764
0.13780864586528624 3.969890023386764
0.13780864586528624 3.969890023386764
0.13780864586528624 3.969890023386764
0.10522027419215971 4.060641783653079
0.10522027419215971 4.060641783653079
0.10522027419215971 4.060641783653079
0.10522027419215971 4.060641783653079
0.10522027419215971 4.060641783653079
0.10522027419215971 4.060641783653079
0.10522027419215971 4.060641783653079
0.10522027419215971 4.060641783653079
0.10522027419215971 4.060641783653079
0.10522027419215971 4.060641783653079
