0.21007867889931453 3.550121322444881
0.4849859567995217 4.711073186034353
0.7679097234585364 3.532787124589252
0.7679097234585364 3.5271835407595775
0.7679097234585364 3.5271835407595775
0.7679097234585364 3.5271835407595775
0.7679097234585364 3.5271835407595775
0.7679097234585364 3.5271835407595775
0.7679097234585364 3.5150020728182105
0.7679097234585364 3.5150020728182105
0.7679097234585364 3.4876343783566774
0.7679097234585364 3.4876343783566774
0.6601184727253553 3.367717474201088
0.6601184727253553 3.367717474201088
0.6601184727253553 3.361681069182369
0.6601184727253553 3.361681069182369
0.6601184727253553 3.361681069182369
0.6601184727253553 3.361681069182369
0.6601184727253553 3.3479371966214275
0.6601184727253553 3.3479371966214275
0.6601184727253553 3.3479371966214275
0.6601184727253553 3.3479371966214275
0.6601184727253553 3.3479371966214275
0.6601184727253553 3.3479371966214275
0.6601184727253553 3.3479371966214275
0.6601184727253553 3.3479371966214275
0.6601184727253553 3.3479371966214275
0.6601184727253553 3.3479371966214275
0.6601184727253553 3.3479371966214275
0.6601184727253553 3.3479371966214275
0.6601184727253553 3.3363944449048737
0.22841154870079783 3.3952640576392494
0.22841154870079783 3.3952640576392494
0.22841154870079783 3.3952640576392494
0.22841154870079783 3.3952640576392494
0.22841154870079783 3.351052511683948
0.22841154870079783 3.351052511683948
0.22841154870079783 3.351052511683948
0.22841154870079783 3.351052511683948
0.22841154870079783 3.351052511683948
0.22841154870079783 3.3295399357623796
0.22841154870079783 3.3295399357623796
0.22841154870079783 3.3295399357623796
0.22841154870079783 3.3295399357623796
0.22841154870079783 3.3295399357623796
0.22841154870079783 3.3295399357623796
0.22841154870079783 3.3295399357623796
0.22841154870079783 3.3295399357623796
0.6601184727253553 3.2864267290796922
0.6601184727253553 3.2864267290796922
0.6601184727253553 3.2864267290796922
0.6601184727253553 3.2864267290796922
0.6601184727253553 3.2864267290796922
0.6601184727253553 3.2864267290796922
0.6601184727253553 3.2864267290796922
0.6601184727253553 3.2864267290796922
0.6601184727253553 3.2864267290796922
0.6601184727253553 3.307509633102084
0.6601184727253553 3.307509633102084
0.6601184727253553 3.307509633102084
0.6601184727253553 3.307509633102084
0.6601184727253553 3.307509633102084
0.6601184727253553 3.307509633102084
0.6601184727253553 3.307509633102084
0.6601184727253553 3.307509633102084
0.6601184727253553 3.307509633102084
0.6601184727253553 3.307509633102084
0.6601184727253553 3.2864267290796922
0.6601184727253553 3.2864267290796922
0.6601184727253553 3.318055388447659
0.6601184727253553 3.318055388447659
0.6601184727253553 3.2402687609896295
0.6601184727253553 3.278408351069872
0.6601184727253553 3.278408351069872
0.6601184727253553 3.2864267290796922
0.6601184727253553 3.2864267290796922
0.6601184727253553 3.2758896019669965
0.6601184727253553 3.2626070555285205
0.6601184727253553 3.296966743063303
0.6601184727253553 3.2626070555285205
0.6601184727253553 3.307509633102084
0.6601184727253553 3.2769745989675587
0.6601184727253553 3.3002651279598676
0.6601184727253553 3.2758896019669965
0.6387365252529776 3.2986604503997126
0.6387365252529776 3.2986604503997126
0.6387365252529776 3.2986604503997126
0.6387365252529776 3.2986604503997126
0.6387365252529776 3.2986604503997126
0.6387365252529776 3.2986604503997126
0.6387365252529776 3.2986604503997126
0.6387365252529776 3.2986604503997126
0.5683989977373609 3.326864474617159
0.5683989977373609 3.326864474617159
0.5683989977373609 3.326864474617159
0.5683989977373609 3.326864474617159
0.5683989977373609 3.326864474617159
0.5683989977373609 3.320275143382337
0.5683989977373609 3.320275143382337
0.5683989977373609 3.320275143382337
0.5683989977373609 3.320275143382337
0.5683989977373609 3.320275143382337
0.5683989977373609 3.320275143382337
0.5683989977373609 3.320275143382337
0.5683989977373609 3.320275143382337
0.5683989977373609 3.320275143382337
0.5683989977373609 3.320275143382337
0.5683989977373609 3.320275143382337
0.5683989977373609 3.326864474617159
0.5683989977373609 3.326864474617159
0.5683989977373609 3.326864474617159
0.5683989977373609 3.326864474617159
0.5683989977373609 3.326864474617159
0.5683989977373609 3.326864474617159
0.5683989977373609 3.326864474617159
0.5683989977373609 3.326864474617159
0.5683989977373609 3.326864474617159
0.5683989977373609 3.326864474617159
0.5683989977373609 3.326864474617159
0.5683989977373609 3.326864474617159
0.5683989977373609 3.326864474617159
0.5683989977373609 3.326864474617159
0.5683989977373609 3.3413745977717406
0.5683989977373609 3.327113036790558
0.5683989977373609 3.326864474617159
0.5683989977373609 3.320275143382337
0.5683989977373609 3.320275143382337
0.5683989977373609 3.327113036790558
0.5683989977373609 3.327113036790558
0.5683989977373609 3.327113036790558
0.5683989977373609 3.327113036790558
0.5683989977373609 3.331549679816796
0.5683989977373609 3.331549679816796
0.5683989977373609 3.331549679816796
0.5683989977373609 3.327113036790558
0.5683989977373609 3.327113036790558
0.5683989977373609 3.3457480726267326
0.5683989977373609 3.3330140924120983
0.5683989977373609 3.3179331155363827
0.5683989977373609 3.2723287695071686
0.5683989977373609 3.265529814132845
0.5683989977373609 3.31390866550088
0.5683989977373609 3.3236806023067147
0.5683989977373609 3.3405838663237164
0.5683989977373609 3.327113036790558
0.5683989977373609 3.335595738443691
0.5683989977373609 3.336492930602699
0.5683989977373609 3.336492930602699
0.5683989977373609 3.3460635077162073
0.497965197833639 3.134479099323281
0.497965197833639 3.134479099323281
0.497965197833639 3.134479099323281
0.497965197833639 3.134479099323281
0.497965197833639 3.134479099323281
0.497965197833639 3.134479099323281
0.497965197833639 3.134479099323281
0.497965197833639 3.134479099323281
0.497965197833639 3.134479099323281
0.497965197833639 3.134479099323281
0.497965197833639 3.134479099323281
0.497965197833639 3.134479099323281
0.497965197833639 3.134479099323281
0.497965197833639 3.134479099323281
0.7302473697971393 2.5097185040577705
0.7302473697971393 2.5097185040577705
0.7302473697971393 2.5097185040577705
0.7302473697971393 2.5097185040577705
0.7302473697971393 2.5097185040577705
0.7302473697971393 2.5097185040577705
0.7302473697971393 2.5097185040577705
0.7302473697971393 2.5097185040577705
0.7302473697971393 2.5097185040577705
0.7302473697971393 2.5097185040577705
0.7302473697971393 2.5097185040577705
0.7302473697971393 2.5097185040577705
0.7302473697971393 2.5097185040577705
0.7302473697971393 2.5097185040577705
0.7302473697971393 2.5097185040577705
0.7302473697971393 2.5097185040577705
0.7302473697971393 2.5097185040577705
0.7302473697971393 2.5097185040577705
0.7302473697971393 2.5097185040577705
0.7302473697971393 2.5097185040577705
0.7302473697971393 2.5097185040577705
0.7302473697971393 2.5097185040577705
0.7302473697971393 2.5097185040577705
0.7302473697971393 2.5097185040577705
0.7302473697971393 2.5097185040577705
0.7302473697971393 2.5097185040577705
0.7302473697971393 2.5097185040577705
0.7302473697971393 2.5097185040577705
0.7302473697971393 2.5097185040577705
0.7302473697971393 2.5097185040577705
0.7028083850608913 2.7638975224168045
0.7028083850608913 2.7638975224168045
0.7028083850608913 2.7638975224168045
0.7028083850608913 2.7638975224168045
0.7028083850608913 2.7638975224168045
0.7028083850608913 2.7638975224168045
0.7028083850608913 2.7638975224168045
0.7028083850608913 2.7638975224168045
0.7028083850608913 2.7638975224168045
0.7028083850608913 2.7638975224168045
0.6522655851559733 2.811483286604706
0.6522655851559733 2.811483286604706
0.6522655851559733 2.811483286604706
0.6522655851559733 2.811483286604706
0.6522655851559733 2.811483286604706
0.6522655851559733 2.811483286604706
0.6522655851559733 2.811483286604706
0.6522655851559733 2.811483286604706
0.6522655851559733 2.811483286604706
0.6522655851559733 2.811483286604706
0.6139492223066951 2.8268428395773797
0.6139492223066951 2.8268428395773797
0.6139492223066951 2.821151732643732
0.6139492223066951 2.821151732643732
0.6139492223066951 2.821151732643732
0.6139492223066951 2.821151732643732
0.6139492223066951 2.821151732643732
0.6139492223066951 2.821151732643732
0.6139492223066951 2.821151732643732
0.6139492223066951 2.821151732643732
0.6139492223066951 2.821151732643732
0.6139492223066951 2.8268428395773797
0.6139492223066951 2.8268428395773797
0.6139492223066951 2.8339207373365243
0.6139492223066951 2.8339207373365243
0.6044724473245231 2.8409347207080073
0.6044724473245231 2.8409347207080073
0.6060519098215518 2.8171872821954325
0.6044724473245231 2.8409347207080073
0.6044724473245231 2.8409347207080073
0.6044724473245231 2.8409347207080073
0.6044724473245231 2.8409347207080073
0.6044724473245231 2.8409347207080073
0.6044724473245231 2.8409347207080073
0.6028929848274944 2.857059077583358
0.6013135223304656 2.84447901046833
0.6013135223304656 2.84447901046833
0.6013135223304656 2.84447901046833
0.6013135223304656 2.873200395011937
0.6013135223304656 2.873200395011937
0.6013135223304656 2.873200395011937
0.6013135223304656 2.873200395011937
0.6013135223304656 2.873200395011937
0.6013135223304656 2.873200395011937
0.6013135223304656 2.873200395011937
0.6013135223304656 2.873200395011937
0.6013135223304656 2.873200395011937
0.6013135223304656 2.873200395011937
0.1839182674137414 3.3559175372335384
0.1839182674137414 3.338117479373394
0.1839182674137414 3.338117479373394
0.1839182674137414 3.338117479373394
0.2156540508418897 3.2651407381753876
0.2156540508418897 3.2643406405852677
0.2156540508418897 3.2643406405852677
0.2156540508418897 3.2633987677342513
0.2156540508418897 3.2279568025533556
0.2156540508418897 3.2279568025533556
0.2156540508418897 3.2279568025533556
0.2156540508418897 3.2275082838390747
0.2156540508418897 3.2275082838390747
0.2156540508418897 3.2275082838390747
0.2156540508418897 3.2275082838390747
0.2156540508418897 3.2275082838390747
0.2156540508418897 3.216306178005842
0.2156540508418897 3.2120818871999735
0.2156540508418897 3.2120818871999735
0.2156540508418897 3.2120818871999735
0.2156540508418897 3.2120818871999735
0.2156540508418897 3.2120818871999735
0.2156540508418897 3.2120818871999735
0.2156540508418897 3.2120818871999735
0.2156540508418897 3.2120818871999735
0.2156540508418897 3.2120818871999735
0.2156540508418897 3.216306178005842
0.2156540508418897 3.216306178005842
0.2156540508418897 3.2279568025533556
0.2156540508418897 3.2279568025533556
0.2156540508418897 3.2279568025533556
0.2156540508418897 3.2279568025533556
0.2156540508418897 3.2279568025533556
0.2156540508418897 3.2279568025533556
0.2156540508418897 3.2643406405852677
0.2156540508418897 3.2651804450889244
0.2156540508418897 3.2633987677342513
0.18458438354934492 3.2827304182512886
0.18458438354934492 3.2827304182512886
0.18458438354934492 3.279896394162166
0.18458438354934492 3.279896394162166
0.18458438354934492 3.279896394162166
0.18458438354934492 3.279896394162166
0.18458438354934492 3.279896394162166
0.18458438354934492 3.279896394162166
0.18458438354934492 3.279896394162166
0.18458438354934492 3.2722506380516934
0.18458438354934492 3.2722506380516934
0.18458438354934492 3.2722506380516934
0.18458438354934492 3.2722506380516934
0.18458438354934492 3.2827304182512886
0.18458438354934492 3.2827304182512886
0.18458438354934492 3.2827304182512886
0.18458438354934492 3.2827304182512886
0.18458438354934492 3.2827304182512886
0.18458438354934492 3.2827304182512886
0.18458438354934492 3.2827304182512886
0.18458438354934492 3.2827304182512886
0.18458438354934492 3.2827304182512886
0.18458438354934492 3.2827304182512886
0.18458438354934492 3.2827304182512886
0.18458438354934492 3.2827304182512886
0.18458438354934492 3.2827304182512886
0.18458438354934492 3.2827304182512886
0.18458438354934492 3.2827304182512886
0.18458438354934492 3.2827304182512886
0.18458438354934492 3.2827304182512886
0.18458438354934492 3.2827304182512886
0.18458438354934492 3.279896394162166
0.18458438354934492 3.2865348619355
0.18458438354934492 3.281313390312645
0.18458438354934492 3.281313390312645
0.18458438354934492 3.281313390312645
0.18458438354934492 3.2722506380516934
0.18090166439638633 3.4667476186971253
0.18090166439638633 3.4667476186971253
0.18090166439638633 3.4667476186971253
0.18090166439638633 3.4667476186971253
0.18090166439638633 3.4667476186971253
0.18090166439638633 3.4667476186971253
0.18090166439638633 3.4667476186971253
0.18090166439638633 3.4667476186971253
0.18090166439638633 3.455722626789491
0.18090166439638633 3.455722626789491
0.18090166439638633 3.4405776698107395
0.18090166439638633 3.4405776698107395
0.18090166439638633 3.4405776698107395
0.18090166439638633 3.4405776698107395
0.18090166439638633 3.4405776698107395
0.18090166439638633 3.4405776698107395
0.18090166439638633 3.4405776698107395
0.18090166439638633 3.4405776698107395
0.18090166439638633 3.4405776698107395
0.18090166439638633 3.4667476186971253
0.18090166439638633 3.4667476186971253
0.18090166439638633 3.491934275639055
0.18090166439638633 3.491934275639055
0.18090166439638633 3.491934275639055
0.18090166439638633 3.4929275085776585
0.18090166439638633 3.4929275085776585
0.18090166439638633 3.544322744666298
0.18090166439638633 3.544322744666298
0.18090166439638633 3.5134159019241644
0.18090166439638633 3.4667476186971253
0.18090166439638633 3.5052054347068524
0.18090166439638633 3.5052054347068524
0.18090166439638633 3.488802886848271
0.18090166439638633 3.544536939751124
0.18090166439638633 3.544536939751124
0.18090166439638633 3.5052054347068524
0.18090166439638633 3.455722626789491
0.17755093171125397 3.815928839723107
0.17755093171125397 3.815928839723107
0.17755093171125397 3.815928839723107
0.17755093171125397 3.815928839723107
0.169156117165531 3.896547881015647
0.169156117165531 3.896547881015647
0.169156117165531 3.896547881015647
0.169156117165531 3.896547881015647
0.15825426901963813 3.9322771396404
0.15825426901963813 3.9322771396404
0.15825426901963813 3.9322771396404
0.15825426901963813 3.9322771396404
0.15531037854686164 4.0021063095112925
0.15531037854686164 4.0021063095112925
0.10201918275806623 3.9529579112654374
0.10201918275806623 3.9529579112654374
0.10201918275806623 3.9529579112654374
0.10201918275806623 3.9529579112654374
0.10201918275806623 3.9529579112654374
0.10201918275806623 3.9529579112654374
0.10201918275806623 3.9529579112654374
0.08054565300115968 4.099002130585713
0.08054565300115968 4.099002130585713
0.08054565300115968 4.099002130585713
0.08054565300115968 4.099002130585713
0.08054565300115968 4.099002130585713
0.08054565300115968 4.099002130585713
0.08054565300115968 4.099002130585713
0.08054565300115968 4.099002130585713
0.05382661032449773 3.8460350377167556
0.05382661032449773 3.8460350377167556
0.059072123244253136 4.2604984551031215
0.059072123244253136 4.2604984551031215
0.059072123244253136 4.2604984551031215
0.038921123291557405 3.9199479230658274
0.050482711341490516 4.366159839774613
0.050482711341490516 4.366159839774613
0.03146837977508724 3.987638851366582
0.03146837977508724 3.987638851366582
0.01913844686371524 4.906442115687346
0.01913844686371524 4.906442115687346
0.01913844686371524 4.906442115687346
0.01913844686371524 4.906442115687346
0.01913844686371524 4.906442115687346
