0.13248401428027778 4.335632036156555
0.48088861102806124 3.530704176367895
0.34420164375940265 3.633682171654605
0.13248401428027778 4.335632036156555
0.48088861102806124 3.530704176367895
0.34420164375940265 3.6326304714478534
0.13248401428027778 4.2995154939553775
0.48088861102806124 3.530704176367895
0.34420164375940265 3.631336808385808
0.13248401428027778 4.274167878396941
0.48088861102806124 3.530704176367895
0.34420164375940265 3.631336808385808
0.13248401428027778 4.274167878396941
0.48088861102806124 3.5117703157931808
0.13248401428027778 4.274167878396941
0.13248401428027778 4.274167878396941
0.13248401428027778 4.264542228297364
0.13248401428027778 4.245735826391666
0.34420164375940265 3.631336808385808
0.48088861102806124 3.4952702206936435
0.48088861102806124 3.4952702206936435
0.48088861102806124 3.4952702206936435
0.48088861102806124 3.4952702206936435
0.48088861102806124 3.4813604342595257
0.48088861102806124 3.4813604342595257
0.48088861102806124 3.4813604342595257
0.48088861102806124 3.4703153860958937
0.48088861102806124 3.4703153860958937
0.48088861102806124 3.4703153860958937
0.48088861102806124 3.4703153860958937
0.48088861102806124 3.4703153860958937
0.48088861102806124 3.4703153860958937
0.48088861102806124 3.4703153860958937
0.4782775791405496 3.422834547939049
0.4782775791405496 3.422834547939049
0.4782775791405496 3.422834547939049
0.4782775791405496 3.422834547939049
0.4782775791405496 3.422834547939049
0.4782775791405496 3.422834547939049
0.48088861102806124 3.4703153860958937
0.48088861102806124 3.4703153860958937
0.48088861102806124 3.4703153860958937
0.48088861102806124 3.4703153860958937
0.48088861102806124 3.4703153860958937
0.5197546830086719 3.4038236448006747
0.5197546830086719 3.4038236448006747
0.5197546830086719 3.4038236448006747
0.5197546830086719 3.4038236448006747
0.5197546830086719 3.4038236448006747
0.5197546830086719 3.4038236448006747
0.5197546830086719 3.4038236448006747
0.5197546830086719 3.4038236448006747
0.5197546830086719 3.4038236448006747
0.5197546830086719 3.4038236448006747
0.5197546830086719 3.4038236448006747
0.5197546830086719 3.4038236448006747
0.5197546830086719 3.4038236448006747
0.5197546830086719 3.4038236448006747
0.5197546830086719 3.4038236448006747
0.5197546830086719 3.4038236448006747
0.5197546830086719 3.4038236448006747
0.5197546830086719 3.4038236448006747
0.5197546830086719 3.4038236448006747
0.4530522724312287 3.3871041760445912
0.4530522724312287 3.3871041760445912
0.4530522724312287 3.3871041760445912
0.4530522724312287 3.3871041760445912
0.4197010671425071 3.402178408705605
0.4197010671425071 3.402178408705605
0.4197010671425071 3.402178408705605
0.4197010671425071 3.402178408705605
0.4197010671425071 3.402178408705605
0.4030254644981463 3.4103481481434916
0.4030254644981463 3.4103481481434916
0.4030254644981463 3.4103481481434916
0.4030254644981463 3.4103481481434916
0.4030254644981463 3.4103481481434916
0.4030254644981463 3.4103481481434916
0.4030254644981463 3.4103481481434916
0.4030254644981463 3.4103481481434916
0.4030254644981463 3.4103481481434916
0.4030254644981463 3.4103481481434916
0.4030254644981463 3.4103481481434916
0.4030254644981463 3.4103481481434916
0.4030254644981463 3.3738506220715094
0.4030254644981463 3.4103481481434916
0.4920781356470911 3.2489652034383436
0.4920781356470911 3.2489652034383436
0.4920781356470911 3.2489652034383436
0.4920781356470911 3.2489652034383436
0.4364202161790006 3.324703628435898
0.4364202161790006 3.324703628435898
0.4364202161790006 3.324703628435898
0.4364202161790006 3.324703628435898
0.4364202161790006 3.324703628435898
0.4364202161790006 3.324703628435898
0.4364202161790006 3.324703628435898
0.4364202161790006 3.324703628435898
0.4364202161790006 3.324703628435898
0.4364202161790006 3.324703628435898
0.4364202161790006 3.3282647131149377
0.4364202161790006 3.3282647131149377
0.4364202161790006 3.3282647131149377
0.4364202161790006 3.3282647131149377
0.4364202161790006 3.3282647131149377
0.4364202161790006 3.3282647131149377
0.4364202161790006 3.3282647131149377
0.4364202161790006 3.3282647131149377
0.4364202161790006 3.3282647131149377
0.4364202161790006 3.3282647131149377
0.4364202161790006 3.3282647131149377
0.4364202161790006 3.3282647131149377
0.4364202161790006 3.3282647131149377
0.4364202161790006 3.3282647131149377
0.4364202161790006 3.3282647131149377
0.4364202161790006 3.3282647131149377
0.4364202161790006 3.3282647131149377
0.4364202161790006 3.3282647131149377
0.4364202161790006 3.3282647131149377
0.4364202161790006 3.324703628435898
0.4364202161790006 3.362616177835743
0.4364202161790006 3.3264841358819535
0.4364202161790006 3.3441410841191948
0.4364202161790006 3.3368520109322035
0.4364202161790006 3.342251078691341
0.4364202161790006 3.3605423176671274
0.4364202161790006 3.3605423176671274
0.4364202161790006 3.313710736536093
0.4364202161790006 3.313710736536093
0.4364202161790006 3.33525735959799
0.4364202161790006 3.3399484633387733
0.4364202161790006 3.3505761681216066
0.4364202161790006 3.3399484633387733
0.4364202161790006 3.3287939686992676
0.4364202161790006 3.3394190781961863
0.4364202161790006 3.3394190781961863
0.4364202161790006 3.3363491600154638
0.4364202161790006 3.3719229251986023
0.4364202161790006 3.35779408010549
0.4364202161790006 3.327306269884944
0.4364202161790006 3.327306269884944
0.4364202161790006 3.35783020449405
0.4364202161790006 3.353689392472823
0.4364202161790006 3.365234340712841
0.4364202161790006 3.3583650381274324
0.4364202161790006 3.3583650381274324
0.4364202161790006 3.386019099376316
0.4364202161790006 3.386019099376316
0.4364202161790006 3.3825544814580955
0.4364202161790006 3.361663280562399
0.4364202161790006 3.3677601749701505
0.4364202161790006 3.3156449704097866
0.4364202161790006 3.361570798359484
0.4364202161790006 3.3386780333626462
0.4364202161790006 3.3386780333626462
0.4364202161790006 3.3383922917470144
0.4364202161790006 3.3351619007594033
0.4364202161790006 3.283175940419659
0.4364202161790006 3.329425315113024
0.4364202161790006 3.454420730174027
0.4364202161790006 3.454420730174027
0.4364202161790006 3.4451871497562676
0.4364202161790006 3.4451871497562676
0.4364202161790006 3.353999950519101
0.4364202161790006 3.353999950519101
0.4364202161790006 3.258038815755964
0.4364202161790006 3.258038815755964
0.4364202161790006 3.258038815755964
0.4364202161790006 3.258038815755964
0.4364202161790006 3.258038815755964
0.4364202161790006 3.258038815755964
0.4364202161790006 3.258038815755964
0.4364202161790006 3.258038815755964
0.6703644982536501 2.8431529889339773
0.5950675198516615 3.1374044891950934
0.5950675198516615 3.1374044891950934
0.5950675198516615 3.1374044891950934
0.5950675198516615 3.1374044891950934
0.5950675198516615 3.1374044891950934
0.5950675198516615 3.1374044891950934
0.5950675198516615 3.1374044891950934
0.5950675198516615 3.1374044891950934
0.5950675198516615 3.1374044891950934
0.701345907491921 2.6896433955631758
0.701345907491921 2.6896433955631758
0.701345907491921 2.6896433955631758
0.6601579706481899 2.744583342805118
0.701345907491921 2.6896433955631758
0.47550580356210304 3.133066778504558
0.47550580356210304 3.133066778504558
0.47550580356210304 3.1330591917012898
0.47550580356210304 3.1330591917012898
0.47550580356210304 3.1330591917012898
0.47550580356210304 3.1330591917012898
0.47550580356210304 3.1330591917012898
0.47550580356210304 3.1330591917012898
0.47550580356210304 3.1330591917012898
0.47550580356210304 3.1330591917012898
0.47550580356210304 3.1330591917012898
0.47550580356210304 3.133066778504558
0.47550580356210304 3.133066778504558
0.47550580356210304 3.133066778504558
0.46573440671632743 3.1472829920897705
0.46573440671632743 3.1472829920897705
0.46573440671632743 3.1472829920897705
0.46573440671632743 3.1472829920897705
0.46573440671632743 3.1472829920897705
0.4559630098705518 3.1584877009964716
0.4559630098705518 3.1584877009964716
0.4559630098705518 3.1584877009964716
0.4437487638133323 3.1604199156972
0.4437487638133323 3.1604199156972
0.4437487638133323 3.1604199156972
0.4437487638133323 3.1604199156972
0.4437487638133323 3.1604199156972
0.4437487638133323 3.1604199156972
0.4388630653904445 3.177280873756655
0.4388630653904445 3.177280873756655
0.4388630653904445 3.177280873756655
0.4388630653904445 3.177280873756655
0.4364202161790006 3.190894874743451
0.4364202161790006 3.190894874743451
0.426648819333225 3.185569130520743
0.426648819333225 3.185569130520743
0.426648819333225 3.185569130520743
0.426648819333225 3.185569130520743
0.426648819333225 3.20968213726415
0.426648819333225 3.20968213726415
0.4223738332131982 3.2063589517269033
0.42054169630461524 3.2193547258611357
0.3514525271871753 3.049112707053062
0.3514525271871753 3.049112707053062
0.3514525271871753 3.049112707053062
0.3514525271871753 3.049112707053062
0.3514525271871753 3.049112707053062
0.3514525271871753 3.049112707053062
0.3514525271871753 3.049112707053062
0.3514525271871753 3.049112707053062
0.3514525271871753 3.049112707053062
0.3514525271871753 3.049112707053062
0.3514525271871753 3.049112707053062
0.3514525271871753 3.049112707053062
0.3514525271871753 3.049112707053062
0.3514525271871753 3.049112707053062
0.3514525271871753 3.049112707053062
0.3514525271871753 3.049112707053062
0.3514525271871753 3.049112707053062
0.3514525271871753 3.049112707053062
0.3514525271871753 3.049112707053062
0.3514525271871753 3.049112707053062
0.3514525271871753 3.049112707053062
0.3514525271871753 3.049112707053062
0.3514525271871753 3.049112707053062
0.3514525271871753 3.049112707053062
0.34540113695745106 3.0864272110038726
0.34540113695745106 3.0864272110038726
0.34540113695745106 3.0864272110038726
0.34540113695745106 3.0864272110038726
0.34540113695745106 3.0864272110038726
0.34540113695745106 3.0864272110038726
0.34540113695745106 3.0864272110038726
0.23965748492916905 3.337371214592341
0.23965748492916905 3.337371214592341
0.23965748492916905 3.337371214592341
0.23965748492916905 3.337371214592341
0.23965748492916905 3.337371214592341
0.23965748492916905 3.315994594435099
0.23965748492916905 3.312721658670418
0.23965748492916905 3.312721658670418
0.23965748492916905 3.312721658670418
0.23965748492916905 3.312721658670418
0.23965748492916905 3.312721658670418
0.23965748492916905 3.312721658670418
0.23965748492916905 3.3123734139344005
0.23965748492916905 3.3106774478596988
0.23965748492916905 3.3106774478596988
0.23965748492916905 3.3106774478596988
0.23965748492916905 3.3105956658035036
0.23965748492916905 3.3105956658035036
0.23965748492916905 3.3105956658035036
0.23965748492916905 3.3105956658035036
0.23965748492916905 3.3105956658035036
0.23965748492916905 3.3105956658035036
0.23965748492916905 3.3105956658035036
0.23965748492916905 3.3105956658035036
0.23965748492916905 3.3059769948550204
0.23965748492916905 3.3043468528404953
0.23965748492916905 3.3043468528404953
0.23965748492916905 3.3043468528404953
0.23965748492916905 3.3043468528404953
0.23965748492916905 3.3043468528404953
0.23965748492916905 3.298117233563996
0.23965748492916905 3.3059769948550204
0.23965748492916905 3.315994594435099
0.23965748492916905 3.315994594435099
0.23965748492916905 3.315994594435099
0.23965748492916905 3.312721658670418
0.23965748492916905 3.332948786376151
0.23965748492916905 3.31880949572865
0.23965748492916905 3.31880949572865
0.23965748492916905 3.3157654965292247
0.23965748492916905 3.3123734139344005
0.23965748492916905 3.3123734139344005
0.23965748492916905 3.3106774478596988
0.23965748492916905 3.3448530573719437
0.23965748492916905 3.3105956658035036
0.23965748492916905 3.3105956658035036
0.23965748492916905 3.31172056962898
0.23965748492916905 3.313180522926576
0.23965748492916905 3.313180522926576
0.23965748492916905 3.3166864416721022
0.23965748492916905 3.3185796947060866
0.23965748492916905 3.3185796947060866
0.23965748492916905 3.339590063084813
0.23965748492916905 3.3059769948550204
0.23965748492916905 3.3043468528404953
0.23965748492916905 3.3717840143542976
0.23965748492916905 3.3138953034455465
0.23965748492916905 3.298117233563996
0.23965748492916905 3.298117233563996
0.23965748492916905 3.298117233563996
0.23965748492916905 3.31896212600989
0.23965748492916905 3.316964573510417
0.23965748492916905 3.2957467073185907
0.23965748492916905 3.314230873033653
0.23965748492916905 3.314230873033653
0.23965748492916905 3.314230873033653
0.23965748492916905 3.3095982678667557
0.23965748492916905 3.3095982678667557
0.23965748492916905 3.3095982678667557
0.23965748492916905 3.3168549959602225
0.23965748492916905 3.3168549959602225
0.23965748492916905 3.3435352375075498
0.23965748492916905 3.3117850221041683
0.23965748492916905 3.3117850221041683
0.23965748492916905 3.3117850221041683
0.23965748492916905 3.3117850221041683
0.23965748492916905 3.3098255211831216
0.20318638520876098 3.4618530986524556
0.20318638520876098 3.4618530986524556
0.20318638520876098 3.4618530986524556
0.20318638520876098 3.4618530986524556
0.20318638520876098 3.4618530986524556
0.20318638520876098 3.4618530986524556
0.20318638520876098 3.4618530986524556
0.20318638520876098 3.4618530986524556
0.20318638520876098 3.4618530986524556
0.20318638520876098 3.4618530986524556
0.20318638520876098 3.4618530986524556
0.20318638520876098 3.4618530986524556
0.20318638520876098 3.4618530986524556
0.20318638520876098 3.4618530986524556
0.20318638520876098 3.4618530986524556
0.20318638520876098 3.4618530986524556
0.20318638520876098 3.4618530986524556
0.20318638520876098 3.4618530986524556
0.17977443561616568 3.4917414727375906
0.17977443561616568 3.4917414727375906
0.15853802022521812 3.815719054305561
0.15853802022521812 3.815719054305561
0.15853802022521812 3.815719054305561
0.15853802022521812 3.815719054305561
0.12668339713879678 3.8945902393357614
0.12668339713879678 3.8945902393357614
0.12668339713879678 3.8945902393357614
0.12668339713879678 3.885295256142335
0.12668339713879678 3.885295256142335
0.12668339713879678 3.884227490706662
0.12668339713879678 3.884227490706662
0.12668339713879678 3.884227490706662
0.12668339713879678 3.885295256142335
0.12668339713879678 3.8978844536758315
0.12668339713879678 3.8978844536758315
0.12668339713879678 3.8978844536758315
0.12668339713879678 3.8978844536758315
0.12668339713879678 3.8978844536758315
0.06464577697155122 4.0496994003869515
0.06464577697155122 4.0496994003869515
0.06464577697155122 4.0496994003869515
0.06464577697155122 4.0496994003869515
0.06464577697155122 4.0496994003869515
0.06464577697155122 4.0496994003869515
0.06464577697155122 4.0496994003869515
0.06464577697155122 4.0496994003869515
0.06464577697155122 4.0496994003869515
0.06464577697155122 4.0496994003869515
0.06464577697155122 4.0496994003869515
0.06464577697155122 4.0496994003869515
0.06464577697155122 4.0496994003869515
0.06464577697155122 4.0496994003869515
0.06464577697155122 4.0496994003869515
0.054797704014419156 4.226406354443933
0.054797704014419156 4.226406354443933
0.054797704014419156 4.226406354443933
0.04987366753585312 4.311395017445948
0.04987366753585312 4.311395017445948
0.044949631057287096 4.407726190956289
0.044949631057287096 4.407726190956289
0.025253485143022975 4.7361071895325555
0.025253485143022975 4.7361071895325555
0.025253485143022975 4.7361071895325555
0.025253485143022975 4.7361071895325555
0.025253485143022975 4.7361071895325555
0.031251182463887806 5.249311761013862
0.002026247883759484 5.744639655457833
0.002026247883759484 5.744639655457833
