0.9817692160401236 3.6380969256106255
0.9817692160401236 3.6380969256106255
0.9817692160401236 3.6380969256106255
0.10826894259007958 4.399518104126772
0.10826894259007958 4.399518104126772
0.10826894259007958 4.399518104126772
0.10826894259007958 4.392550418614286
0.10826894259007958 4.392550418614286
0.10826894259007958 4.359599348069051
0.10826894259007958 4.352647952206449
0.10826894259007958 4.347879838321231
0.10826894259007958 4.347879838321231
0.10826894259007958 4.347879838321231
0.10826894259007958 4.340465369975986
0.10826894259007958 4.340465369975986
0.10826894259007958 4.340465369975986
0.10826894259007958 4.340465369975986
0.3002126718626472 4.179421835036913
0.3002126718626472 4.179421835036913
0.6964173674776752 3.3551073317258995
0.620885848762996 2.872838224173942
0.620885848762996 2.872838224173942
0.620885848762996 2.872838224173942
0.620885848762996 2.872838224173942
0.620885848762996 2.872838224173942
0.620885848762996 2.872838224173942
0.620885848762996 2.872838224173942
0.620885848762996 2.872838224173942
0.620885848762996 2.872838224173942
0.620885848762996 2.872838224173942
0.620885848762996 2.872838224173942
0.620885848762996 2.872838224173942
0.620885848762996 2.872838224173942
0.620885848762996 2.872838224173942
0.620885848762996 2.872838224173942
0.620885848762996 2.872838224173942
0.620885848762996 2.872838224173942
0.620885848762996 2.872838224173942
0.620885848762996 2.872838224173942
0.620885848762996 2.872838224173942
0.620885848762996 2.872838224173942
0.620885848762996 2.872838224173942
0.620885848762996 2.872838224173942
0.620885848762996 2.872838224173942
0.620885848762996 2.872838224173942
0.620885848762996 2.872838224173942
0.620885848762996 2.872838224173942
0.620885848762996 2.872838224173942
0.620885848762996 2.872838224173942
0.620885848762996 2.8707333918481748
0.620885848762996 2.8706292543248675
0.620885848762996 2.872838224173942
0.620885848762996 2.872838224173942
0.620885848762996 2.872838224173942
0.620885848762996 2.872838224173942
0.620885848762996 2.872838224173942
0.620885848762996 2.8613964680270634
0.620885848762996 2.871793739662718
0.620885848762996 2.879129686890754
0.620885848762996 2.879129686890754
0.620885848762996 2.891217878275855
0.620885848762996 2.891217878275855
0.620885848762996 2.891217878275855
0.620885848762996 2.871099264375238
0.620885848762996 2.871099264375238
0.620885848762996 2.872838224173942
0.620885848762996 2.872838224173942
0.620885848762996 2.86323967874282
0.620885848762996 2.86323967874282
0.620885848762996 2.856175592271617
0.620885848762996 2.8971125204978136
0.620885848762996 2.8971125204978136
0.620885848762996 2.869373312426394
0.620885848762996 2.869373312426394
0.5250276963708049 3.164796408441606
0.5009278395191714 3.170801117840552
0.5009278395191714 3.170801117840552
0.7055755897179581 2.783930872115605
0.7055755897179581 2.783930872115605
0.7055755897179581 2.783930872115605
0.7055755897179581 2.783930872115605
0.7055755897179581 2.783930872115605
0.620885848762996 2.852049421473266
0.620885848762996 2.854228052717795
0.7055755897179581 2.783930872115605
0.7055755897179581 2.783930872115605
0.7055755897179581 2.783930872115605
0.5997134135242554 2.7796865360824987
0.5997134135242554 2.7796865360824987
0.5997134135242554 2.7796865360824987
0.5997134135242554 2.7796865360824987
0.5997134135242554 2.7796865360824987
0.5997134135242554 2.7796865360824987
0.5997134135242554 2.7796865360824987
0.5997134135242554 2.7796865360824987
0.5997134135242554 2.7796865360824987
0.5997134135242554 2.7796865360824987
0.5997134135242554 2.7796865360824987
0.5997134135242554 2.7796865360824987
0.5997134135242554 2.7796865360824987
0.5997134135242554 2.7796865360824987
0.5997134135242554 2.7796865360824987
0.5997134135242554 2.7796865360824987
0.5997134135242554 2.7796865360824987
0.5997134135242554 2.7796865360824987
0.5997134135242554 2.7796865360824987
0.5997134135242554 2.7796865360824987
0.5997134135242554 2.7796865360824987
0.5997134135242554 2.7796865360824987
0.5997134135242554 2.7796865360824987
0.5997134135242554 2.7796865360824987
0.5997134135242554 2.7796865360824987
0.5997134135242554 2.7796865360824987
0.5997134135242554 2.7796865360824987
0.5997134135242554 2.7796865360824987
0.5997134135242554 2.7796865360824987
0.5997134135242554 2.7796865360824987
0.5997134135242554 2.792443709349755
0.5997134135242554 2.7755597934998857
0.5997134135242554 2.7755597934998857
0.5997134135242554 2.7796865360824987
0.5997134135242554 2.7993483965034316
0.5997134135242554 2.7506391209184877
0.5997134135242554 2.737464660140622
0.5997134135242554 2.767274846352497
0.5997134135242554 2.806983211365132
0.5997134135242554 2.806983211365132
0.5997134135242554 2.8145315539062445
0.5997134135242554 2.8145315539062445
0.5997134135242554 2.8239700472909153
0.5997134135242554 2.8239700472909153
0.5997134135242554 2.8239700472909153
0.5997134135242554 2.7457242097732655
0.5997134135242554 2.7982824886479265
0.5997134135242554 2.746748829937529
0.5975804812927982 2.8334531619728196
0.5975804812927982 2.8334531619728196
0.5975804812927982 2.8334531619728196
0.5975804812927982 2.8334531619728196
0.5975804812927982 2.8334531619728196
0.5975804812927982 2.8334531619728196
0.5975804812927982 2.8334531619728196
0.5975804812927982 2.8334531619728196
0.5975804812927982 2.8334531619728196
0.5975804812927982 2.8334531619728196
0.5975804812927982 2.8334531619728196
0.5975804812927982 2.8334531619728196
0.5975804812927982 2.8334531619728196
0.5975804812927982 2.8334531619728196
0.5975804812927982 2.8334531619728196
0.5975804812927982 2.8334531619728196
0.5975804812927982 2.8334531619728196
0.5975804812927982 2.8334531619728196
0.5975804812927982 2.8334531619728196
0.5975804812927982 2.8334531619728196
0.5975804812927982 2.8334531619728196
0.5975804812927982 2.8334531619728196
0.5975804812927982 2.8334531619728196
0.5975804812927982 2.8334531619728196
0.5975804812927982 2.8334531619728196
0.5975804812927982 2.8334531619728196
0.5975804812927982 2.8334531619728196
0.5975804812927982 2.8334531619728196
0.5975804812927982 2.8334531619728196
0.5975804812927982 2.8334531619728196
0.5975804812927982 2.8558389556042814
0.5975804812927982 2.8558389556042814
0.5975804812927982 2.8558389556042814
0.5975804812927982 2.831693873252814
0.5975804812927982 2.827367617643974
0.5975804812927982 2.8213723828180575
0.5975804812927982 2.816227142045672
0.5975804812927982 2.816227142045672
0.5975804812927982 2.8334531619728196
0.5975804812927982 2.846410576993567
0.5975804812927982 2.8523733747179025
0.43755472999502726 2.6681504198569854
0.43755472999502726 2.669477555541485
0.43755472999502726 2.663555818833
0.43755472999502726 2.747252544269802
0.43755472999502726 2.6681504198569854
0.43755472999502726 2.715071340587648
0.43755472999502726 2.715071340587648
0.43755472999502726 2.715071340587648
0.43755472999502726 2.675051822574849
0.43755472999502726 2.668375254302593
0.43755472999502726 2.715071340587648
0.43755472999502726 2.6670923658466386
0.39538920560658924 3.1042984051925924
0.39538920560658924 3.1042984051925924
0.39538920560658924 3.1042984051925924
0.39538920560658924 3.1042984051925924
0.39538920560658924 3.1042984051925924
0.39538920560658924 3.1042984051925924
0.39538920560658924 3.1042984051925924
0.39538920560658924 3.1042984051925924
0.39538920560658924 3.1042984051925924
0.39538920560658924 3.1042984051925924
0.39538920560658924 3.1042984051925924
0.39538920560658924 3.1042984051925924
0.39538920560658924 3.1042984051925924
0.39538920560658924 3.1042984051925924
0.39538920560658924 3.1042984051925924
0.3919534070312248 3.1492482942245767
0.3919534070312248 3.1492482942245767
0.3919534070312248 3.1492482942245767
0.3919534070312248 3.1492482942245767
0.3919534070312248 3.1492482942245767
0.3919534070312248 3.1492482942245767
0.3919534070312248 3.1492482942245767
0.3919534070312248 3.1492482942245767
0.3919534070312248 3.1492482942245767
0.3919534070312248 3.1492482942245767
0.3919534070312248 3.1492482942245767
0.3919534070312248 3.1492482942245767
0.3919534070312248 3.1492482942245767
0.3919534070312248 3.1492482942245767
0.3919534070312248 3.1492482942245767
0.3919534070312248 3.1492482942245767
0.3919534070312248 3.1492482942245767
0.3919534070312248 3.1492482942245767
0.3673484680359067 2.8261353835271534
0.3673484680359067 2.8261353835271534
0.3673484680359067 2.8261353835271534
0.3673484680359067 2.8261353835271534
0.3673484680359067 2.8261353835271534
0.3673484680359067 2.8261353835271534
0.3673484680359067 2.8261353835271534
0.3673484680359067 2.8261353835271534
0.3673484680359067 2.8261353835271534
0.3673484680359067 2.8261353835271534
0.3673484680359067 2.8261353835271534
0.3673484680359067 2.8261353835271534
0.3673484680359067 2.8261353835271534
0.3673484680359067 2.8261353835271534
0.3673484680359067 2.8261353835271534
0.3673484680359067 2.8261353835271534
0.3673484680359067 2.8261353835271534
0.3673484680359067 2.8261353835271534
0.3673484680359067 2.8261353835271534
0.3673484680359067 2.8261353835271534
0.3673484680359067 2.8261353835271534
0.3673484680359067 2.8261353835271534
0.3673484680359067 2.8261353835271534
0.3673484680359067 2.8261353835271534
0.3673484680359067 2.8261353835271534
0.3673484680359067 2.8261353835271534
0.3673484680359067 2.8261353835271534
0.3673484680359067 2.8261353835271534
0.3673484680359067 2.8261353835271534
0.3673484680359067 2.8261353835271534
0.3673484680359067 2.8261353835271534
0.3673484680359067 2.817928491945157
0.3673484680359067 2.856799534974922
0.34848554645081775 2.9046626318014526
0.34848554645081775 2.9046626318014526
0.34848554645081775 2.9046626318014526
0.34848554645081775 2.9046626318014526
0.3390540856582732 3.0017361867437473
0.3390540856582732 3.0017361867437473
0.3390540856582732 3.0017361867437473
0.3390540856582732 3.0017361867437473
0.3378270681511154 2.984969625039482
0.3378270681511154 2.984969625039482
0.33372484650842205 3.0156739910162167
0.33372484650842205 3.0156739910162167
0.33372484650842205 3.0156739910162167
0.33372484650842205 3.0156739910162167
0.33372484650842205 3.0156739910162167
0.33372484650842205 3.0156739910162167
0.33013540257106544 3.0327992155752814
0.32962262486572874 3.055686525834139
0.32962262486572874 3.055686525834139
0.32962262486572874 3.0674621739553887
0.32962262486572874 3.07599901201136
0.32962262486572874 3.0840931624689385
0.3275715140443821 3.09426111889057
0.3275715140443821 3.09426111889057
0.3275715140443821 3.09426111889057
0.3275715140443821 3.09426111889057
0.32680234748637715 3.1237293633029526
0.32680234748637715 3.1237293633029526
0.32603318092837213 3.132924178468043
0.25114945460904287 2.9055564480704237
0.25114945460904287 2.9055564480704237
0.25114945460904287 2.9055564480704237
0.25114945460904287 2.9055564480704237
0.25114945460904287 2.9055564480704237
0.25114945460904287 2.9055564480704237
0.25114945460904287 2.9055564480704237
0.25114945460904287 2.9055564480704237
0.25114945460904287 2.9055564480704237
0.25114945460904287 2.9055564480704237
0.25114945460904287 2.9055564480704237
0.25114945460904287 2.9055564480704237
0.25114945460904287 2.9055564480704237
0.25114945460904287 2.9055564480704237
0.25114945460904287 2.9055564480704237
0.25114945460904287 2.9055564480704237
0.25114945460904287 2.9055564480704237
0.25114945460904287 2.9055564480704237
0.25114945460904287 2.9055564480704237
0.25114945460904287 2.9055564480704237
0.25114945460904287 2.9055564480704237
0.25114945460904287 2.9055564480704237
0.25114945460904287 2.9055564480704237
0.25114945460904287 2.9055564480704237
0.25114945460904287 2.9055564480704237
0.25114945460904287 2.9055564480704237
0.1375064633682554 3.1923007248714503
0.25114945460904287 2.9055564480704237
0.25114945460904287 2.9055564480704237
0.25114945460904287 2.9055564480704237
0.25114945460904287 2.9055564480704237
0.3238384929689419 3.375496616062506
0.3238384929689419 3.375496616062506
0.3238384929689419 3.375496616062506
0.3238384929689419 3.375496616062506
0.3238384929689419 3.375496616062506
0.3238384929689419 3.3607721391108134
0.3238384929689419 3.375496616062506
0.3238384929689419 3.375496616062506
0.3238384929689419 3.375496616062506
0.3238384929689419 3.375496616062506
0.3238384929689419 3.375496616062506
0.3238384929689419 3.375496616062506
0.3238384929689419 3.375496616062506
0.3238384929689419 3.375496616062506
0.3238384929689419 3.375496616062506
0.31947732735198153 3.4749715382207946
0.31947732735198153 3.4749715382207946
0.31947732735198153 3.4749715382207946
0.3182323347678868 3.506473626749504
0.3182323347678868 3.506473626749504
0.3182323347678868 3.506473626749504
0.31698734218379204 3.5355515486139812
0.31698734218379204 3.53801270787658
0.30049314282675976 3.553149662679469
0.30049314282675976 3.553149662679469
0.30049314282675976 3.553149662679469
0.30049314282675976 3.553149662679469
0.30049314282675976 3.553149662679469
0.30049314282675976 3.553149662679469
0.2592576444341792 3.567415276918891
0.2592576444341792 3.567415276918891
0.2592576444341792 3.567415276918891
0.2592576444341792 3.567415276918891
0.2695665190323243 3.5510040477473135
0.10754863770116407 3.2343679296993044
0.10754863770116407 3.2343679296993044
0.10754863770116407 3.2343679296993044
0.10754863770116407 3.2343679296993044
0.10754863770116407 3.2343679296993044
0.10754863770116407 3.2343679296993044
0.10754863770116407 3.2343679296993044
0.10754863770116407 3.2343679296993044
0.10754863770116407 3.2343679296993044
0.10754863770116407 3.2343679296993044
0.10754863770116407 3.2343679296993044
0.10754863770116407 3.2343679296993044
0.10754863770116407 3.2343679296993044
0.10754863770116407 3.2343679296993044
0.10754863770116407 3.2343679296993044
0.10754863770116407 3.2343679296993044
0.10754863770116407 3.2343679296993044
0.10754863770116407 3.235347769504129
0.10754863770116407 3.2343679296993044
0.10754863770116407 3.2343679296993044
0.10754863770116407 3.2343679296993044
0.10754863770116407 3.2343679296993044
0.10754863770116407 3.2343679296993044
0.10754863770116407 3.2343679296993044
0.10754863770116407 3.2343679296993044
0.10754863770116407 3.2343679296993044
0.10754863770116407 3.2343679296993044
0.10754863770116407 3.2343679296993044
0.10154545218017141 3.515956744973697
0.10154545218017141 3.515956744973697
0.10154545218017141 3.515956744973697
0.10154545218017141 3.515956744973697
0.10154545218017141 3.515956744973697
0.10154545218017141 3.515956744973697
0.10154545218017141 3.515956744973697
0.10154545218017141 3.515956744973697
0.1287513318303673 4.166437582468303
0.1287513318303673 4.166437582468303
0.1287513318303673 4.166437582468303
0.1287513318303673 4.166437582468303
0.1287513318303673 4.166437582468303
0.1287513318303673 4.166437582468303
0.06619938593676494 4.412897644659594
0.10752184225668629 4.349520439812268
0.10752184225668629 4.349520439812268
0.10752184225668629 4.349520439812268
0.10752184225668629 4.349520439812268
0.06619938593676494 4.412897644659594
0.06619938593676494 4.412897644659594
0.06619938593676494 4.412897644659594
0.06619938593676494 4.412897644659594
0.06619938593676494 4.412897644659594
0.06619938593676494 4.412897644659594
0.06619938593676494 4.412897644659594
0.06619938593676494 4.412897644659594
0.06619938593676494 4.412897644659594
0.05558464114992445 4.524808139038737
0.05558464114992445 4.524808139038737
