0.7418824629758155 3.208066882975525
0.5293781491267197 3.9856755758831364
0.31151623336133805 3.701687876012951
0.7418824629758155 3.1847677958315708
0.5293781491267197 3.944416096114916
0.26530008361937907 4.542156161651509
0.7418824629758155 3.1722138740885417
0.5293781491267197 3.944416096114916
0.5293781491267197 3.940869159016996
0.5293781491267197 3.940869159016996
0.5293781491267197 3.940869159016996
0.5293781491267197 3.940869159016996
0.5293781491267197 3.940869159016996
0.5293781491267197 3.940869159016996
0.7418824629758155 3.1722138740885417
0.7418824629758155 3.1722138740885417
0.7418824629758155 3.1722138740885417
0.7418824629758155 3.1722138740885417
0.7418824629758155 3.1722138740885417
0.7418824629758155 3.1722138740885417
0.7418824629758155 3.1722138740885417
0.7418824629758155 3.156661496157903
0.7418824629758155 3.156661496157903
0.7418824629758155 3.156661496157903
0.7418824629758155 3.156661496157903
0.7418824629758155 3.156661496157903
0.7418824629758155 3.156661496157903
0.5293781491267197 3.8861199491630063
0.5293781491267197 3.8861199491630063
0.5293781491267197 3.8861199491630063
0.5293781491267197 3.8861199491630063
0.5293781491267197 3.8861199491630063
0.5293781491267197 3.8861199491630063
0.5293781491267197 3.8839192714291055
0.5293781491267197 3.8839192714291055
0.5293781491267197 3.8839192714291055
0.5293781491267197 3.8747700000845207
0.5293781491267197 3.8747700000845207
0.5293781491267197 3.8747700000845207
0.5293781491267197 3.8747700000845207
0.5293781491267197 3.8395504310351436
0.5293781491267197 3.8395504310351436
0.5293781491267197 3.8395504310351436
0.5293781491267197 3.8395504310351436
0.5293781491267197 3.8395504310351436
0.5293781491267197 3.8395504310351436
0.5293781491267197 3.8395504310351436
0.5293781491267197 3.8395504310351436
0.5293781491267197 3.8395504310351436
0.5293781491267197 3.8196234821078248
0.5293781491267197 3.8395504310351436
0.4717945444759025 3.826440731430755
0.5148316357680868 3.514687395265176
0.5148316357680868 3.514687395265176
0.5148316357680868 3.514687395265176
0.5148316357680868 3.514687395265176
0.5148316357680868 3.514687395265176
0.5148316357680868 3.514687395265176
0.5148316357680868 3.514687395265176
0.5148316357680868 3.514687395265176
0.5148316357680868 3.514687395265176
0.5148316357680868 3.514687395265176
0.5148316357680868 3.514687395265176
0.5148316357680868 3.514687395265176
0.5148316357680868 3.514687395265176
0.5148316357680868 3.514687395265176
0.5148316357680868 3.514687395265176
0.5148316357680868 3.514687395265176
0.5148316357680868 3.514687395265176
0.5148316357680868 3.514687395265176
0.5148316357680868 3.514687395265176
0.5148316357680868 3.514687395265176
0.5148316357680868 3.514687395265176
0.5148316357680868 3.514687395265176
0.5148316357680868 3.514687395265176
0.5148316357680868 3.514687395265176
0.5148316357680868 3.514687395265176
0.5148316357680868 3.514687395265176
0.5148316357680868 3.514687395265176
0.5148316357680868 3.514687395265176
0.5148316357680868 3.514687395265176
0.5148316357680868 3.514687395265176
0.5148316357680868 3.4811705469935346
0.4544649237052934 3.5325898622636953
0.4544649237052934 3.5325898622636953
0.4544649237052934 3.5325898622636953
0.4544649237052934 3.5325898622636953
0.4544649237052934 3.5325898622636953
0.4544649237052934 3.5325898622636953
0.4544649237052934 3.5325898622636953
0.4544649237052934 3.5325898622636953
0.4544649237052934 3.5325898622636953
0.4544649237052934 3.5325898622636953
0.4544649237052934 3.5325898622636953
0.4544649237052934 3.5325898622636953
0.4544649237052934 3.5325898622636953
0.4544649237052934 3.5325898622636953
0.4544649237052934 3.5325898622636953
0.4544649237052934 3.5325898622636953
0.3694222668714444 3.4129799934581726
0.3694222668714444 3.4129799934581726
0.3694222668714444 3.4129799934581726
0.3694222668714444 3.4129799934581726
0.3694222668714444 3.4129799934581726
0.3694222668714444 3.4129799934581726
0.3694222668714444 3.4129799934581726
0.3694222668714444 3.4129799934581726
0.3694222668714444 3.4129799934581726
0.3694222668714444 3.4129799934581726
0.3556510404747718 3.4365179126408045
0.3556510404747718 3.4365179126408045
0.3556510404747718 3.4365179126408045
0.3556510404747718 3.4365179126408045
0.3556510404747718 3.4365179126408045
0.3556510404747718 3.4365179126408045
0.3556510404747718 3.4365179126408045
0.3556510404747718 3.4365179126408045
0.3556510404747718 3.4365179126408045
0.3556510404747718 3.4365179126408045
0.3556510404747718 3.4365179126408045
0.3556510404747718 3.4365179126408045
0.3556510404747718 3.43638238228264
0.3556510404747718 3.43638238228264
0.3556510404747718 3.43638238228264
0.3556510404747718 3.43638238228264
0.3556510404747718 3.43638238228264
0.3556510404747718 3.43638238228264
0.3556510404747718 3.423541117874433
0.3556510404747718 3.4167043569259214
0.3556510404747718 3.4167043569259214
0.3556510404747718 3.4167043569259214
0.3556510404747718 3.4167043569259214
0.3556510404747718 3.4167043569259214
0.3556510404747718 3.4167043569259214
0.3556510404747718 3.4167043569259214
0.3556510404747718 3.4167043569259214
0.3556510404747718 3.4167043569259214
0.3556510404747718 3.4167043569259214
0.3556510404747718 3.385468554963819
0.3556510404747718 3.362072637648558
0.3556510404747718 3.362072637648558
0.3556510404747718 3.362072637648558
0.3556510404747718 3.362072637648558
0.3556510404747718 3.362072637648558
0.3556510404747718 3.3040815051900476
0.3556510404747718 3.3040815051900476
0.3556510404747718 3.3040815051900476
0.3556510404747718 3.3040815051900476
0.3556510404747718 3.3040815051900476
0.3556510404747718 3.3040815051900476
0.3556510404747718 3.3040815051900476
0.3556510404747718 3.3040815051900476
0.3556510404747718 3.3040815051900476
0.3556510404747718 3.362072637648558
0.3556510404747718 3.362072637648558
0.3556510404747718 3.362072637648558
0.3556510404747718 3.362072637648558
0.3556510404747718 3.362072637648558
0.3556510404747718 3.362072637648558
0.3556510404747718 3.362072637648558
0.3556510404747718 3.362072637648558
0.3556510404747718 3.362072637648558
0.3556510404747718 3.362072637648558
0.3556510404747718 3.362072637648558
0.3556510404747718 3.362072637648558
0.3556510404747718 3.35709668972506
0.3556510404747718 3.35709668972506
0.3556510404747718 3.35709668972506
0.3556510404747718 3.338509144701062
0.3556510404747718 3.338509144701062
0.3556510404747718 3.338509144701062
0.3556510404747718 3.338509144701062
0.3556510404747718 3.338509144701062
0.3556510404747718 3.3040815051900476
0.3556510404747718 3.344298483217188
0.3556510404747718 3.347221482565522
0.3556510404747718 3.35709668972506
0.3556510404747718 3.35709668972506
0.3556510404747718 3.3368750097846887
0.3556510404747718 3.35709668972506
0.3556510404747718 3.3563949275146485
0.3556510404747718 3.35709668972506
0.3556510404747718 3.3388282133991845
0.3556510404747718 3.3388282133991845
0.3556510404747718 3.356165095830383
0.3556510404747718 3.356165095830383
0.32945885402632463 3.415781220267467
0.32945885402632463 3.415781220267467
0.32945885402632463 3.415781220267467
0.32945885402632463 3.415781220267467
0.32945885402632463 3.415781220267467
0.32945885402632463 3.415781220267467
0.32945885402632463 3.415781220267467
0.32945885402632463 3.415781220267467
0.32945885402632463 3.415781220267467
0.32945885402632463 3.415781220267467
0.30326666757787746 3.4575533220548347
0.30326666757787746 3.4575533220548347
0.30326666757787746 3.4575533220548347
0.30326666757787746 3.4575533220548347
0.30326666757787746 3.4575533220548347
0.27707448112943034 3.3311864439916303
0.27707448112943034 3.3311864439916303
0.27707448112943034 3.3311864439916303
0.27707448112943034 3.3311864439916303
0.27707448112943034 3.3311864439916303
0.27707448112943034 3.3311864439916303
0.27707448112943034 3.3311864439916303
0.27707448112943034 3.3311864439916303
0.27707448112943034 3.3311864439916303
0.27707448112943034 3.3311864439916303
0.27707448112943034 3.3311864439916303
0.27707448112943034 3.3311864439916303
0.27707448112943034 3.3311864439916303
0.27707448112943034 3.3311864439916303
0.27707448112943034 3.3311864439916303
0.27707448112943034 3.3311864439916303
0.27707448112943034 3.3311864439916303
0.27707448112943034 3.3311864439916303
0.27707448112943034 3.3311864439916303
0.27707448112943034 3.3311864439916303
0.27707448112943034 3.3311864439916303
0.27707448112943034 3.3311864439916303
0.27707448112943034 3.3311864439916303
0.27707448112943034 3.3311864439916303
0.27707448112943034 3.3311864439916303
0.27707448112943034 3.3311864439916303
0.27707448112943034 3.3311864439916303
0.27707448112943034 3.3311864439916303
0.27707448112943034 3.3311864439916303
0.27707448112943034 3.3311864439916303
0.27707448112943034 3.3311864439916303
0.27707448112943034 3.3396177086991945
0.27707448112943034 3.333637312698049
0.27707448112943034 3.3311864439916303
0.27707448112943034 3.3283024008689654
0.27707448112943034 3.3407886442717123
0.27707448112943034 3.377063918157359
0.27707448112943034 3.377063918157359
0.27707448112943034 3.348615635406421
0.27707448112943034 3.3326285228496393
0.27707448112943034 3.328836630867674
0.27707448112943034 3.3212039679055914
0.27707448112943034 3.303542409730868
0.27707448112943034 3.3270770728326506
0.27707448112943034 3.3239808370190715
0.27707448112943034 3.3239808370190715
0.27707448112943034 3.3311864439916303
0.27707448112943034 3.345029821478294
0.27707448112943034 3.3683441255034476
0.27707448112943034 3.2998210794742167
0.27707448112943034 3.333050482318457
0.27707448112943034 3.3632285640678887
0.27707448112943034 3.325442126435
0.27707448112943034 3.368282014587231
0.27707448112943034 3.368282014587231
0.27707448112943034 3.364377496083143
0.27707448112943034 3.364377496083143
0.27707448112943034 3.385134065289482
0.27707448112943034 3.371477119607646
0.27707448112943034 3.3416379932044453
0.27707448112943034 3.333257327786004
0.27707448112943034 3.327061416158799
0.27707448112943034 3.333808719904039
0.27707448112943034 3.3226912562188393
0.27707448112943034 3.3226912562188393
0.27707448112943034 3.353215614077035
0.27707448112943034 3.353215614077035
0.27259956777874794 3.4266209487908506
0.27259956777874794 3.4266209487908506
0.27259956777874794 3.4266209487908506
0.27259956777874794 3.4266209487908506
0.27259956777874794 3.6905178506006706
0.27259956777874794 3.6979452599896505
0.2795881152418542 3.108559948331965
0.27259956777874794 3.43019767506346
0.27259956777874794 3.43019767506346
0.27259956777874794 3.43019767506346
0.27259956777874794 3.43019767506346
0.27259956777874794 3.43019767506346
0.27259956777874794 3.43019767506346
0.2656110203156417 3.6980373131099973
0.2656110203156417 3.6980373131099973
0.2656110203156417 3.6980373131099973
0.2656110203156417 3.6980373131099973
0.2656110203156417 3.6980373131099973
0.2656110203156417 3.6980373131099973
0.2656110203156417 3.6980373131099973
0.2656110203156417 3.6980373131099973
0.2656110203156417 3.6980373131099973
0.2656110203156417 3.6980373131099973
0.2656110203156417 3.6980373131099973
0.2656110203156417 3.6980373131099973
0.2656110203156417 3.6980373131099973
0.2656110203156417 3.6980373131099973
0.2586224728525355 3.73329375006947
0.20030913835552266 3.5428613678427956
0.2656110203156417 3.6980373131099973
0.2656110203156417 3.6980373131099973
0.2656110203156417 3.6980373131099973
0.2656110203156417 3.6980373131099973
0.2656110203156417 3.6980373131099973
0.2656110203156417 3.6980373131099973
0.2656110203156417 3.6980373131099973
0.2656110203156417 3.6980373131099973
0.2656110203156417 3.6980373131099973
0.2656110203156417 3.6980373131099973
0.2656110203156417 3.6980373131099973
0.2656110203156417 3.6980373131099973
0.2656110203156417 3.6980373131099973
0.2656110203156417 3.6980373131099973
0.2656110203156417 3.6980373131099973
0.2656110203156417 3.6980373131099973
0.2656110203156417 3.6786158533218285
0.2656110203156417 3.7022430493585463
0.2656110203156417 3.7001401468310986
0.2656110203156417 3.7219227996985054
0.24423432095414616 3.813694022025217
0.24423432095414616 3.813694022025217
0.24423432095414616 3.813694022025217
0.24423432095414616 3.813694022025217
0.24423432095414616 3.813694022025217
0.24423432095414616 3.813694022025217
0.24423432095414616 3.813694022025217
0.24423432095414616 3.813694022025217
0.23959057108295329 3.8241531194930687
0.23959057108295329 3.8241531194930687
0.23726869614735685 3.8260313646472595
0.23726869614735685 3.8294206794922565
0.23726869614735685 3.8294206794922565
0.23726869614735685 3.8294206794922565
0.23726869614735685 3.8294206794922565
0.23726869614735685 3.8294206794922565
0.23726869614735685 3.8294206794922565
0.23726869614735685 3.8294206794922565
0.23726869614735685 3.8294206794922565
0.23726869614735685 3.8294206794922565
0.23726869614735685 3.8294206794922565
0.23726869614735685 3.8294206794922565
0.23726869614735685 3.8294206794922565
0.23726869614735685 3.8294206794922565
0.23726869614735685 3.8294206794922565
0.23726869614735685 3.8294206794922565
0.07912280790077655 4.095865083264292
0.07912280790077655 4.088359839864039
0.07912280790077655 4.088359839864039
0.07912280790077655 4.02588971791713
0.07912280790077655 4.015861691322603
0.07912280790077655 4.015861691322603
0.18588912916185585 3.7856787394622433
0.18588912916185585 3.7856787394622433
0.18588912916185585 3.7856787394622433
0.18588912916185585 3.7856787394622433
0.18588912916185585 3.7856787394622433
0.18588912916185585 3.7856787394622433
0.18588912916185585 3.7856787394622433
0.07912280790077655 3.99977332999508
0.07912280790077655 3.99977332999508
0.07912280790077655 3.99977332999508
0.07912280790077655 3.973651153774312
0.07912280790077655 3.973651153774312
0.07912280790077655 3.973651153774312
0.07912280790077655 3.973651153774312
0.07912280790077655 3.9486191943932245
0.07912280790077655 3.9486191943932245
0.07912280790077655 3.9486191943932245
0.07912280790077655 3.9486191943932245
0.07912280790077655 3.9486191943932245
0.07912280790077655 3.9486191943932245
0.07912280790077655 3.9486191943932245
0.07912280790077655 3.9486191943932245
0.07912280790077655 3.9486191943932245
0.07912280790077655 3.9486191943932245
0.07912280790077655 3.9486191943932245
0.07912280790077655 3.9486191943932245
0.07912280790077655 3.9486191943932245
0.09257094254109731 3.5403047532842686
0.09257094254109731 3.5403047532842686
0.07912280790077655 3.9174446708345174
0.07912280790077655 3.9174446708345174
0.07912280790077655 3.9174446708345174
0.07912280790077655 3.9174446708345174
0.07912280790077655 3.9174446708345174
0.07912280790077655 3.9486191943932245
0.07912280790077655 4.017411383140125
0.07912280790077655 4.017411383140125
0.07912280790077655 4.008592040489408
0.07912280790077655 4.035040276658927
0.058580766070858825 4.203581314319342
0.058580766070858825 4.203581314319342
0.058580766070858825 4.203581314319342
0.058580766070858825 4.203581314319342
0.058580766070858825 4.203581314319342
0.058580766070858825 4.203581314319342
0.058580766070858825 4.203581314319342
0.058580766070858825 4.203581314319342
0.058580766070858825 4.203581314319342
0.058580766070858825 4.203581314319342
0.058580766070858825 4.264018280322468
0.058580766070858825 4.312894948783321
0.03175778801536251 4.895317926403916
0.02506825156794065 4.939877042233399
0.02506825156794065 4.939877042233399
0.04875405045581514 5.218675109677705
0.04875405045581514 5.218675109677705
0.04875405045581514 5.218675109677705
