0.06929334560436118 4.509021378867999
0.06929334560436118 4.509021378867999
0.1756042826840719 4.4734389234044745
0.06929334560436118 4.505518789973293
0.06929334560436118 4.497355316864886
0.1756042826840719 4.47150257019936
0.06929334560436118 4.485706749413796
0.06929334560436118 4.485706749413796
0.06929334560436118 4.485706749413796
0.06929334560436118 4.485706749413796
0.06929334560436118 4.485706749413796
0.06929334560436118 4.485706749413796
0.19690459726755472 4.121695948105903
0.3050287574904786 3.7119491508361544
0.3050287574904786 3.7119491508361544
0.3050287574904786 3.7119491508361544
0.3050287574904786 3.7119491508361544
0.6368144435506173 3.4830798115490986
0.6368144435506173 3.499082076721453
0.6368144435506173 3.499082076721453
0.6368144435506173 3.499082076721453
0.6368144435506173 3.499082076721453
0.6368144435506173 3.499082076721453
0.6368144435506173 3.499082076721453
0.6368144435506173 3.499082076721453
0.6368144435506173 3.499082076721453
0.6368144435506173 3.499082076721453
0.6368144435506173 3.499082076721453
0.6368144435506173 3.499082076721453
0.6368144435506173 3.499082076721453
0.6368144435506173 3.499082076721453
0.6368144435506173 3.499082076721453
0.6368144435506173 3.499082076721453
0.6368144435506173 3.499082076721453
0.6368144435506173 3.499082076721453
0.6368144435506173 3.499082076721453
0.6368144435506173 3.499082076721453
0.4259383877029209 3.725047998176614
0.4259383877029209 3.725047998176614
0.4259383877029209 3.725047998176614
0.4259383877029209 3.725047998176614
0.4259383877029209 3.725047998176614
0.4259383877029209 3.725047998176614
0.4259383877029209 3.725047998176614
0.4259383877029209 3.725047998176614
0.4259383877029209 3.725047998176614
0.4259383877029209 3.725047998176614
0.4259383877029209 3.725047998176614
0.4259383877029209 3.725047998176614
0.4259383877029209 3.725047998176614
0.4259383877029209 3.725047998176614
0.4259383877029209 3.725047998176614
0.4259383877029209 3.725047998176614
0.6368011295870255 3.446359415075383
0.6368011295870255 3.446359415075383
0.6368011295870255 3.446359415075383
0.6368011295870255 3.446359415075383
0.6368011295870255 3.446359415075383
0.6368011295870255 3.446359415075383
0.6368011295870255 3.446359415075383
0.6368011295870255 3.446359415075383
0.6368011295870255 3.446359415075383
0.6368011295870255 3.446359415075383
0.6368011295870255 3.446359415075383
0.6368011295870255 3.446359415075383
0.6368011295870255 3.446359415075383
0.6368011295870255 3.446359415075383
0.6368011295870255 3.446359415075383
0.6368011295870255 3.446359415075383
0.6368011295870255 3.446359415075383
0.6368011295870255 3.446359415075383
0.6368011295870255 3.446359415075383
0.6368011295870255 3.4634221409905153
0.6368011295870255 3.4634221409905153
0.6368011295870255 3.4593759459914075
0.6368011295870255 3.4593759459914075
0.6368011295870255 3.452867171852543
0.6368011295870255 3.446359415075383
0.6368011295870255 3.446359415075383
0.6368011295870255 3.4768747259382144
0.6368011295870255 3.4616142843375886
0.4671141806818387 3.4487563154810514
0.4671141806818387 3.4487563154810514
0.4671141806818387 3.4487563154810514
0.4671141806818387 3.4487563154810514
0.4671141806818387 3.4487563154810514
0.4671141806818387 3.4487563154810514
0.47030563471772524 3.4554870470833703
0.47030563471772524 3.4554870470833703
0.47030563471772524 3.4554870470833703
0.47030563471772524 3.4554870470833703
0.47030563471772524 3.4554870470833703
0.303810139848425 3.513931011117941
0.303810139848425 3.513931011117941
0.303810139848425 3.513931011117941
0.303810139848425 3.513931011117941
0.303810139848425 3.513931011117941
0.303810139848425 3.513931011117941
0.303810139848425 3.513931011117941
0.37624553084070866 3.3266937331806825
0.2683653596668525 3.2543678521489277
0.2683653596668525 3.2543678521489277
0.2683653596668525 3.2543678521489277
0.2683653596668525 3.2543678521489277
0.2683653596668525 3.2543678521489277
0.2683653596668525 3.2543678521489277
0.2683653596668525 3.2543678521489277
0.2683653596668525 3.2543678521489277
0.2683653596668525 3.2543678521489277
0.2683653596668525 3.2543678521489277
0.2683653596668525 3.2543678521489277
0.2683653596668525 3.2543678521489277
0.2683653596668525 3.2543678521489277
0.2683653596668525 3.2543678521489277
0.2683653596668525 3.2543678521489277
0.2683653596668525 3.2543678521489277
0.2683653596668525 3.2543678521489277
0.2683653596668525 3.2543678521489277
0.2683653596668525 3.2543678521489277
0.2683653596668525 3.2543678521489277
0.2683653596668525 3.2128915530959286
0.2683653596668525 3.2543678521489277
0.2683653596668525 3.2543678521489277
0.2683653596668525 3.2543678521489277
0.2683653596668525 3.2543678521489277
0.2683653596668525 3.2543678521489277
0.2683653596668525 3.2543678521489277
0.2683653596668525 3.2543678521489277
0.2683653596668525 3.2543678521489277
0.2683653596668525 3.2543678521489277
0.2683653596668525 3.2128915530959286
0.2683653596668525 3.2345689058502893
0.2683653596668525 3.254406358270778
0.2683653596668525 3.2543678521489277
0.2683653596668525 3.2543678521489277
0.2683653596668525 3.2543678521489277
0.2683653596668525 3.2349272924942856
0.2683653596668525 3.2543678521489277
0.2632073987176632 3.2255424358640634
0.2632073987176632 3.2255424358640634
0.6634617202993324 2.811290310163266
0.6634617202993324 2.811290310163266
0.6634617202993324 2.811290310163266
0.7098687683551221 2.3208015130767543
0.7098687683551221 2.3208015130767543
0.7098687683551221 2.3208015130767543
0.7098687683551221 2.3208015130767543
0.7098687683551221 2.3208015130767543
0.7098687683551221 2.3208015130767543
0.7098687683551221 2.3208015130767543
0.7098687683551221 2.3208015130767543
0.7098687683551221 2.3208015130767543
0.7098687683551221 2.3208015130767543
0.7098687683551221 2.3208015130767543
0.7098687683551221 2.3208015130767543
0.7098687683551221 2.3208015130767543
0.7098687683551221 2.3208015130767543
0.7098687683551221 2.3208015130767543
0.7098687683551221 2.3208015130767543
0.7098687683551221 2.3208015130767543
0.7098687683551221 2.3208015130767543
0.7098687683551221 2.3208015130767543
0.7098687683551221 2.3208015130767543
0.7098687683551221 2.3208015130767543
0.7098687683551221 2.3208015130767543
0.7098687683551221 2.3208015130767543
0.7098687683551221 2.3208015130767543
0.7098687683551221 2.3208015130767543
0.41437360276142254 2.7905168462664443
0.41437360276142254 2.7905168462664443
0.41437360276142254 2.7905168462664443
0.41437360276142254 2.7905168462664443
0.41437360276142254 2.7905168462664443
0.41437360276142254 2.7681787242312836
0.41437360276142254 2.783607957365839
0.41437360276142254 2.783607957365839
0.41437360276142254 2.7905168462664443
0.41437360276142254 2.7905168462664443
0.41437360276142254 2.7905168462664443
0.41437360276142254 2.7905168462664443
0.41437360276142254 2.7905168462664443
0.41437360276142254 2.7905168462664443
0.41437360276142254 2.7905168462664443
0.41437360276142254 2.7905168462664443
0.41437360276142254 2.7905168462664443
0.33862116889293303 2.986315228107143
0.33862116889293303 2.986315228107143
0.33862116889293303 2.986315228107143
0.33862116889293303 2.986315228107143
0.33862116889293303 2.986315228107143
0.33862116889293303 2.986315228107143
0.33862116889293303 2.986315228107143
0.33862116889293303 2.986315228107143
0.33862116889293303 2.986315228107143
0.33862116889293303 2.986315228107143
0.33862116889293303 2.986315228107143
0.33862116889293303 2.986315228107143
0.33862116889293303 2.986315228107143
0.33862116889293303 2.986315228107143
0.33862116889293303 2.986315228107143
0.33862116889293303 2.986315228107143
0.33862116889293303 2.986315228107143
0.33862116889293303 2.986315228107143
0.33862116889293303 2.986315228107143
0.33862116889293303 2.986315228107143
0.33862116889293303 2.986315228107143
0.33862116889293303 2.986315228107143
0.33862116889293303 2.986315228107143
0.33862116889293303 2.986315228107143
0.33862116889293303 2.986315228107143
0.33862116889293303 2.986315228107143
0.33862116889293303 2.986315228107143
0.33862116889293303 2.986315228107143
0.33862116889293303 2.986315228107143
0.33862116889293303 2.986315228107143
0.33862116889293303 2.9883081782571383
0.33862116889293303 2.9883081782571383
0.33862116889293303 2.9883081782571383
0.33862116889293303 2.974541758043195
0.33862116889293303 2.974541758043195
0.33862116889293303 2.9898107111737873
0.33862116889293303 2.9898107111737873
0.33862116889293303 2.9898107111737873
0.33862116889293303 2.996346723443176
0.4255500152695352 2.991011164816649
0.4255500152695352 2.991011164816649
0.4255500152695352 2.991011164816649
0.4255500152695352 2.991011164816649
0.4255500152695352 2.991011164816649
0.4255500152695352 3.0009451544268595
0.4255500152695352 3.005056203522094
0.2948685488903169 3.0674125715421328
0.2948685488903169 3.0674125715421328
0.2948685488903169 3.0674125715421328
0.2948685488903169 3.0674125715421328
0.2948685488903169 3.0674125715421328
0.2948685488903169 3.0674125715421328
0.2948685488903169 3.0674125715421328
0.2948685488903169 3.0674125715421328
0.2948685488903169 3.0674125715421328
0.2948685488903169 3.0674125715421328
0.2948685488903169 3.0674125715421328
0.2948685488903169 3.0674125715421328
0.2948685488903169 3.0674125715421328
0.2948685488903169 3.0674125715421328
0.2948685488903169 3.0674125715421328
0.2948685488903169 3.0674125715421328
0.2948685488903169 3.0674125715421328
0.2948685488903169 3.0674125715421328
0.2948685488903169 3.0674125715421328
0.2948685488903169 3.0674125715421328
0.5522263196699431 2.6551939898577337
0.5522263196699431 2.6551939898577337
0.5522263196699431 2.6551939898577337
0.5522263196699431 2.6551939898577337
0.5522263196699431 2.6551939898577337
0.5522263196699431 2.6551939898577337
0.5522263196699431 2.6551939898577337
0.5522263196699431 2.6551939898577337
0.5522263196699431 2.6551939898577337
0.5522263196699431 2.6551939898577337
0.5522263196699431 2.6551939898577337
0.5522263196699431 2.6551939898577337
0.5522263196699431 2.6551939898577337
0.5522263196699431 2.6551939898577337
0.5522263196699431 2.6551939898577337
0.5522263196699431 2.6551939898577337
0.27467649101032826 3.008497140233078
0.27467649101032826 3.008497140233078
0.27467649101032826 3.008497140233078
0.27467649101032826 3.008497140233078
0.27467649101032826 3.008497140233078
0.27467649101032826 3.008497140233078
0.27467649101032826 3.008497140233078
0.27467649101032826 3.008497140233078
0.27467649101032826 3.014830111985238
0.27467649101032826 3.0203388338586503
0.27467649101032826 3.0250522047914306
0.27467649101032826 3.0250522047914306
0.27467649101032826 3.0250522047914306
0.27467649101032826 3.0250522047914306
0.27467649101032826 3.0250522047914306
0.27467649101032826 3.0250522047914306
0.27467649101032826 3.0250522047914306
0.27467649101032826 3.0250522047914306
0.27467649101032826 3.0250522047914306
0.27467649101032826 3.0313581883485146
0.27467649101032826 3.0313581883485146
0.27467649101032826 3.0313581883485146
0.27467649101032826 3.0313581883485146
0.27467649101032826 3.0250522047914306
0.27467649101032826 3.0203388338586503
0.27467649101032826 3.0203388338586503
0.27467649101032826 3.0203388338586503
0.531431631348971 2.68081574935055
0.531431631348971 2.68081574935055
0.531431631348971 2.68081574935055
0.531431631348971 2.68081574935055
0.3861410807052 2.6804360283923825
0.3861410807052 2.6804360283923825
0.3861410807052 2.675746979069879
0.3861410807052 2.675746979069879
0.3861410807052 2.6668231294418585
0.3861410807052 2.6668231294418585
0.3861410807052 2.6668231294418585
0.3861410807052 2.6668231294418585
0.27467649101032826 3.04493343076347
0.27467649101032826 3.040600644549846
0.27467649101032826 3.022695461066015
0.27467649101032826 3.022695461066015
0.28783451047494335 3.344430226789362
0.23443373748036844 3.3918571289014725
0.28783451047494335 3.32980786308519
0.28783451047494335 3.32980786308519
0.28783451047494335 3.32980786308519
0.28783451047494335 3.32980786308519
0.28783451047494335 3.2260363485596173
0.28783451047494335 3.2260363485596173
0.28783451047494335 3.2260363485596173
0.28783451047494335 3.2260363485596173
0.28783451047494335 3.2260363485596173
0.28783451047494335 3.2260363485596173
0.28783451047494335 3.2260363485596173
0.28783451047494335 3.2260363485596173
0.28783451047494335 3.2260363485596173
0.28783451047494335 3.32980786308519
0.28783451047494335 3.3463520050487663
0.28783451047494335 3.3476332285862194
0.28783451047494335 3.3501957668687847
0.28783451047494335 3.3501957668687847
0.28783451047494335 3.3463520050487663
0.28783451047494335 3.3463520050487663
0.28783451047494335 3.3463520050487663
0.28783451047494335 3.349979005451864
0.28783451047494335 3.349979005451864
0.28783451047494335 3.349979005451864
0.28783451047494335 3.349979005451864
0.28783451047494335 3.35160065312782
0.28783451047494335 3.344430226789362
0.28783451047494335 3.3520701560593267
0.23971935585902834 3.5370441934117305
0.23971935585902834 3.5370441934117305
0.23971935585902834 3.5370441934117305
0.23971935585902834 3.5370441934117305
0.23971935585902834 3.5370441934117305
0.23971935585902834 3.5370441934117305
0.23971935585902834 3.5370441934117305
0.23971935585902834 3.5370441934117305
0.23971935585902834 3.5370441934117305
0.23971935585902834 3.5370441934117305
0.23971935585902834 3.5370441934117305
0.23971935585902834 3.5370441934117305
0.23971935585902834 3.5370441934117305
0.23971935585902834 3.5370441934117305
0.21136134115420144 3.5550526039014274
0.21136134115420144 3.5550526039014274
0.21136134115420144 3.5550526039014274
0.21136134115420144 3.5550526039014274
0.21136134115420144 3.5550526039014274
0.21136134115420144 3.5550526039014274
0.21136134115420144 3.5550526039014274
0.21136134115420144 3.5550526039014274
0.21136134115420144 3.5550526039014274
0.17458454083387903 3.4441620460483633
0.17458454083387903 3.4441620460483633
0.17458454083387903 3.4441620460483633
0.17458454083387903 3.4441620460483633
0.17458454083387903 3.4441620460483633
0.17458454083387903 3.4441620460483633
0.17458454083387903 3.4441620460483633
0.17458454083387903 3.4441620460483633
0.17458454083387903 3.437325297357322
0.17458454083387903 3.4441620460483633
0.17458454083387903 3.4581086115947923
0.17458454083387903 3.4581086115947923
0.17458454083387903 3.4581086115947923
0.14518248465733058 3.469644826771318
0.14518248465733058 3.469644826771318
0.14518248465733058 3.469644826771318
0.14518248465733058 3.469644826771318
0.14518248465733058 3.469644826771318
0.14518248465733058 3.469644826771318
0.14518248465733058 3.469644826771318
0.14518248465733058 3.469644826771318
0.14518248465733058 3.469644826771318
0.14518248465733058 3.4778921579503286
0.14518248465733058 3.4778921579503286
0.14518248465733058 3.4778921579503286
0.14518248465733058 3.4778921579503286
0.14518248465733058 3.4778921579503286
0.14518248465733058 3.4778921579503286
0.14518248465733058 3.4778921579503286
0.14518248465733058 3.4778921579503286
0.08247036845347379 3.9684651265280757
0.08247036845347379 3.9684651265280757
0.08247036845347379 4.080181315607221
0.04128621052068106 4.397956296393573
0.04128621052068106 4.397956296393573
0.04128621052068106 4.397956296393573
0.03190493428916249 4.602267838252894
0.03190493428916249 4.602267838252894
0.013142381826125357 4.888142031982353
0.013142381826125357 4.888142031982353
0.013142381826125357 4.888142031982353
0.013142381826125357 4.888142031982353
0.013142381826125357 4.888142031982353
