0.5455790385010645 4.492402364167119
0.9929978924080859 3.0055687490076566
0.6342044879485409 3.4579034631817325
0.5455790385010645 4.492402364167119
0.9929978924080859 2.981287305941141
0.6342044879485409 3.4579034631817325
0.5455790385010645 4.467893130941172
0.9929978924080859 2.960871384376657
0.9929978924080859 2.9586655281977747
0.4751303960602879 4.133830122180175
0.9929978924080859 2.9586655281977747
0.9929978924080859 2.9586655281977747
0.4393486927706026 3.942277803307641
0.9929978924080859 2.9586655281977747
0.9929978924080859 2.9586655281977747
0.9929978924080859 2.9586655281977747
0.9242332551177724 2.6949786442102885
0.9242332551177724 2.6665639510908914
0.9242332551177724 2.6665639510908914
0.9242332551177724 2.6665639510908914
0.9242332551177724 2.6665639510908914
0.9242332551177724 2.6665639510908914
0.9242332551177724 2.6665639510908914
0.9242332551177724 2.6665639510908914
0.9242332551177724 2.6665639510908914
0.9242332551177724 2.6665639510908914
0.9242332551177724 2.6665639510908914
0.9242332551177724 2.6665639510908914
0.9242332551177724 2.6665639510908914
0.9242332551177724 2.6665639510908914
0.9242332551177724 2.6665639510908914
0.9242332551177724 2.6389708067443443
0.9242332551177724 2.6389708067443443
0.9242332551177724 2.6389708067443443
0.9242332551177724 2.6389708067443443
0.9242332551177724 2.6389708067443443
0.9242332551177724 2.6665639510908914
0.9242332551177724 2.6665639510908914
0.9242332551177724 2.6665639510908914
0.9242332551177724 2.6665639510908914
0.519586552404542 3.8582906531365007
0.519586552404542 3.8582906531365007
0.519586552404542 3.8582906531365007
0.519586552404542 3.8582906531365007
0.519586552404542 3.8582906531365007
0.519586552404542 3.8582906531365007
0.519586552404542 3.8582906531365007
0.519586552404542 3.8582906531365007
0.519586552404542 3.8582906531365007
0.519586552404542 3.8582906531365007
0.519586552404542 3.8582906531365007
0.28549263261722957 3.840828498187604
0.3895822304470222 3.655064435054687
0.3895822304470222 3.655064435054687
0.3895822304470222 3.655064435054687
0.3895822304470222 3.655064435054687
0.3895822304470222 3.655064435054687
0.3895822304470222 3.655064435054687
0.3895822304470222 3.655064435054687
0.3895822304470222 3.655064435054687
0.3895822304470222 3.655064435054687
0.3895822304470222 3.655064435054687
0.3895822304470222 3.655064435054687
0.3895822304470222 3.655064435054687
0.3895822304470222 3.655064435054687
0.3895822304470222 3.655064435054687
0.3895822304470222 3.655064435054687
0.3895822304470222 3.655064435054687
0.3895822304470222 3.655064435054687
0.3895822304470222 3.655064435054687
0.3895822304470222 3.655064435054687
0.3895822304470222 3.655064435054687
0.3895822304470222 3.655064435054687
0.3895822304470222 3.655064435054687
0.3895822304470222 3.655064435054687
0.3895822304470222 3.655064435054687
0.9242332551177724 2.6639372628645415
0.9242332551177724 2.6639372628645415
0.9242332551177724 2.6639372628645415
0.9242332551177724 2.6639372628645415
0.9242332551177724 2.6639372628645415
0.9242332551177724 2.6639372628645415
0.9242332551177724 2.688197034712282
0.9242332551177724 2.641363929003661
0.9242332551177724 2.677091311313548
0.9242332551177724 2.677091311313548
0.9242332551177724 2.6390112072375307
0.9242332551177724 2.6390112072375307
0.9242332551177724 2.6514510526366815
0.9242332551177724 2.6675604873375423
0.9242332551177724 2.6675604873375423
0.5352569808749494 3.372174644908442
0.5352569808749494 3.372174644908442
0.5234646681790488 3.4171955722448457
0.5234646681790488 3.4171955722448457
0.5234646681790488 3.4171955722448457
0.5234646681790488 3.4171955722448457
0.5234646681790488 3.4171955722448457
0.5234646681790488 3.4171955722448457
0.5234646681790488 3.4171955722448457
0.5234646681790488 3.4171955722448457
0.5234646681790488 3.4171955722448457
0.5234646681790488 3.4171955722448457
0.5234646681790488 3.4171955722448457
0.5234646681790488 3.4171955722448457
0.5234646681790488 3.4171955722448457
0.5160944727441109 3.4271558511711047
0.5160944727441109 3.4271558511711047
0.5160944727441109 3.4271558511711047
0.9242332551177724 2.6514007684191423
0.9242332551177724 2.6524070900232495
0.9242332551177724 2.654781703424219
0.9242332551177724 2.654781703424219
0.48167860701410964 3.337499485968559
0.48167860701410964 3.337499485968559
0.48167860701410964 3.337499485968559
0.48167860701410964 3.337499485968559
0.48167860701410964 3.337499485968559
0.48167860701410964 3.337499485968559
0.48167860701410964 3.337499485968559
0.48167860701410964 3.337499485968559
0.48167860701410964 3.337499485968559
0.48167860701410964 3.337499485968559
0.48167860701410964 3.337499485968559
0.48167860701410964 3.337499485968559
0.48167860701410964 3.337499485968559
0.34542569770981935 3.2528358371198793
0.48167860701410964 3.337499485968559
0.48167860701410964 3.337499485968559
0.48167860701410964 3.337499485968559
0.48167860701410964 3.337499485968559
0.48167860701410964 3.337499485968559
0.48167860701410964 3.337499485968559
0.48167860701410964 3.337499485968559
0.48167860701410964 3.337499485968559
0.48167860701410964 3.337499485968559
0.48167860701410964 3.337499485968559
0.48167860701410964 3.337499485968559
0.48167860701410964 3.337499485968559
0.48167860701410964 3.337499485968559
0.48167860701410964 3.337499485968559
0.48167860701410964 3.337499485968559
0.48167860701410964 3.337499485968559
0.48167860701410964 3.337499485968559
0.48167860701410964 3.336155671096719
0.48167860701410964 3.336155671096719
0.48167860701410964 3.335325642506274
0.48167860701410964 3.335325642506274
0.48167860701410964 3.3381714088053895
0.48167860701410964 3.337499485968559
0.48167860701410964 3.3262853449170975
0.48167860701410964 3.3743497879758975
0.48167860701410964 3.336155671096719
0.48167860701410964 3.3325638942317743
0.48167860701410964 3.3325638942317743
0.48167860701410964 3.3325638942317743
0.48167860701410964 3.3325638942317743
0.48167860701410964 3.373018294354886
0.48167860701410964 3.2990508727075065
0.48167860701410964 3.3596579177840353
0.48167860701410964 3.2975248779634563
0.48167860701410964 3.349355238549156
0.40687089444736513 3.277959094012888
0.40687089444736513 3.277959094012888
0.40687089444736513 3.277959094012888
0.40687089444736513 3.277959094012888
0.40687089444736513 3.277959094012888
0.40687089444736513 3.277959094012888
0.40687089444736513 3.277959094012888
0.40687089444736513 3.277959094012888
0.40687089444736513 3.277959094012888
0.388168966305679 3.234904075639039
0.388168966305679 3.234904075639039
0.388168966305679 3.234904075639039
0.388168966305679 3.234904075639039
0.388168966305679 3.234904075639039
0.388168966305679 3.234904075639039
0.388168966305679 3.234904075639039
0.388168966305679 3.234904075639039
0.388168966305679 3.234904075639039
0.388168966305679 3.234904075639039
0.3601160740931498 3.306399140569464
0.3601160740931498 3.306399140569464
0.33206318188062056 3.2271388625707305
0.33206318188062056 3.2271388625707305
0.33206318188062056 3.2271388625707305
0.33206318188062056 3.2271388625707305
0.33206318188062056 3.2336236595908754
0.33206318188062056 3.2271388625707305
0.33206318188062056 3.2271388625707305
0.33206318188062056 3.2271388625707305
0.33206318188062056 3.2271388625707305
0.33206318188062056 3.2271388625707305
0.33206318188062056 3.2271388625707305
0.33206318188062056 3.2271388625707305
0.33206318188062056 3.2271388625707305
0.33206318188062056 3.2271388625707305
0.33206318188062056 3.2271388625707305
0.33206318188062056 3.2271388625707305
0.33206318188062056 3.2271388625707305
0.33206318188062056 3.2271388625707305
0.33206318188062056 3.2271388625707305
0.33206318188062056 3.2271388625707305
0.33206318188062056 3.2271388625707305
0.33206318188062056 3.2271388625707305
0.33206318188062056 3.2271388625707305
0.33206318188062056 3.2271388625707305
0.33206318188062056 3.2271388625707305
0.33206318188062056 3.2271388625707305
0.33206318188062056 3.2271388625707305
0.33206318188062056 3.2271388625707305
0.33206318188062056 3.2271388625707305
0.33206318188062056 3.2271388625707305
0.33206318188062056 3.248308115863584
0.33206318188062056 3.2226377409923566
0.33206318188062056 3.2226377409923566
0.33206318188062056 3.2271388625707305
0.33206318188062056 3.2271388625707305
0.33206318188062056 3.2278203503467884
0.33206318188062056 3.2278203503467884
0.33206318188062056 3.220233195161304
0.33206318188062056 3.220233195161304
0.33206318188062056 3.192842385775733
0.33206318188062056 3.1947395161125867
0.33206318188062056 3.1947395161125867
0.33206318188062056 3.2470606176623624
0.33206318188062056 3.186636243311415
0.33206318188062056 3.2338675098928866
0.33206318188062056 3.2338675098928866
0.33206318188062056 3.230031117969027
0.33206318188062056 3.2470606176623624
0.33206318188062056 3.241807285325367
0.33206318188062056 3.227536697983831
0.33206318188062056 3.140590313363792
0.33206318188062056 3.2728449632927243
0.33206318188062056 3.237280710235661
0.33206318188062056 3.224026623959891
0.33206318188062056 3.035969816827443
0.33206318188062056 3.035969816827443
0.33206318188062056 3.227175984363951
0.32372301841485623 3.20853260331202
0.32372301841485623 3.20853260331202
0.32372301841485623 3.20853260331202
0.32372301841485623 3.20853260331202
0.32372301841485623 3.20853260331202
0.32372301841485623 3.20853260331202
0.32372301841485623 3.20853260331202
0.32372301841485623 3.20853260331202
0.32372301841485623 3.20853260331202
0.32372301841485623 3.20853260331202
0.32372301841485623 3.20853260331202
0.32372301841485623 3.20853260331202
0.32372301841485623 3.20853260331202
0.32372301841485623 3.20853260331202
0.32372301841485623 3.20853260331202
0.32372301841485623 3.20853260331202
0.32372301841485623 3.20853260331202
0.32372301841485623 3.20853260331202
0.32372301841485623 3.20853260331202
0.32372301841485623 3.20853260331202
0.32372301841485623 3.20853260331202
0.32372301841485623 3.20853260331202
0.32372301841485623 3.20853260331202
0.32372301841485623 3.20853260331202
0.32372301841485623 3.20853260331202
0.32372301841485623 3.20853260331202
0.32372301841485623 3.20853260331202
0.32372301841485623 3.20853260331202
0.32372301841485623 3.20853260331202
0.32372301841485623 3.20853260331202
0.32372301841485623 3.20853260331202
0.32372301841485623 3.192172252406287
0.32372301841485623 3.210881927790547
0.22654686986501849 2.78297377807076
0.22654686986501849 2.78297377807076
0.22654686986501849 2.78297377807076
0.22654686986501849 2.78297377807076
0.22654686986501849 2.78297377807076
0.22654686986501849 2.78297377807076
0.22654686986501849 2.78297377807076
0.22654686986501849 2.78297377807076
0.22654686986501849 2.78297377807076
0.22654686986501849 2.78297377807076
0.22654686986501849 2.78297377807076
0.22654686986501849 2.78297377807076
0.22654686986501849 2.78297377807076
0.22654686986501849 2.78297377807076
0.22654686986501849 2.78297377807076
0.22654686986501849 2.78297377807076
0.22654686986501849 2.78297377807076
0.22654686986501849 2.78297377807076
0.22654686986501849 2.78297377807076
0.22654686986501849 2.78297377807076
0.22654686986501849 2.78297377807076
0.22654686986501849 2.78297377807076
0.22654686986501849 2.78297377807076
0.22654686986501849 2.78297377807076
0.22654686986501849 2.78297377807076
0.22654686986501849 2.78297377807076
0.22654686986501849 2.78297377807076
0.22654686986501849 2.78297377807076
0.22654686986501849 2.78297377807076
0.22654686986501849 2.78297377807076
0.22654686986501849 2.81940916364664
0.22654686986501849 2.78297377807076
0.22654686986501849 2.776883436320086
0.22654686986501849 2.78297377807076
0.22654686986501849 2.7863239278862197
0.22654686986501849 2.8109193200817524
0.22654686986501849 2.8109193200817524
0.22654686986501849 2.776544359213843
0.22654686986501849 2.8183251084721155
0.22654686986501849 2.8183251084721155
0.22654686986501849 2.7815540212359733
0.22654686986501849 2.8036927105935585
0.22654686986501849 2.78297377807076
0.22654686986501849 2.7797076864637544
0.22654686986501849 2.823553276889093
0.22654686986501849 2.774100238784529
0.22654686986501849 2.823553276889093
0.22654686986501849 2.776883436320086
0.22654686986501849 2.7681818326255057
0.22654686986501849 2.8229473969983143
0.22654686986501849 2.7788181910128977
0.22654686986501849 2.7681818326255057
0.22654686986501849 2.7681818326255057
0.22654686986501849 2.784941705329937
0.22654686986501849 2.8257285118609574
0.22654686986501849 2.775577207144625
0.22654686986501849 2.775577207144625
0.22654686986501849 2.8141640630688856
0.22654686986501849 2.8141640630688856
0.22654686986501849 2.9562647349584066
0.22654686986501849 2.7860845787037323
0.22654686986501849 2.7860845787037323
0.22654686986501849 2.798862882625661
0.22654686986501849 2.8427652080034274
0.22654686986501849 2.8101088698268133
0.22654686986501849 2.8101088698268133
0.22654686986501849 2.7665288504575427
0.22654686986501849 2.795589878106191
0.22654686986501849 2.9658766530652745
0.22654686986501849 2.9658766530652745
0.22654686986501849 2.9658766530652745
0.22654686986501849 2.803834333781132
0.22654686986501849 2.803834333781132
0.22654686986501849 3.0053818718358034
0.22654686986501849 2.932845213964936
0.22654686986501849 2.932845213964936
0.22654686986501849 2.932845213964936
0.22654686986501849 2.932845213964936
0.22654686986501849 2.9352016370847656
0.22654686986501849 2.9352016370847656
0.22654686986501849 2.970368739353183
0.22654686986501849 2.807660349200525
0.22654686986501849 2.8168630717519356
0.1718402741356262 3.9835599824291497
0.17717012883738237 3.965946462624629
0.1718402741356262 3.9835599824291497
0.1718402741356262 3.9835599824291497
0.1718402741356262 3.9835599824291497
0.1718402741356262 3.9835599824291497
0.1718402741356262 3.9835599824291497
0.1718402741356262 3.9835599824291497
0.1718402741356262 3.9835599824291497
0.12168216003273347 3.8635005404862968
0.12168216003273347 3.8635005404862968
0.12168216003273347 3.8635005404862968
0.12168216003273347 3.8635005404862968
0.17115342091592234 3.7342965046099286
0.17115342091592234 3.7342965046099286
0.12168216003273347 3.8635005404862968
0.12168216003273347 3.8635005404862968
0.12168216003273347 3.8635005404862968
0.12168216003273347 3.8635005404862968
0.12168216003273347 3.8635005404862968
0.14634267668960932 3.7910840080240513
0.12168216003273347 3.8635005404862968
0.12168216003273347 3.8635005404862968
0.12168216003273347 3.8635005404862968
0.12168216003273347 3.8635005404862968
0.12168216003273347 3.8635005404862968
0.12168216003273347 3.8635005404862968
0.11982860056881656 3.8656294024198794
0.11797504110489965 3.897732856093588
0.11704826137294119 3.9283006100687086
0.11473131204304506 3.9608819125594237
0.1033482002874537 4.0520068317053015
0.1033482002874537 4.0520068317053015
0.1033482002874537 4.0520068317053015
0.1033482002874537 4.0520068317053015
0.0913858511993883 4.176751407547831
0.033808059800381596 4.543920675331127
0.0913858511993883 4.176751407547831
0.09080661386691427 4.181062740243008
0.05414222916915813 4.775502248492698
0.05414222916915813 4.775502248492698
0.046448760015207244 4.8161838614722505
0.046448760015207244 4.8161838614722505
0.06688191569078347 4.45301421263243
0.06688191569078347 4.45301421263243
0.029090050253841974 4.980756512269937
0.013703111945940205 5.069889993007896
0.013703111945940205 5.069889993007896
0.013703111945940205 5.069889993007896
0.04179874284970461 4.749170877806047
