0.5665034197574973 3.417288138052138
0.5665034197574973 3.40564553464388
0.5665034197574973 3.3993913564131555
0.5665034197574973 3.382388357688636
0.5665034197574973 3.382388357688636
0.5665034197574973 3.382388357688636
0.59399236941797 3.242513272236777
0.59399236941797 3.242513272236777
0.59399236941797 3.242513272236777
0.59399236941797 3.241307406271418
0.59399236941797 3.241307406271418
0.59399236941797 3.241307406271418
0.59399236941797 3.238355113630333
0.59399236941797 3.2237811649304726
0.59399236941797 3.2237811649304726
0.59399236941797 3.2237811649304726
0.59399236941797 3.1805075912805325
0.59399236941797 3.1805075912805325
0.59399236941797 3.1773633246759134
0.59399236941797 3.1773633246759134
0.59399236941797 3.1773633246759134
0.59399236941797 3.1773633246759134
0.59399236941797 3.1773633246759134
0.59399236941797 3.153101414803983
0.59399236941797 3.153101414803983
0.59399236941797 3.153101414803983
0.615244179948675 3.1471744160884567
0.59399236941797 3.127554326766783
0.6813396795243675 3.0494477445694046
0.6813396795243675 3.0494477445694046
0.6813396795243675 2.9956583090744933
0.6813396795243675 2.9956583090744933
0.6813396795243675 2.9956583090744933
0.6813396795243675 2.9956583090744933
0.6813396795243675 2.9956583090744933
0.6813396795243675 2.9498425702155773
0.6813396795243675 2.9498425702155773
0.6813396795243675 2.9474029908359918
0.6813396795243675 2.9474029908359918
0.6813396795243675 2.9474029908359918
0.6813396795243675 2.9474029908359918
0.6813396795243675 2.9474029908359918
0.6813396795243675 2.9474029908359918
0.6813396795243675 2.9474029908359918
0.6813396795243675 2.9043615649231804
0.6813396795243675 2.9043615649231804
0.6813396795243675 2.89760091058461
0.6813396795243675 2.89760091058461
0.6813396795243675 2.881996375949542
0.6813396795243675 2.8799870202707933
0.6813396795243675 2.8799870202707933
0.6813396795243675 2.8799870202707933
0.6813396795243675 2.8799870202707933
0.6734288561322436 2.8739496358347547
0.6734288561322436 2.86966477108771
0.6734288561322436 2.86966477108771
0.6734288561322436 2.852591181070632
0.6734288561322436 2.852591181070632
0.6734288561322436 2.817510020481583
0.6734288561322436 2.817510020481583
0.6734288561322436 2.817510020481583
0.6734288561322436 2.817510020481583
0.6734288561322436 2.817510020481583
0.6734288561322436 2.817510020481583
0.6734288561322436 2.817510020481583
0.6734288561322436 2.817510020481583
0.6734288561322436 2.8151744707318227
0.6734288561322436 2.8115389776069626
0.6734288561322436 2.8115389776069626
0.6734288561322436 2.8115389776069626
0.6734288561322436 2.8115389776069626
0.6734288561322436 2.8115389776069626
0.6734288561322436 2.808702021415271
0.6734288561322436 2.805141745170941
0.6734288561322436 2.80226003028449
0.567813027141248 2.6739387943993553
0.567813027141248 2.6655856753881735
0.567813027141248 2.6485260570643083
0.567813027141248 2.6485260570643083
0.567813027141248 2.6485260570643083
0.4621971981502524 2.5231643575862663
0.4621971981502524 2.5231643575862663
0.4621971981502524 2.5231643575862663
0.4621971981502524 2.5231643575862663
0.4621971981502524 2.5223876872492403
0.4621971981502524 2.517766754626964
0.4621971981502524 2.5165838792175257
0.4621971981502524 2.5165838792175257
0.5001974197247682 2.508296829885856
0.4621971981502524 2.49236792259793
0.4621971981502524 2.476266376873562
0.4621971981502524 2.476266376873562
0.4621971981502524 2.474582484025972
0.4621971981502524 2.474582484025972
0.4621971981502524 2.474582484025972
0.5001974197247682 2.4674696915176626
0.5001974197247682 2.4674696915176626
0.5001974197247682 2.449486881480851
0.5001974197247682 2.449486881480851
0.5001974197247682 2.449486881480851
0.5001974197247682 2.449486881480851
0.5001974197247682 2.449486881480851
0.5001974197247682 2.449486881480851
0.5001974197247682 2.449486881480851
0.5001974197247682 2.449486881480851
0.5001974197247682 2.449486881480851
0.5001974197247682 2.449486881480851
0.5001974197247682 2.449486881480851
0.5001974197247682 2.449486881480851
0.5001974197247682 2.449486881480851
0.5001974197247682 2.441018867351001
0.5001974197247682 2.4185854491363505
0.5001974197247682 2.418409471701538
0.5001974197247682 2.418409471701538
0.4849973310949619 2.386653542537889
0.4849973310949619 2.386653542537889
0.5325156129725388 2.3594232237553343
0.5325156129725388 2.3594232237553343
0.5325156129725388 2.3594232237553343
0.5325156129725388 2.3594232237553343
0.5325156129725388 2.3594232237553343
0.5325156129725388 2.3594232237553343
0.4849973310949619 2.3709706583736123
0.4849973310949619 2.3709706583736123
0.4849973310949619 2.3709706583736123
0.4849973310949619 2.3709706583736123
0.4849973310949619 2.3709706583736123
0.4849973310949619 2.3709706583736123
0.4849973310949619 2.3545673061641073
0.4849973310949619 2.3545673061641073
0.4849973310949619 2.3709706583736123
0.4849973310949619 2.3709706583736123
0.4849973310949619 2.3709706583736123
0.47746550513166525 2.3764452847404938
0.47746550513166525 2.3764452847404938
0.47746550513166525 2.3764452847404938
0.47746550513166525 2.3764452847404938
0.47746550513166525 2.3764452847404938
0.47746550513166525 2.3764452847404938
0.47746550513166525 2.3764452847404938
0.47746550513166525 2.3764452847404938
0.47746550513166525 2.3764452847404938
0.47746550513166525 2.3764452847404938
0.47746550513166525 2.3764452847404938
0.4698313516409588 2.4033730473607013
0.4698313516409588 2.4033730473607013
0.4698313516409588 2.4033730473607013
0.4698313516409588 2.4033730473607013
0.4698313516409588 2.4033730473607013
0.4621971981502524 2.412275200544788
0.4621971981502524 2.412275200544788
0.4509476325315491 2.4137507589607834
0.4509476325315491 2.413082871398111
0.4509476325315491 2.4137507589607834
0.4509476325315491 2.4137507589607834
0.4509476325315491 2.4137507589607834
0.4509476325315491 2.4137507589607834
0.4509476325315491 2.4137507589607834
0.4509476325315491 2.4137507589607834
0.4509476325315491 2.4137507589607834
0.4509476325315491 2.4137507589607834
0.4509476325315491 2.4137507589607834
0.4509476325315491 2.4137507589607834
0.4509476325315491 2.4137507589607834
0.4509476325315491 2.4137507589607834
0.42445820613210666 2.4486727959539687
0.42445820613210666 2.4486727959539687
0.42445820613210666 2.4486727959539687
0.42445820613210666 2.4486727959539687
0.42445820613210666 2.4486727959539687
0.42445820613210666 2.4486727959539687
0.42445820613210666 2.4486727959539687
0.42445820613210666 2.4486727959539687
0.42445820613210666 2.4486727959539687
0.42445820613210666 2.4486727959539687
0.42445820613210666 2.4486727959539687
0.42445820613210666 2.4486727959539687
0.42445820613210666 2.4665625277180356
0.42445820613210666 2.4665625277180356
0.42445820613210666 2.4665625277180356
0.42445820613210666 2.4665625277180356
0.42445820613210666 2.4665625277180356
0.42445820613210666 2.4665625277180356
0.42445820613210666 2.4665625277180356
0.42445820613210666 2.4665625277180356
0.42445820613210666 2.4665625277180356
0.42445820613210666 2.4665625277180356
0.42445820613210666 2.4665625277180356
0.42445820613210666 2.4665625277180356
0.42445820613210666 2.4665625277180356
0.42445820613210666 2.4665625277180356
0.42445820613210666 2.4665625277180356
0.42445820613210666 2.4665625277180356
0.42445820613210666 2.4740629853664586
0.42445820613210666 2.4486727959539687
0.42445820613210666 2.4652789683663374
0.42445820613210666 2.4576163428479694
0.42445820613210666 2.470082736645607
0.42445820613210666 2.470082736645607
0.42445820613210666 2.460805735562241
0.4006650153525758 2.5075656734100193
0.4006650153525758 2.5075656734100193
0.4006650153525758 2.5075656734100193
0.4006650153525758 2.5075656734100193
0.4006650153525758 2.5075656734100193
0.4006650153525758 2.5075656734100193
0.4006650153525758 2.5075656734100193
0.4006650153525758 2.5075656734100193
0.4006650153525758 2.5075656734100193
0.4006650153525758 2.5075656734100193
0.4006650153525758 2.5075656734100193
0.4006650153525758 2.5075656734100193
0.3606105074321539 2.5444231533313793
0.3606105074321539 2.5406427981221285
0.3606105074321539 2.524126963502179
0.3606105074321539 2.524126963502179
0.3606105074321539 2.524126963502179
0.3606105074321539 2.524126963502179
0.3606105074321539 2.524126963502179
0.3606105074321539 2.524126963502179
0.3606105074321539 2.5406427981221285
0.3606105074321539 2.5444231533313793
0.3606105074321539 2.5444231533313793
0.3606105074321539 2.5444231533313793
0.3606105074321539 2.5444231533313793
0.3606105074321539 2.5444231533313793
0.3606105074321539 2.5444231533313793
0.3606105074321539 2.5444231533313793
0.3606105074321539 2.5444231533313793
0.3606105074321539 2.5444231533313793
0.3606105074321539 2.5444231533313793
0.3606105074321539 2.5444231533313793
0.3606105074321539 2.5444231533313793
0.3606105074321539 2.5444231533313793
0.3606105074321539 2.5444231533313793
0.3606105074321539 2.5444231533313793
0.3606105074321539 2.5444231533313793
0.3606105074321539 2.5444231533313793
0.3606105074321539 2.5444231533313793
0.3564161102723592 2.64884941062237
0.3564161102723592 2.64884941062237
0.3564161102723592 2.64884941062237
0.3342916577322509 2.659116279701075
0.3342916577322509 2.659116279701075
0.3342916577322509 2.659116279701075
0.3121672051921426 2.647622749754769
0.3121672051921426 2.647622749754769
0.3121672051921426 2.647622749754769
0.3121672051921426 2.647622749754769
0.3121672051921426 2.647622749754769
0.3121672051921426 2.647622749754769
0.3121672051921426 2.647622749754769
0.3121672051921426 2.647622749754769
0.3121672051921426 2.647622749754769
0.3121672051921426 2.647622749754769
0.3121672051921426 2.647622749754769
0.3121672051921426 2.660940267775716
0.3121672051921426 2.6456244613778255
0.3121672051921426 2.660940267775716
0.3121672051921426 2.6704423434429314
0.3121672051921426 2.6456244613778255
0.3121672051921426 2.660940267775716
0.3121672051921426 2.68843045116774
0.3121672051921426 2.6456244613778255
0.3121672051921426 2.660940267775716
0.3121672051921426 2.692654124432712
0.29834748875676836 2.6838311866726707
0.29834748875676836 2.6838311866726707
0.29834748875676836 2.6838311866726707
0.29834748875676836 2.6838311866726707
0.29834748875676836 2.6838311866726707
0.2951029226513899 2.7274257297132642
0.2951029226513899 2.7274257297132642
0.2944365347030251 2.715553154740903
0.28761516635621936 2.71674718497597
0.28761516635621936 2.71674718497597
0.28761516635621936 2.71674718497597
0.28761516635621936 2.71674718497597
0.2849783670300967 2.722586717484811
0.28306849249771504 2.7477287315859105
0.2803404881826125 2.724268972880551
0.26306312752029615 2.7543876438338692
0.26306312752029615 2.7543876438338692
0.26306312752029615 2.7543876438338692
0.26306312752029615 2.7543876438338692
0.26306312752029615 2.7543876438338692
0.26306312752029615 2.7543876438338692
0.26306312752029615 2.7543876438338692
0.26306312752029615 2.767253193625352
0.26306312752029615 2.767253193625352
0.26306312752029615 2.767253193625352
0.26306312752029615 2.767253193625352
0.22001359142516755 2.789923484743932
0.17341856858528032 2.762845996851715
0.17341856858528032 2.7608342039835616
0.17341856858528032 2.7608342039835616
0.21824084805278823 2.754746914044081
0.17657048250335555 2.723775267455811
0.17964858532742412 2.663206960879431
0.17964858532742412 2.663206960879431
0.17964858532742412 2.663206960879431
0.17964858532742412 2.663206960879431
0.17964858532742412 2.663206960879431
0.17964858532742412 2.663206960879431
0.17964858532742412 2.663206960879431
0.17964858532742412 2.663206960879431
0.17492071445031127 2.6825612416135307
0.17492071445031127 2.6825612416135307
0.17492071445031127 2.664215272825379
0.17492071445031127 2.664215272825379
0.17492071445031127 2.6825612416135307
0.17492071445031127 2.6825612416135307
0.17492071445031127 2.695903008875418
0.17492071445031127 2.695903008875418
0.17492071445031127 2.7100504647938544
0.17492071445031127 2.7100504647938544
0.1646497975518502 2.674085875537126
0.15545819309644782 2.669431872507647
0.15545819309644782 2.669431872507647
0.15545819309644782 2.669431872507647
0.15545819309644782 2.669431872507647
0.15545819309644782 2.669431872507647
0.15545819309644782 2.669431872507647
0.15545819309644782 2.669431872507647
0.15545819309644782 2.669431872507647
0.15545819309644782 2.7102586524405634
0.15545819309644782 2.7102586524405634
0.15545819309644782 2.7102586524405634
0.1457540493232526 2.7339983535031864
0.1457540493232526 2.7339983535031864
0.1457540493232526 2.7339983535031864
0.129412345205201 2.750198887067128
0.129412345205201 2.750198887067128
0.129412345205201 2.750198887067128
0.129412345205201 2.750198887067128
0.129412345205201 2.750198887067128
0.129412345205201 2.750198887067128
0.129412345205201 2.750198887067128
0.129412345205201 2.750198887067128
0.11471290833341512 2.758448281174371
0.11471290833341512 2.758448281174371
0.11471290833341512 2.758448281174371
0.11471290833341512 2.758448281174371
0.11471290833341512 2.758448281174371
0.11471290833341512 2.758448281174371
0.11471290833341512 2.758448281174371
0.11471290833341512 2.758448281174371
0.11471290833341512 2.758448281174371
0.11471290833341512 2.782788112761556
0.11471290833341512 2.782788112761556
0.11471290833341512 2.809295207970574
0.11471290833341512 2.809295207970574
0.11471290833341512 2.809295207970574
0.11471290833341512 2.809295207970574
0.11471290833341512 2.809295207970574
0.11471290833341512 2.809295207970574
0.11471290833341512 2.809295207970574
0.11471290833341512 2.809295207970574
0.11385269184553817 2.9096990350170926
0.11385269184553817 2.9096990350170926
0.11385269184553817 2.9096990350170926
0.11385269184553817 2.9096990350170926
0.11385269184553817 2.9096990350170926
0.11385269184553817 2.9096990350170926
0.11385269184553817 2.9096990350170926
0.11385269184553817 2.9096990350170926
0.11385269184553817 2.9096990350170926
0.06413951519445558 3.132725099471253
0.06413951519445558 3.132725099471253
0.06413951519445558 3.132725099471253
0.06413951519445558 3.132725099471253
0.06413951519445558 3.1310861176319276
0.06413951519445558 3.1310861176319276
0.06413951519445558 3.1310861176319276
0.06413951519445558 3.1310861176319276
0.06413951519445558 3.1310861176319276
0.060501596123505516 3.1278433398583494
0.060501596123505516 3.1278433398583494
0.060501596123505516 3.1278433398583494
0.060501596123505516 3.1278433398583494
0.060501596123505516 3.1278433398583494
0.060501596123505516 3.1278433398583494
0.060501596123505516 3.1278433398583494
0.060501596123505516 3.1278433398583494
0.060501596123505516 3.1278433398583494
0.060501596123505516 3.1278433398583494
0.05686367705255545 3.1424535276294807
0.05686367705255545 3.1424535276294807
0.05322575798160538 3.1782018286361016
0.05322575798160538 3.1782018286361016
0.04958783891065531 3.2151286656608806
0.04958783891065531 3.2164526582567925
0.04594991983970524 3.2391442715051633
0.04594991983970524 3.2491500014280548
0.04594991983970524 3.2491500014280548
0.04594991983970524 3.2491500014280548
0.04594991983970524 3.2491500014280548
0.04088090945361025 3.7023904070758604
0.04088090945361025 3.7023904070758604
0.03724299038266018 3.784847235990175
0.03724299038266018 3.784847235990175
0.02572482188113183 4.052033365320429
0.016175932716098795 4.137853839979818
0.016175932716098795 4.137853839979818
0.007626398723610688 4.429586479455929
0.0012604726135886646 4.543200931534641
0.05799529370221712 6.318293825712766
