0.5433698826446619 3.907171458063244
0.29896808980373013 3.8921662323928174
0.29896808980373013 3.8921662323928174
0.29896808980373013 3.849107088809987
0.29896808980373013 3.849107088809987
0.29896808980373013 3.849107088809987
0.29896808980373013 3.849107088809987
0.29896808980373013 3.849107088809987
0.29896808980373013 3.8446034346119022
0.29896808980373013 3.8294765968813866
0.29896808980373013 3.827628425241912
0.29896808980373013 3.827628425241912
0.29896808980373013 3.827628425241912
0.29896808980373013 3.827628425241912
0.7713114888984873 3.4852428859554467
0.7713114888984873 3.4852428859554467
0.7713114888984873 3.469603770090308
0.7713114888984873 3.469603770090308
0.7713114888984873 3.469603770090308
0.7713114888984873 3.432935640826274
0.7713114888984873 3.432935640826274
0.7713114888984873 3.432935640826274
0.7713114888984873 3.432935640826274
0.7713114888984873 3.432935640826274
0.7713114888984873 3.432935640826274
0.7713114888984873 3.432935640826274
0.7713114888984873 3.432935640826274
0.7713114888984873 3.432935640826274
0.7713114888984873 3.432935640826274
0.7713114888984873 3.432935640826274
0.7713114888984873 3.432935640826274
0.7713114888984873 3.432935640826274
0.7713114888984873 3.432935640826274
0.7713114888984873 3.432935640826274
0.7713114888984873 3.432935640826274
0.8207913010120643 3.327340372011691
0.8207913010120643 3.327340372011691
0.8207913010120643 3.327340372011691
0.8207913010120643 3.327340372011691
0.8207913010120643 3.327340372011691
0.8207913010120643 3.327340372011691
0.8207913010120643 3.327340372011691
0.8207913010120643 3.327340372011691
0.8207913010120643 3.327340372011691
0.8207913010120643 3.327340372011691
0.8207913010120643 3.327340372011691
0.8207913010120643 3.327340372011691
0.8207913010120643 3.327340372011691
0.8207913010120643 3.327340372011691
0.8084642414071609 3.3544612296226046
0.8084642414071609 3.3544612296226046
0.8084642414071609 3.3544612296226046
0.8084642414071609 3.3544612296226046
0.8084642414071609 3.3544612296226046
0.8084642414071609 3.3544612296226046
0.8084642414071609 3.3544612296226046
0.8084642414071609 3.3544612296226046
0.8084642414071609 3.3544612296226046
0.8084642414071609 3.3544612296226046
0.8084642414071609 3.3544612296226046
0.8084642414071609 3.3544612296226046
0.8084642414071609 3.3544612296226046
0.8084642414071609 3.3544612296226046
0.8084642414071609 3.3544612296226046
0.8084642414071609 3.3544612296226046
0.8084642414071609 3.3544612296226046
0.8084642414071609 3.3544612296226046
0.8084642414071609 3.3544612296226046
0.8084642414071609 3.3544612296226046
0.8084642414071609 3.3544612296226046
0.8084642414071609 3.3544612296226046
0.8084642414071609 3.3544612296226046
0.6667563364411093 3.3180858799811874
0.6667563364411093 3.3180858799811874
0.6667563364411093 3.3180858799811874
0.6667563364411093 3.3180858799811874
0.6667563364411093 3.3180858799811874
0.6667563364411093 3.3180858799811874
0.6667563364411093 3.3180858799811874
0.6667563364411093 3.3180858799811874
0.6667563364411093 3.3180858799811874
0.6667563364411093 3.3180858799811874
0.6667563364411093 3.3180858799811874
0.6667563364411093 3.3180858799811874
0.370938199519773 2.8356195804029585
0.370938199519773 2.8356195804029585
0.370938199519773 2.8356195804029585
0.370938199519773 2.8356195804029585
0.370938199519773 2.8356195804029585
0.370938199519773 2.8356195804029585
0.370938199519773 2.8356195804029585
0.370938199519773 2.8356195804029585
0.370938199519773 2.8356195804029585
0.370938199519773 2.8356195804029585
0.370938199519773 2.8356195804029585
0.370938199519773 2.8356195804029585
0.370938199519773 2.8356195804029585
0.370938199519773 2.8356195804029585
0.370938199519773 2.8356195804029585
0.370938199519773 2.8356195804029585
0.370938199519773 2.8356195804029585
0.370938199519773 2.8356195804029585
0.370938199519773 2.8356195804029585
0.370938199519773 2.8356195804029585
0.370938199519773 2.8356195804029585
0.370938199519773 2.8356195804029585
0.370938199519773 2.8356195804029585
0.370938199519773 2.8356195804029585
0.370938199519773 2.8356195804029585
0.370938199519773 2.8356195804029585
0.370938199519773 2.8356195804029585
0.370938199519773 2.8356195804029585
0.370938199519773 2.8356195804029585
0.370938199519773 2.8356195804029585
0.370938199519773 2.8064519108384958
0.46941533124831536 2.6882501972417217
0.370938199519773 2.8356195804029585
0.370938199519773 2.8356195804029585
0.370938199519773 2.847803796501212
0.370938199519773 2.8154300807178614
0.370938199519773 2.834052132209965
0.370938199519773 2.8175528250869286
0.370938199519773 2.8175528250869286
0.370938199519773 2.8175528250869286
0.370938199519773 2.8175528250869286
0.370938199519773 2.818990120364228
0.370938199519773 2.818990120364228
0.370938199519773 2.8175528250869286
0.370938199519773 2.8175528250869286
0.370938199519773 2.823755686947706
0.370938199519773 2.8175528250869286
0.370938199519773 2.8079202585420617
0.370938199519773 2.8079202585420617
0.370938199519773 2.834052132209965
0.370938199519773 2.834052132209965
0.370938199519773 2.838897085442222
0.370938199519773 2.838897085442222
0.370938199519773 2.838897085442222
0.370938199519773 2.8393742548105068
0.370938199519773 2.843060378493405
0.370938199519773 2.843060378493405
0.370938199519773 2.780758211335709
0.370938199519773 2.8460474455577427
0.370938199519773 2.847803796501212
0.370938199519773 2.847803796501212
0.370938199519773 2.847803796501212
0.370938199519773 2.838897085442222
0.370938199519773 2.838897085442222
0.370938199519773 2.838897085442222
0.370938199519773 2.834052132209965
0.370938199519773 2.8175528250869286
0.29778838462415697 2.522519033781616
0.29778838462415697 2.522519033781616
0.29778838462415697 2.522519033781616
0.29778838462415697 2.522519033781616
0.29778838462415697 2.522519033781616
0.29778838462415697 2.522519033781616
0.29778838462415697 2.522519033781616
0.29778838462415697 2.522519033781616
0.29778838462415697 2.522519033781616
0.29778838462415697 2.522519033781616
0.29778838462415697 2.522519033781616
0.29778838462415697 2.522519033781616
0.29778838462415697 2.522519033781616
0.29778838462415697 2.522519033781616
0.29778838462415697 2.522519033781616
0.29778838462415697 2.522519033781616
0.29778838462415697 2.522519033781616
0.29778838462415697 2.522519033781616
0.29778838462415697 2.522519033781616
0.29778838462415697 2.522519033781616
0.29778838462415697 2.522519033781616
0.29778838462415697 2.522519033781616
0.29778838462415697 2.522519033781616
0.29778838462415697 2.522519033781616
0.29778838462415697 2.522519033781616
0.29778838462415697 2.522519033781616
0.5782599655509418 3.18537663054734
0.5782599655509418 3.18537663054734
0.5782599655509418 3.18537663054734
0.5458219705012834 3.192491978228577
0.5458219705012834 3.1918384547891576
0.5458219705012834 3.1918384547891576
0.5458219705012834 3.191511697120645
0.5458219705012834 3.184182202994416
0.29778838462415697 2.4792150317709383
0.5458219705012834 3.184182202994416
0.5458219705012834 3.184182202994416
0.5458219705012834 3.1918384547891576
0.5458219705012834 3.192491978228577
0.5239004829198136 3.24315215939526
0.5239004829198136 3.24315215939526
0.5239004829198136 3.24315215939526
0.5239004829198136 3.24315215939526
0.5239004829198136 3.24315215939526
0.5239004829198136 3.24315215939526
0.5239004829198136 3.24315215939526
0.5239004829198136 3.24315215939526
0.5239004829198136 3.24315215939526
0.5239004829198136 3.24315215939526
0.5239004829198136 3.24315215939526
0.5239004829198136 3.24315215939526
0.5239004829198136 3.24315215939526
0.5239004829198136 3.24315215939526
0.4935549489072577 3.2709293048748336
0.4935549489072577 3.2709293048748336
0.4935549489072577 3.2709293048748336
0.4935549489072577 3.270687540528455
0.4935549489072577 3.270687540528455
0.4935549489072577 3.2688953510265795
0.4935549489072577 3.2586625826846833
0.4935549489072577 3.2586625826846833
0.4935549489072577 3.2586625826846833
0.4935549489072577 3.2586625826846833
0.4872329626546419 3.235368485889569
0.4783821819009798 3.2547129997826536
0.4783821819009798 3.2547129997826536
0.4783821819009798 3.2547129997826536
0.4783821819009798 3.2547129997826536
0.4783821819009798 3.2547129997826536
0.4783821819009798 3.2547129997826536
0.4783821819009798 3.2547129997826536
0.4783821819009798 3.2547129997826536
0.4783821819009798 3.2547129997826536
0.4783821819009798 3.2547129997826536
0.4783821819009798 3.2547129997826536
0.4783821819009798 3.2547129997826536
0.4783821819009798 3.2547129997826536
0.4783821819009798 3.2547129997826536
0.4783821819009798 3.2547129997826536
0.4783821819009798 3.2547129997826536
0.4783821819009798 3.2547129997826536
0.4783821819009798 3.298014234215004
0.4783821819009798 3.298014234215004
0.4783821819009798 3.298014234215004
0.4783821819009798 3.298014234215004
0.4783821819009798 3.298014234215004
0.4783821819009798 3.298014234215004
0.4783821819009798 3.298014234215004
0.4783821819009798 3.298014234215004
0.4783821819009798 3.298014234215004
0.4783821819009798 3.2995145643832524
0.4783821819009798 3.2547129997826536
0.4783821819009798 3.2547129997826536
0.4783821819009798 3.2547129997826536
0.4783821819009798 3.2763581643563326
0.4783821819009798 3.2763581643563326
0.4783821819009798 3.2763581643563326
0.4783821819009798 3.2330788288980026
0.4783821819009798 3.2330788288980026
0.4783821819009798 3.243894534557303
0.4783821819009798 3.3239079049091944
0.4783821819009798 3.288164865526081
0.4783821819009798 3.28177116287775
0.4783821819009798 3.28177116287775
0.4783821819009798 3.28177116287775
0.4783821819009798 3.28177116287775
0.4783821819009798 3.28177116287775
0.4783821819009798 3.2742470366015235
0.4783821819009798 3.2742470366015235
0.4783821819009798 3.2742470366015235
0.4783821819009798 3.306041713157922
0.4783821819009798 3.288190561838437
0.4783821819009798 3.3196811221331295
0.4783821819009798 3.326632979375431
0.4783821819009798 3.326632979375431
0.4783821819009798 3.242328122462694
0.44507698072571533 3.4725917189591766
0.44507698072571533 3.4725917189591766
0.44507698072571533 3.4725917189591766
0.44507698072571533 3.4725917189591766
0.44507698072571533 3.4725917189591766
0.44507698072571533 3.4725917189591766
0.44507698072571533 3.4725917189591766
0.44507698072571533 3.4725917189591766
0.44507698072571533 3.4725917189591766
0.44507698072571533 3.4725917189591766
0.44507698072571533 3.4725917189591766
0.44507698072571533 3.4725917189591766
0.44507698072571533 3.4725917189591766
0.44243585952955755 3.4823701739847093
0.32273611108574807 3.464791819200396
0.32273611108574807 3.464791819200396
0.32273611108574807 3.464791819200396
0.32273611108574807 3.464791819200396
0.32273611108574807 3.4284994576913816
0.32273611108574807 3.4284994576913816
0.32273611108574807 3.4284994576913816
0.32273611108574807 3.418944243014437
0.32273611108574807 3.418944243014437
0.32273611108574807 3.413841867704536
0.32273611108574807 3.413418869388858
0.32273611108574807 3.413418869388858
0.32273611108574807 3.411677989073285
0.32273611108574807 3.4104578953215072
0.32273611108574807 3.4104578953215072
0.32273611108574807 3.4104578953215072
0.3159090269684305 3.1226902593117933
0.3159090269684305 3.1226902593117933
0.3159090269684305 3.1226902593117933
0.3159090269684305 3.1226902593117933
0.3159090269684305 3.1226902593117933
0.3159090269684305 3.1226902593117933
0.3159090269684305 3.169748540606698
0.3159090269684305 3.169748540606698
0.3159090269684305 3.169748540606698
0.3159090269684305 3.169748540606698
0.3159090269684305 3.169748540606698
0.3159090269684305 3.169748540606698
0.3159090269684305 3.169748540606698
0.3159090269684305 3.169748540606698
0.3159090269684305 3.169748540606698
0.3159090269684305 3.169748540606698
0.3159090269684305 3.169748540606698
0.3159090269684305 3.169748540606698
0.3159090269684305 3.169748540606698
0.3159090269684305 3.169748540606698
0.3159090269684305 3.169748540606698
0.3159090269684305 3.169748540606698
0.3159090269684305 3.169748540606698
0.3159090269684305 3.169748540606698
0.19672495895541187 3.685499533138585
0.19672495895541187 3.685499533138585
0.19672495895541187 3.685499533138585
0.19672495895541187 3.679704649795172
0.19672495895541187 3.679704649795172
0.19672495895541187 3.679704649795172
0.19672495895541187 3.679704649795172
0.19672495895541187 3.679704649795172
0.19672495895541187 3.665232792012506
0.19672495895541187 3.665232792012506
0.19672495895541187 3.679704649795172
0.19672495895541187 3.685499533138585
0.19672495895541187 3.685499533138585
0.19672495895541187 3.685499533138585
0.19672495895541187 3.685499533138585
0.19672495895541187 3.685499533138585
0.19672495895541187 3.685499533138585
0.19672495895541187 3.685499533138585
0.19672495895541187 3.685499533138585
0.19672495895541187 3.685499533138585
0.19672495895541187 3.685499533138585
0.19672495895541187 3.685499533138585
0.19672495895541187 3.685499533138585
0.19672495895541187 3.685499533138585
0.19672495895541187 3.685499533138585
0.19672495895541187 3.685499533138585
0.19672495895541187 3.685499533138585
0.19672495895541187 3.685499533138585
0.19672495895541187 3.685499533138585
0.17342098613279944 3.948593815148506
0.17342098613279944 3.948593815148506
0.17342098613279944 3.948593815148506
0.17342098613279944 3.948593815148506
0.17342098613279944 3.948593815148506
0.17342098613279944 3.948593815148506
0.17342098613279944 3.948593815148506
0.17342098613279944 3.948593815148506
0.17342098613279944 3.948593815148506
0.16759499292714633 3.994296528212712
0.16759499292714633 3.994296528212712
0.16759499292714633 3.994296528212712
0.16759499292714633 3.994296528212712
0.16176899972149322 4.040390316576842
0.16176899972149322 4.040390316576842
0.16176899972149322 4.040390316576842
0.16176899972149322 4.040390316576842
0.15448650821442683 4.098583807294104
0.13534731405820905 3.825738825760562
0.11282937076393057 4.333911385555575
0.11282937076393057 4.333911385555575
0.11282937076393057 4.333911385555575
0.11282937076393057 4.333911385555575
0.11282937076393057 4.333911385555575
0.11282937076393057 4.333911385555575
0.11282937076393057 4.333911385555575
0.11818224315226372 4.299428686300022
0.11282937076393057 4.333911385555575
0.11282937076393057 4.333911385555575
0.11282937076393057 4.333911385555575
0.09855504439504217 4.4317070631067095
0.09855504439504217 4.4317070631067095
0.09855504439504217 4.4317070631067095
0.09855504439504217 4.4317070631067095
0.09141788121059798 4.46642743357635
0.09141788121059798 4.46642743357635
0.08744884296236702 4.488545051360153
0.08744884296236702 4.488545051360153
0.0474372812225099 3.9770166150423685
0.0474372812225099 3.9770166150423685
0.0474372812225099 3.9770166150423685
0.0474372812225099 3.9770166150423685
0.0474372812225099 3.9770166150423685
0.0474372812225099 3.9770166150423685
0.0474372812225099 3.9770166150423685
0.0474372812225099 3.9770166150423685
0.0474372812225099 3.9876722154049524
0.037897940371330985 4.02539397288509
0.037897940371330985 4.02539397288509
0.027925976261163124 4.100144642216346
0.027925976261163124 4.100144642216346
0.027925976261163124 4.100144642216346
0.008414671299816351 4.269492428927745
0.008414671299816351 4.269492428927745
0.008414671299816351 4.269492428927745
0.008414671299816351 4.269492428927745
