0.16644635923463924 4.103680245908995
0.8676358145629833 3.3796718653863156
0.3007022066836087 4.249601674358507
0.16644635923463924 4.0869640241301255
0.8676358145629833 3.367360071309087
0.3007022066836087 4.249601674358507
0.16644635923463924 4.070263259730433
0.8010464845735883 2.9501709973694563
0.8010464845735883 2.9369934271413216
0.16644635923463924 4.0498828215558165
0.8010464845735883 2.9369934271413216
0.8010464845735883 2.9369934271413216
0.16644635923463924 4.03171918981841
0.8010464845735883 2.9369934271413216
0.8010464845735883 2.9369934271413216
0.8010464845735883 2.9369934271413216
0.8010464845735883 2.9369934271413216
0.8010464845735883 2.9369934271413216
0.8010464845735883 2.924297614219314
0.8010464845735883 2.891434151872899
0.8010464845735883 2.891434151872899
0.3582774211458051 3.2457006051732433
0.3582774211458051 3.2457006051732433
0.3582774211458051 3.2457006051732433
0.3582774211458051 3.2457006051732433
0.3582774211458051 3.2457006051732433
0.3582774211458051 3.2330528996003998
0.3582774211458051 3.2330528996003998
0.3582774211458051 3.2330528996003998
0.3582774211458051 3.2330528996003998
0.3582774211458051 3.2330528996003998
0.3582774211458051 3.2330528996003998
0.3582774211458051 3.2330528996003998
0.3582774211458051 3.2330528996003998
0.3582774211458051 3.2330528996003998
0.3582774211458051 3.2330528996003998
0.3582774211458051 3.2330528996003998
0.3582774211458051 3.2330528996003998
0.3582774211458051 3.2330528996003998
0.3582774211458051 3.2330528996003998
0.3582774211458051 3.2330528996003998
0.3582774211458051 3.2330528996003998
0.3582774211458051 3.2330528996003998
0.3582774211458051 3.2330528996003998
0.3582774211458051 3.210628744238055
0.3582774211458051 3.210628744238055
0.3582774211458051 3.210628744238055
0.3582774211458051 3.210628744238055
0.3582774211458051 3.210628744238055
0.3582774211458051 3.210628744238055
0.3582774211458051 3.210628744238055
0.3582774211458051 3.073165788027231
0.3582774211458051 3.073165788027231
0.3582774211458051 3.073165788027231
0.3582774211458051 3.073165788027231
0.3582774211458051 3.073165788027231
0.3582774211458051 3.073165788027231
0.3582774211458051 3.073165788027231
0.3582774211458051 3.073165788027231
0.3582774211458051 3.073165788027231
0.3582774211458051 3.073165788027231
0.3582774211458051 3.0416213420473555
0.3582774211458051 3.0416213420473555
0.3582774211458051 3.0416213420473555
0.3582774211458051 3.0416213420473555
0.3582774211458051 3.0416213420473555
0.3582774211458051 3.0416213420473555
0.3582774211458051 3.0416213420473555
0.3582774211458051 3.0416213420473555
0.3582774211458051 3.0416213420473555
0.3582774211458051 3.0416213420473555
0.3582774211458051 3.0416213420473555
0.3582774211458051 3.0416213420473555
0.3582774211458051 3.0416213420473555
0.3582774211458051 3.0416213420473555
0.3582774211458051 3.0416213420473555
0.3582774211458051 3.0416213420473555
0.3582774211458051 3.0416213420473555
0.3582774211458051 2.9968588268257834
0.3582774211458051 2.9968588268257834
0.3582774211458051 2.9968588268257834
0.3582774211458051 2.9968588268257834
0.3582774211458051 2.9968588268257834
0.3582774211458051 2.9968588268257834
0.3582774211458051 2.9744402195437845
0.3582774211458051 2.9744402195437845
0.3582774211458051 2.9744402195437845
0.3582774211458051 2.9744402195437845
0.3582774211458051 2.9744402195437845
0.3582774211458051 2.9744402195437845
0.3582774211458051 2.9423640772574293
0.3582774211458051 2.9423640772574293
0.3582774211458051 2.9423640772574293
0.3582774211458051 2.9423640772574293
0.3582774211458051 2.9423640772574293
0.3582774211458051 2.9423640772574293
0.3582774211458051 2.9423640772574293
0.3582774211458051 2.8886912585205917
0.3582774211458051 2.8886912585205917
0.3582774211458051 2.8886912585205917
0.3582774211458051 2.8886912585205917
0.3582774211458051 2.8886912585205917
0.3582774211458051 2.856925242262545
0.3582774211458051 2.856925242262545
0.3582774211458051 2.856925242262545
0.3582774211458051 2.856925242262545
0.3582774211458051 2.856925242262545
0.3582774211458051 2.856925242262545
0.3582774211458051 2.856925242262545
0.3582774211458051 2.856925242262545
0.3582774211458051 2.856925242262545
0.3582774211458051 2.856925242262545
0.3582774211458051 2.856925242262545
0.3582774211458051 2.856925242262545
0.3582774211458051 2.856925242262545
0.3582774211458051 2.856925242262545
0.3582774211458051 2.856925242262545
0.3582774211458051 2.856925242262545
0.3582774211458051 2.856925242262545
0.3582774211458051 2.856925242262545
0.3582774211458051 2.856925242262545
0.3582774211458051 2.856925242262545
0.3582774211458051 2.8279645591449696
0.3582774211458051 2.8279645591449696
0.3582774211458051 2.8279645591449696
0.3582774211458051 2.8279645591449696
0.3582774211458051 2.8279645591449696
0.3582774211458051 2.8279645591449696
0.3582774211458051 2.8279645591449696
0.3582774211458051 2.8279645591449696
0.3582774211458051 2.8279645591449696
0.3582774211458051 2.8279645591449696
0.3582774211458051 2.8279645591449696
0.3582774211458051 2.8279645591449696
0.3582774211458051 2.8279645591449696
0.3582774211458051 2.8279645591449696
0.3582774211458051 2.8128352970896584
0.3582774211458051 2.8128352970896584
0.3582774211458051 2.8128352970896584
0.3582774211458051 2.8128352970896584
0.3582774211458051 2.8128352970896584
0.3582774211458051 2.7765145121719175
0.3582774211458051 2.7765145121719175
0.3582774211458051 2.7765145121719175
0.3582774211458051 2.7765145121719175
0.3582774211458051 2.7765145121719175
0.3582774211458051 2.7765145121719175
0.3582774211458051 2.7765145121719175
0.3582774211458051 2.7765145121719175
0.3582774211458051 2.7765145121719175
0.3582774211458051 2.8050303181337752
0.3582774211458051 2.7765145121719175
0.3582774211458051 2.7765145121719175
0.3582774211458051 2.7765145121719175
0.3582774211458051 2.7765145121719175
0.3582774211458051 2.8050303181337752
0.3582774211458051 2.8050303181337752
0.3582774211458051 2.8050303181337752
0.3582774211458051 2.740132697928005
0.3582774211458051 2.740132697928005
0.3582774211458051 2.7765145121719175
0.3582774211458051 2.7765145121719175
0.3582774211458051 2.740132697928005
0.3582774211458051 2.7765145121719175
0.3582774211458051 2.7765145121719175
0.3582774211458051 2.740132697928005
0.3582774211458051 2.740132697928005
0.3582774211458051 2.740132697928005
0.3582774211458051 2.7765145121719175
0.3582774211458051 2.7765145121719175
0.3582774211458051 2.7765145121719175
0.3582774211458051 2.762154069294799
0.3582774211458051 2.762154069294799
0.3582774211458051 2.762154069294799
0.3582774211458051 2.762154069294799
0.3582774211458051 2.740132697928005
0.3582774211458051 2.7814100552818757
0.3582774211458051 2.657659461856941
0.3582774211458051 2.657659461856941
0.3582774211458051 2.657659461856941
0.3582774211458051 2.7200831315356537
0.3582774211458051 2.657659461856941
0.3582774211458051 2.7200831315356537
0.3582774211458051 2.7200831315356537
0.3582774211458051 2.657659461856941
0.3582774211458051 2.657659461856941
0.3582774211458051 2.657659461856941
0.3582774211458051 2.657659461856941
0.3582774211458051 2.657659461856941
0.3582774211458051 2.657659461856941
0.3582774211458051 2.730309103959423
0.3582774211458051 2.730309103959423
0.3582774211458051 2.657659461856941
0.3582774211458051 2.657659461856941
0.3582774211458051 2.657659461856941
0.3582774211458051 2.657659461856941
0.3582774211458051 2.657659461856941
0.3582774211458051 2.657659461856941
0.3582774211458051 2.657659461856941
0.3582774211458051 2.657659461856941
0.3259882278855853 2.7214925984535725
0.3259882278855853 2.7214925984535725
0.3259882278855853 2.7214925984535725
0.3259882278855853 2.7214925984535725
0.3259882278855853 2.7214925984535725
0.3259882278855853 2.7214925984535725
0.3259882278855853 2.7214925984535725
0.3259882278855853 2.7214925984535725
0.3259882278855853 2.7214925984535725
0.3259882278855853 2.7214925984535725
0.3259882278855853 2.7214925984535725
0.3259882278855853 2.7214925984535725
0.3259882278855853 2.7214925984535725
0.3259882278855853 2.7214925984535725
0.3259882278855853 2.7214925984535725
0.3259882278855853 2.7214925984535725
0.3259882278855853 2.7214925984535725
0.3259882278855853 2.7214925984535725
0.3259882278855853 2.7214925984535725
0.3259882278855853 2.7214925984535725
0.3259882278855853 2.7214925984535725
0.3259882278855853 2.7214925984535725
0.3259882278855853 2.7214925984535725
0.3259882278855853 2.7214925984535725
0.3259882278855853 2.7214925984535725
0.3259882278855853 2.7214925984535725
0.27150283102654443 2.81399060458976
0.27150283102654443 2.81399060458976
0.27150283102654443 2.81399060458976
0.27150283102654443 2.806197954720735
0.27150283102654443 2.791997718979508
0.27150283102654443 2.7824459522793585
0.27150283102654443 2.7824459522793585
0.27150283102654443 2.746996247031197
0.27150283102654443 2.746996247031197
0.27150283102654443 2.746996247031197
0.27150283102654443 2.746996247031197
0.27150283102654443 2.746996247031197
0.27150283102654443 2.746996247031197
0.27150283102654443 2.746996247031197
0.27150283102654443 2.746996247031197
0.27150283102654443 2.746996247031197
0.27150283102654443 2.746996247031197
0.27150283102654443 2.746996247031197
0.27150283102654443 2.746996247031197
0.27150283102654443 2.746996247031197
0.27150283102654443 2.746996247031197
0.27150283102654443 2.746996247031197
0.27150283102654443 2.746996247031197
0.27150283102654443 2.746996247031197
0.27150283102654443 2.7824459522793585
0.27150283102654443 2.7824459522793585
0.27150283102654443 2.7824459522793585
0.27150283102654443 2.7824459522793585
0.27150283102654443 2.7824459522793585
0.27150283102654443 2.7824459522793585
0.27150283102654443 2.7824459522793585
0.27150283102654443 2.791997718979508
0.27150283102654443 2.791997718979508
0.27150283102654443 2.791997718979508
0.27150283102654443 2.7824459522793585
0.27150283102654443 2.7824459522793585
0.27150283102654443 2.746996247031197
0.27150283102654443 2.7647173827228797
0.27150283102654443 2.800501157420925
0.27150283102654443 2.800501157420925
0.27150283102654443 2.800501157420925
0.27150283102654443 2.7300337908371612
0.27150283102654443 2.7381384858632227
0.27150283102654443 2.7554123146743783
0.27150283102654443 2.80973760939487
0.27150283102654443 2.783120078066986
0.27150283102654443 2.783120078066986
0.27150283102654443 2.800501157420925
0.27150283102654443 2.800501157420925
0.27150283102654443 2.789898342897587
0.27150283102654443 2.789898342897587
0.27150283102654443 2.7776608123138753
0.27150283102654443 2.7776608123138753
0.27150283102654443 2.795363502844082
0.27150283102654443 2.8030960699951164
0.27150283102654443 2.759774763795067
0.27150283102654443 2.807162373412903
0.27150283102654443 2.807162373412903
0.27150283102654443 2.722906739095485
0.27150283102654443 2.6964843189832526
0.27150283102654443 2.803831636732443
0.27150283102654443 2.8026177190109784
0.27150283102654443 2.711877258486917
0.27150283102654443 2.827055217842191
0.27150283102654443 2.7973554649644186
0.27150283102654443 2.831490473293675
0.27150283102654443 2.7457503521467057
0.27150283102654443 2.7457503521467057
0.27150283102654443 2.797906724337755
0.27150283102654443 2.797906724337755
0.27150283102654443 2.8185630254518665
0.27150283102654443 2.8185630254518665
0.27150283102654443 2.8185630254518665
0.27150283102654443 2.8185630254518665
0.27150283102654443 2.7983567114184216
0.27150283102654443 2.7983567114184216
0.27150283102654443 2.7983567114184216
0.27150283102654443 2.7983567114184216
0.27150283102654443 2.8548486985507022
0.20693990789428546 2.8695200935846965
0.20693990789428546 2.8695200935846965
0.20693990789428546 2.8695200935846965
0.20693990789428546 2.8695200935846965
0.20693990789428546 2.8695200935846965
0.20693990789428546 2.8695200935846965
0.20693990789428546 2.8695200935846965
0.20693990789428546 2.8695200935846965
0.20693990789428546 2.8695200935846965
0.20693990789428546 2.8695200935846965
0.20693990789428546 2.8695200935846965
0.20693990789428546 2.8695200935846965
0.20693990789428546 2.8695200935846965
0.20693990789428546 2.8695200935846965
0.20693990789428546 2.8695200935846965
0.20693990789428546 2.8695200935846965
0.20693990789428546 2.8490114263361503
0.20693990789428546 2.8490114263361503
0.20693990789428546 2.8490114263361503
0.20693990789428546 2.8490114263361503
0.20693990789428546 2.8490114263361503
0.20693990789428546 2.8490114263361503
0.20693990789428546 2.8695200935846965
0.20693990789428546 2.8695200935846965
0.20693990789428546 2.8695200935846965
0.20693990789428546 2.8695200935846965
0.20693990789428546 2.8695200935846965
0.20693990789428546 2.8695200935846965
0.20693990789428546 2.8695200935846965
0.20693990789428546 2.8695200935846965
0.20693990789428546 2.8695200935846965
0.20693990789428546 2.8695200935846965
0.2523750182238831 3.161344009998004
0.09526222599809937 3.3093378718494018
0.09526222599809937 3.3093378718494018
0.09526222599809937 3.3017504285951804
0.09526222599809937 3.3017504285951804
0.09526222599809937 3.3017504285951804
0.09526222599809937 3.3017504285951804
0.09526222599809937 3.3017504285951804
0.09526222599809937 3.3017504285951804
0.09526222599809937 3.3017504285951804
0.09526222599809937 3.2790338731386903
0.09526222599809937 3.2790338731386903
0.09526222599809937 3.2778489699133693
0.09526222599809937 3.2778489699133693
0.09526222599809937 3.2652084720656163
0.09526222599809937 3.2652084720656163
0.09526222599809937 3.2652084720656163
0.09526222599809937 3.243130495078888
0.09526222599809937 3.243130495078888
0.09526222599809937 3.243130495078888
0.09526222599809937 3.243130495078888
0.09526222599809937 3.2348823613594195
0.09526222599809937 3.2348823613594195
0.09526222599809937 3.2348823613594195
0.09526222599809937 3.2348823613594195
0.09526222599809937 3.2348823613594195
0.09526222599809937 3.2348823613594195
0.09526222599809937 3.2348823613594195
0.09526222599809937 3.2348823613594195
0.09526222599809937 3.2348823613594195
0.09526222599809937 3.2348823613594195
0.09526222599809937 3.2348823613594195
0.09526222599809937 3.2348823613594195
0.09526222599809937 3.2348823613594195
0.09526222599809937 3.2348823613594195
0.09526222599809937 3.2348823613594195
0.09526222599809937 3.2348823613594195
0.09526222599809937 3.2348823613594195
0.09526222599809937 3.2348823613594195
0.06778058717651826 3.3023338486721134
0.06778058717651826 3.3023338486721134
0.06778058717651826 3.3023338486721134
0.06778058717651826 3.3023338486721134
0.06778058717651826 3.3023338486721134
0.06778058717651826 3.3023338486721134
0.06778058717651826 3.3023338486721134
0.06778058717651826 3.3023338486721134
0.06778058717651826 3.3023338486721134
0.06778058717651826 3.3023338486721134
0.06778058717651826 3.3023338486721134
0.06778058717651826 3.3023338486721134
0.06778058717651826 3.3023338486721134
0.06778058717651826 3.3023338486721134
0.06320031403958808 3.332769255445832
0.06320031403958808 3.332769255445832
0.06320031403958808 3.332769255445832
0.060910177471122984 3.3636317564495313
0.060910177471122984 3.3636317564495313
0.05862004090265789 3.369955228543052
0.05216479982287585 3.420531207785087
0.05216479982287585 3.420531207785087
0.05216479982287585 3.420531207785087
0.05216479982287585 3.420531207785087
0.05028983188002399 3.4289597159198455
0.05028983188002399 3.4289597159198455
0.05028983188002399 3.4289597159198455
0.05028983188002399 3.4289597159198455
0.00630411061234195 4.751787234309408
0.00630411061234195 4.751787234309408
