0.6306365759122231 3.704405248516483
0.6306365759122231 3.6594967688499627
0.6306365759122231 3.6594967688499627
0.09016810473090608 5.055245706091864
0.09016810473090608 5.0508274967384414
0.09016810473090608 5.0508274967384414
0.09016810473090608 5.0508274967384414
0.09016810473090608 5.0508274967384414
0.09016810473090608 5.0508274967384414
0.09016810473090608 5.0508274967384414
0.09016810473090608 5.0508274967384414
0.09016810473090608 5.0508274967384414
0.09016810473090608 5.0508274967384414
0.09016810473090608 5.023835907163972
0.09016810473090608 5.023835907163972
0.09016810473090608 5.023835907163972
0.09016810473090608 5.023835907163972
0.09016810473090608 5.023835907163972
0.09016810473090608 5.023835907163972
0.09016810473090608 5.023835907163972
0.3441597755422313 3.3929951654421258
0.3441597755422313 3.3929951654421258
0.3441597755422313 3.3981719531090944
0.3441597755422313 3.3981719531090944
0.3441597755422313 3.3981719531090944
0.3441597755422313 3.3981719531090944
0.3441597755422313 3.391056820226647
0.3441597755422313 3.391056820226647
0.3441597755422313 3.391056820226647
0.3441597755422313 3.391056820226647
0.3441597755422313 3.3853979992304626
0.3441597755422313 3.3853979992304626
0.3441597755422313 3.3684312414394055
0.3441597755422313 3.3684312414394055
0.3441597755422313 3.3684312414394055
0.3441597755422313 3.3684312414394055
0.3441597755422313 3.3684312414394055
0.3441597755422313 3.3684312414394055
0.3441597755422313 3.3684312414394055
0.3441597755422313 3.3684312414394055
0.3441597755422313 3.3684312414394055
0.3441597755422313 3.3684312414394055
0.3441597755422313 3.3684312414394055
0.3441597755422313 3.3684312414394055
0.3441597755422313 3.3684312414394055
0.3441597755422313 3.3684312414394055
0.3441597755422313 3.3684312414394055
0.3441597755422313 3.3684312414394055
0.3441597755422313 3.3684312414394055
0.3441597755422313 3.3684312414394055
0.3441597755422313 3.3684312414394055
0.3441597755422313 3.3684312414394055
0.3441597755422313 3.3684312414394055
0.33905358431396126 3.3678391974770436
0.33905358431396126 3.3678391974770436
0.33905358431396126 3.3678391974770436
0.33905358431396126 3.353317607222136
0.33905358431396126 3.353317607222136
0.33905358431396126 3.353317607222136
0.33905358431396126 3.3678391974770436
0.33905358431396126 3.3678391974770436
0.8086822950594256 2.7040485592691823
0.8086822950594256 2.7040485592691823
0.8086822950594256 2.7040485592691823
0.8086822950594256 2.7040485592691823
0.8086822950594256 2.7040485592691823
0.8086822950594256 2.7040485592691823
0.8086822950594256 2.7088978628138807
0.8086822950594256 2.7088978628138807
0.8086822950594256 2.7088978628138807
0.8086822950594256 2.7088978628138807
0.8086822950594256 2.7088978628138807
0.8086822950594256 2.7088978628138807
0.9033467965654389 2.4988734912177994
0.9033467965654389 2.4988734912177994
0.9033467965654389 2.4988734912177994
0.9033467965654389 2.4988734912177994
0.9033467965654389 2.4988734912177994
0.9033467965654389 2.4988734912177994
0.9033467965654389 2.4988734912177994
0.9033467965654389 2.4988734912177994
0.9033467965654389 2.4988734912177994
0.9033467965654389 2.4988734912177994
0.9033467965654389 2.4988734912177994
0.9033467965654389 2.4988734912177994
0.9033467965654389 2.4988734912177994
0.9033467965654389 2.4988734912177994
0.9033467965654389 2.4988734912177994
0.9033467965654389 2.4988734912177994
0.9033467965654389 2.4988734912177994
0.9033467965654389 2.4988734912177994
0.9033467965654389 2.4988734912177994
0.9033467965654389 2.4988734912177994
0.9033467965654389 2.4988734912177994
0.9033467965654389 2.4988734912177994
0.9033467965654389 2.4988734912177994
0.9033467965654389 2.4988734912177994
0.9033467965654389 2.4988734912177994
0.9033467965654389 2.4988734912177994
0.9033467965654389 2.4988734912177994
0.9033467965654389 2.4988734912177994
0.9033467965654389 2.4988734912177994
0.9033467965654389 2.4988734912177994
0.9033467965654389 2.4988734912177994
0.9033467965654389 2.4988734912177994
0.9033467965654389 2.4988734912177994
0.9033467965654389 2.4988734912177994
0.9033467965654389 2.525508502195277
0.6334898868292937 2.8288136271556907
0.6334898868292937 2.8288136271556907
0.6334898868292937 2.7935729952661905
0.6334898868292937 2.8288136271556907
0.6334898868292937 2.8288136271556907
0.6334898868292937 2.8288136271556907
0.6334898868292937 2.8288136271556907
0.6334898868292937 2.8288136271556907
0.6334898868292937 2.8288136271556907
0.6334898868292937 2.8288136271556907
0.6334898868292937 2.8288136271556907
0.6334898868292937 2.8288136271556907
0.6334898868292937 2.8288136271556907
0.6334898868292937 2.8597789359423667
0.6334898868292937 2.8597789359423667
0.6334898868292937 2.8597789359423667
0.6334898868292937 2.8494433795943226
0.881760265598711 2.50078788191264
0.881760265598711 2.50078788191264
0.881760265598711 2.50078788191264
0.881760265598711 2.50078788191264
0.881760265598711 2.50078788191264
0.881760265598711 2.50078788191264
0.823379878971306 2.57608858888193
0.823379878971306 2.57608858888193
0.823379878971306 2.57608858888193
0.823379878971306 2.57608858888193
0.823379878971306 2.57608858888193
0.823379878971306 2.57608858888193
0.823379878971306 2.57608858888193
0.823379878971306 2.57608858888193
0.823379878971306 2.57608858888193
0.823379878971306 2.57608858888193
0.823379878971306 2.57608858888193
0.823379878971306 2.57608858888193
0.823379878971306 2.57608858888193
0.823379878971306 2.57608858888193
0.823379878971306 2.57608858888193
0.823379878971306 2.57608858888193
0.823379878971306 2.57608858888193
0.823379878971306 2.57608858888193
0.823379878971306 2.57608858888193
0.823379878971306 2.57608858888193
0.823379878971306 2.57608858888193
0.823379878971306 2.57608858888193
0.823379878971306 2.57608858888193
0.823379878971306 2.57608858888193
0.823379878971306 2.57608858888193
0.823379878971306 2.57608858888193
0.823379878971306 2.57608858888193
0.823379878971306 2.57608858888193
0.823379878971306 2.57608858888193
0.823379878971306 2.57608858888193
0.823379878971306 2.57608858888193
0.823379878971306 2.612029257627475
0.823379878971306 2.5838932084701667
0.8229176481724992 2.5720277179301703
0.8229176481724992 2.5720277179301703
0.8229176481724992 2.5720277179301703
0.8229176481724992 2.5720277179301703
0.8229176481724992 2.5720277179301703
0.8229176481724992 2.5720277179301703
0.8229176481724992 2.5720277179301703
0.8128275241128038 2.5169019913207085
0.8128275241128038 2.5169019913207085
0.8128275241128038 2.5169019913207085
0.8128275241128038 2.5169019913207085
0.8128275241128038 2.5169019913207085
0.8128275241128038 2.5169019913207085
0.8128275241128038 2.5169019913207085
0.8128275241128038 2.5169019913207085
0.8128275241128038 2.5169019913207085
0.8128275241128038 2.5169019913207085
0.8128275241128038 2.5169019913207085
0.8128275241128038 2.5169019913207085
0.8128275241128038 2.5169019913207085
0.8077824620829561 2.5099679688655194
0.8077824620829561 2.5099679688655194
0.8077824620829561 2.5099679688655194
0.8077824620829561 2.5099679688655194
0.8077824620829561 2.5099679688655194
0.8077824620829561 2.5099679688655194
0.8027374000531085 2.4981580417835114
0.8077824620829561 2.5099679688655194
0.8077824620829561 2.5099679688655194
0.8077824620829561 2.5099679688655194
0.8077824620829561 2.5099679688655194
0.8077824620829561 2.5099679688655194
0.8077824620829561 2.5099679688655194
0.8077824620829561 2.5099679688655194
0.8077824620829561 2.5099679688655194
0.8077824620829561 2.5099679688655194
0.8077824620829561 2.5099679688655194
0.5950984123341782 2.856086296183688
0.5950984123341782 2.856086296183688
0.5950984123341782 2.856086296183688
0.5950984123341782 2.856086296183688
0.5950984123341782 2.856086296183688
0.5950984123341782 2.856086296183688
0.5950984123341782 2.856086296183688
0.5950984123341782 2.856086296183688
0.5007825161683033 2.7220622244932775
0.4244365971258694 2.834744321694321
0.4244365971258694 2.8102997736459328
0.4244365971258694 2.8102997736459328
0.4244365971258694 2.8102997736459328
0.4244365971258694 2.8102997736459328
0.4244365971258694 2.8102997736459328
0.4244365971258694 2.8102997736459328
0.4244365971258694 2.8102997736459328
0.4244365971258694 2.8102997736459328
0.4244365971258694 2.8102997736459328
0.4244365971258694 2.7980836386613697
0.4244365971258694 2.7980836386613697
0.4244365971258694 2.786556187963103
0.4244365971258694 2.7980836386613697
0.4244365971258694 2.801156249499774
0.4244365971258694 2.801156249499774
0.4244365971258694 2.801156249499774
0.4244365971258694 2.8102997736459328
0.4244365971258694 2.8102997736459328
0.4244365971258694 2.8102997736459328
0.4244365971258694 2.8102997736459328
0.4244365971258694 2.8102997736459328
0.4244365971258694 2.8102997736459328
0.4244365971258694 2.834744321694321
0.4244365971258694 2.834744321694321
0.4244365971258694 2.834744321694321
0.4244365971258694 2.834744321694321
0.4244365971258694 2.834744321694321
0.4244365971258694 2.834744321694321
0.4244365971258694 2.834744321694321
0.4244365971258694 2.8102997736459328
0.4244365971258694 2.8102997736459328
0.4244365971258694 2.831502570630753
0.4244365971258694 2.8469726918610156
0.4244365971258694 2.8469726918610156
0.4244365971258694 2.859084881861929
0.4244365971258694 2.859084881861929
0.4244365971258694 2.822520008504438
0.41718682778142585 2.762374501170362
0.41718682778142585 2.762374501170362
0.41718682778142585 2.762374501170362
0.41718682778142585 2.762374501170362
0.41718682778142585 2.762374501170362
0.41718682778142585 2.762374501170362
0.41718682778142585 2.762374501170362
0.41718682778142585 2.762374501170362
0.41718682778142585 2.762374501170362
0.41718682778142585 2.762374501170362
0.41718682778142585 2.762374501170362
0.41718682778142585 2.762374501170362
0.41718682778142585 2.762374501170362
0.41718682778142585 2.762374501170362
0.41718682778142585 2.762374501170362
0.41718682778142585 2.762374501170362
0.41718682778142585 2.762374501170362
0.41718682778142585 2.762374501170362
0.41718682778142585 2.762374501170362
0.41718682778142585 2.762374501170362
0.41718682778142585 2.762374501170362
0.41718682778142585 2.762374501170362
0.41718682778142585 2.762374501170362
0.41718682778142585 2.762374501170362
0.41718682778142585 2.762374501170362
0.41718682778142585 2.762374501170362
0.41718682778142585 2.762374501170362
0.41718682778142585 2.762374501170362
0.41718682778142585 2.762374501170362
0.41718682778142585 2.762374501170362
0.41718682778142585 2.7592768314527794
0.41718682778142585 2.762374501170362
0.41718682778142585 2.7540346797924333
0.41718682778142585 2.756771538925238
0.41718682778142585 2.755166049270586
0.41718682778142585 2.755166049270586
0.41718682778142585 2.7947570915072304
0.41718682778142585 2.7598662440264627
0.41718682778142585 2.7339357730470777
0.41718682778142585 2.7598662440264627
0.41718682778142585 2.762374501170362
0.41718682778142585 2.7654175424947334
0.41718682778142585 2.7654175424947334
0.41718682778142585 2.762249430468663
0.41718682778142585 2.732142404988404
0.41718682778142585 2.732142404988404
0.41718682778142585 2.7636286956758624
0.41718682778142585 2.7636286956758624
0.41718682778142585 2.762669231767212
0.41718682778142585 2.762374501170362
0.41718682778142585 2.7660446875261253
0.41718682778142585 2.770459409468988
0.41718682778142585 2.7651137710998217
0.41718682778142585 2.7651137710998217
0.41718682778142585 2.7651137710998217
0.41718682778142585 2.7768972108582686
0.41718682778142585 2.7677994816708145
0.3904550982467514 3.3138726705133585
0.3904550982467514 3.3138726705133585
0.39536319323446933 3.2750401272887726
0.39536319323446933 3.2750401272887726
0.39536319323446933 3.2750401272887726
0.39536319323446933 3.2750401272887726
0.3904550982467514 3.3138726705133585
0.3904550982467514 3.3175307136577046
0.3904550982467514 3.3175307136577046
0.3904550982467514 3.3175307136577046
0.3904550982467514 3.3175307136577046
0.3904550982467514 3.3175307136577046
0.3904550982467514 3.3175307136577046
0.3904550982467514 3.3175307136577046
0.3904550982467514 3.3175307136577046
0.3904550982467514 3.3175307136577046
0.3904550982467514 3.3175307136577046
0.3904550982467514 3.3175307136577046
0.3904550982467514 3.3175307136577046
0.3904550982467514 3.3175307136577046
0.3904550982467514 3.3175307136577046
0.3904550982467514 3.3175307136577046
0.3904550982467514 3.3175307136577046
0.3904550982467514 3.3175307136577046
0.3904550982467514 3.3175307136577046
0.3904550982467514 3.3175307136577046
0.2829242362640907 3.952163404414905
0.2829242362640907 3.952163404414905
0.21142665270865235 3.370380627108361
0.21142665270865235 3.370380627108361
0.21142665270865235 3.349850706195464
0.21142665270865235 3.349850706195464
0.21142665270865235 3.349850706195464
0.21142665270865235 3.349850706195464
0.21142665270865235 3.349850706195464
0.21142665270865235 3.349850706195464
0.21142665270865235 3.349850706195464
0.21142665270865235 3.349850706195464
0.21142665270865235 3.349850706195464
0.21142665270865235 3.349850706195464
0.21142665270865235 3.349850706195464
0.21142665270865235 3.349850706195464
0.21142665270865235 3.348599424051021
0.21142665270865235 3.348599424051021
0.21142665270865235 3.348599424051021
0.21142665270865235 3.347290723591157
0.21142665270865235 3.3038269923415253
0.21142665270865235 3.3038269923415253
0.21142665270865235 3.3038269923415253
0.21142665270865235 3.3038269923415253
0.21142665270865235 3.3038269923415253
0.21142665270865235 3.3038269923415253
0.21142665270865235 3.3038269923415253
0.2176224204763062 3.287748929181413
0.2176224204763062 3.287748929181413
0.2176224204763062 3.2475617151998444
0.2176224204763062 3.2475617151998444
0.2176224204763062 3.2475617151998444
0.2176224204763062 3.2475617151998444
0.2176224204763062 3.287748929181413
0.21142665270865235 3.3038269923415253
0.21142665270865235 3.3038269923415253
0.21142665270865235 3.3038269923415253
0.21142665270865235 3.3038269923415253
0.21142665270865235 3.3038269923415253
0.21142665270865235 3.3038269923415253
0.21142665270865235 3.349850706195464
0.21142665270865235 3.349850706195464
0.21142665270865235 3.349850706195464
0.21142665270865235 3.349850706195464
0.16423836220017712 3.531095776681529
0.09972312127062119 3.669230225916733
0.09972312127062119 3.669230225916733
0.09972312127062119 3.669230225916733
0.09972312127062119 3.669230225916733
0.09972312127062119 3.669230225916733
0.09972312127062119 3.669230225916733
0.09972312127062119 3.669230225916733
0.09972312127062119 3.669230225916733
0.09972312127062119 3.669230225916733
0.09972312127062119 3.669230225916733
0.09972312127062119 3.669230225916733
0.09972312127062119 3.669230225916733
0.09972312127062119 3.669230225916733
0.09972312127062119 3.669230225916733
0.09972312127062119 3.669230225916733
0.09972312127062119 3.669230225916733
0.09972312127062119 3.669230225916733
0.08313348788873537 3.8343024501546443
0.08313348788873537 3.8343024501546443
0.08313348788873537 3.8343024501546443
0.08313348788873537 3.8343024501546443
0.08313348788873537 3.8343024501546443
0.07483867119779246 3.896523041488714
0.07483867119779246 3.896523041488714
0.07483867119779246 3.896523041488714
0.04995422112496374 4.2154979780685675
0.04995422112496374 4.2154979780685675
0.04995422112496374 4.2154979780685675
0.04995422112496374 4.2154979780685675
0.04995422112496374 4.2154979780685675
