0.9180006365951218 2.859184113206924
0.13860500321053348 4.32416761428574
0.13860500321053348 4.32416761428574
0.9180006365951218 2.830955444638725
0.13860500321053348 4.278237200703719
0.13860500321053348 4.278237200703719
0.8912333399001349 2.558897869033729
0.13860500321053348 4.271699419842858
0.13860500321053348 4.271699419842858
0.8912333399001349 2.5423581567984517
0.13860500321053348 4.252890262238789
0.13860500321053348 4.252890262238789
0.8912333399001349 2.525567373714078
0.13860500321053348 4.23468642311012
0.13860500321053348 4.233836922056561
0.8912333399001349 2.525567373714078
0.13860500321053348 4.233836922056561
0.13860500321053348 4.233836922056561
0.13860500321053348 4.2138145212213844
0.17462724643601757 4.016852004583617
0.17462724643601757 4.011901104657072
0.17462724643601757 4.011901104657072
0.17462724643601757 4.011901104657072
0.17462724643601757 4.011901104657072
0.17462724643601757 4.011901104657072
0.17462724643601757 4.011901104657072
0.5100014634227861 3.1824012143208886
0.5100014634227861 3.1824012143208886
0.5100014634227861 3.1824012143208886
0.5100014634227861 3.1824012143208886
0.5100014634227861 3.1824012143208886
0.5100014634227861 3.1824012143208886
0.5100014634227861 3.1824012143208886
0.5100014634227861 3.1824012143208886
0.5100014634227861 3.1824012143208886
0.5100014634227861 3.1824012143208886
0.5100014634227861 3.1824012143208886
0.5100014634227861 3.1824012143208886
0.5100014634227861 3.1824012143208886
0.5100014634227861 3.1824012143208886
0.5100014634227861 3.1824012143208886
0.5100014634227861 3.1824012143208886
0.5100014634227861 3.1824012143208886
0.5100014634227861 3.1824012143208886
0.5100014634227861 3.1824012143208886
0.5100014634227861 3.1824012143208886
0.5100014634227861 3.1824012143208886
0.5100014634227861 3.1824012143208886
0.5100014634227861 3.1824012143208886
0.5100014634227861 3.1824012143208886
0.5100014634227861 3.1824012143208886
0.5100014634227861 3.1824012143208886
0.5100014634227861 3.1824012143208886
0.5100014634227861 3.1824012143208886
0.5100014634227861 3.1824012143208886
0.5100014634227861 3.1824012143208886
0.5100014634227861 3.1157336217165743
0.5100014634227861 3.1157336217165743
0.5100014634227861 3.1611343613846685
0.5100014634227861 3.1611343613846685
0.5100014634227861 3.1157336217165743
0.5100014634227861 3.1157336217165743
0.5100014634227861 3.1824012143208886
0.5100014634227861 3.1456210421654194
0.5100014634227861 3.1456210421654194
0.5100014634227861 3.1824012143208886
0.5100014634227861 3.1824012143208886
0.5100014634227861 3.1798610856989606
0.5100014634227861 3.1798610856989606
0.5100014634227861 3.1157336217165743
0.5100014634227861 3.1157336217165743
0.5100014634227861 3.1157336217165743
0.5100014634227861 3.1904027892797067
0.5100014634227861 3.1904027892797067
0.5100014634227861 3.1904027892797067
0.5100014634227861 3.1904027892797067
0.5100014634227861 3.1819343610448767
0.5100014634227861 3.1770333528800845
0.5100014634227861 3.159823859299133
0.5100014634227861 3.175695231865054
0.5100014634227861 3.187354715767761
0.5100014634227861 3.1456210421654194
0.5100014634227861 3.184618528646819
0.5100014634227861 3.180847601566239
0.5100014634227861 3.2048063201760058
0.5100014634227861 3.2048063201760058
0.5100014634227861 3.168330259191384
0.8061647846108819 2.7962390492345794
0.5100014634227861 3.145198140436055
0.8061647846108819 2.7514483676739476
0.7740864515171745 2.7849061137774633
0.7740864515171745 2.7849061137774633
0.5100014634227861 3.1584743004010556
0.5100014634227861 3.1456295948247486
0.5100014634227861 3.1456295948247486
0.5100014634227861 3.1456295948247486
0.5100014634227861 3.1456295948247486
0.5100014634227861 3.1456295948247486
0.5100014634227861 3.1456295948247486
0.5100014634227861 3.1456295948247486
0.5100014634227861 3.1456295948247486
0.5100014634227861 3.1456295948247486
0.5100014634227861 3.1584743004010556
0.5100014634227861 3.1584743004010556
0.5100014634227861 3.1584743004010556
0.5100014634227861 3.1584743004010556
0.5100014634227861 3.1584743004010556
0.5100014634227861 3.1584743004010556
0.5100014634227861 3.1584743004010556
0.5100014634227861 3.1584743004010556
0.5100014634227861 3.1584743004010556
0.5100014634227861 3.1584743004010556
0.5100014634227861 3.1584743004010556
0.5100014634227861 3.1596720574204924
0.5100014634227861 3.1689652140117275
0.5100014634227861 3.178855010959733
0.5100014634227861 3.1806795160445085
0.5100014634227861 3.1806795160445085
0.5100014634227861 3.1806795160445085
0.5100014634227861 3.1806795160445085
0.5100014634227861 3.1806795160445085
0.5100014634227861 3.1584743004010556
0.5100014634227861 3.1456295948247486
0.5100014634227861 3.1753640242535823
0.5100014634227861 3.1982159383534228
0.5100014634227861 3.1689384429668914
0.5100014634227861 3.1689384429668914
0.5100014634227861 3.1966291849923034
0.5100014634227861 3.1966291849923034
0.5100014634227861 3.2005007926715057
0.5100014634227861 3.2005007926715057
0.5100014634227861 3.2005007926715057
0.5100014634227861 3.2093279444679497
0.5100014634227861 3.2066004366580585
0.5100014634227861 3.2066004366580585
0.5100014634227861 3.2066004366580585
0.5100014634227861 3.2066004366580585
0.5100014634227861 3.2066004366580585
0.5100014634227861 3.2066004366580585
0.5100014634227861 3.1975418281682733
0.5100014634227861 3.1846771147633137
0.5100014634227861 3.201084002560005
0.5100014634227861 3.1994690872577514
0.5100014634227861 3.1994690872577514
0.5100014634227861 3.209595094848036
0.5100014634227861 3.209595094848036
0.5100014634227861 3.204314301735316
0.5100014634227861 3.204314301735316
0.5100014634227861 3.204314301735316
0.5100014634227861 3.1848566358923245
0.5100014634227861 3.2504708234110464
0.5100014634227861 3.2265460051132586
0.5100014634227861 3.2011273975145853
0.5100014634227861 3.183602820886372
0.5100014634227861 3.183602820886372
0.5100014634227861 3.2054847315938173
0.5100014634227861 3.1709287356539098
0.5100014634227861 3.190665512737992
0.5100014634227861 3.190665512737992
0.5100014634227861 3.194877347444344
0.5100014634227861 3.193768399461139
0.5100014634227861 3.193768399461139
0.5100014634227861 3.198911328643473
0.5100014634227861 3.2050484736803426
0.5100014634227861 3.2050484736803426
0.5100014634227861 3.159946060679125
0.5100014634227861 3.159946060679125
0.5100014634227861 3.199586958821529
0.5100014634227861 3.1839805646691395
0.5100014634227861 3.1839805646691395
0.5100014634227861 3.1985956171977885
0.5100014634227861 3.254878790058667
0.5100014634227861 3.254878790058667
0.5100014634227861 3.172344549141895
0.5100014634227861 3.2812855082396957
0.5100014634227861 3.1923512004963874
0.5100014634227861 3.1974519760700626
0.5100014634227861 3.196793925203026
0.5100014634227861 3.2275351306171576
0.5100014634227861 3.15798766658786
0.5100014634227861 3.2101949532949607
0.5100014634227861 3.2101949532949607
0.5100014634227861 3.2118191877859035
0.5100014634227861 3.2118191877859035
0.5100014634227861 3.232688785851786
0.5100014634227861 3.232688785851786
0.5100014634227861 3.233501340353419
0.5100014634227861 3.2414668977323964
0.5100014634227861 3.234054842402718
0.5100014634227861 3.219263114657069
0.5100014634227861 3.240860840480257
0.5100014634227861 3.240860840480257
0.5100014634227861 3.233798638916896
0.5100014634227861 3.1732738238958986
0.5100014634227861 3.1775201274406
0.5100014634227861 3.211247177553999
0.5100014634227861 3.2546464542714038
0.5100014634227861 3.1886431018618318
0.5100014634227861 3.2157094158567285
0.5100014634227861 3.1898217569817198
0.5100014634227861 3.1898217569817198
0.5100014634227861 3.1898217569817198
0.5100014634227861 3.1898217569817198
0.5100014634227861 3.1798044137867456
0.5100014634227861 3.2256110237034403
0.5100014634227861 3.2235726349494462
0.4843583758278338 3.396666352539386
0.4843583758278338 3.396666352539386
0.4843583758278338 3.396666352539386
0.4843583758278338 3.396666352539386
0.4843583758278338 3.396666352539386
0.4843583758278338 3.396666352539386
0.4843583758278338 3.396666352539386
0.4843583758278338 3.396666352539386
0.4843583758278338 3.396666352539386
0.45758503924431715 3.415334991965969
0.45758503924431715 3.415334991965969
0.45758503924431715 3.415334991965969
0.45758503924431715 3.3949982782584653
0.45758503924431715 3.3949982782584653
0.45758503924431715 3.3949982782584653
0.45758503924431715 3.415334991965969
0.45758503924431715 3.415334991965969
0.45758503924431715 3.415334991965969
0.45758503924431715 3.415334991965969
0.45758503924431715 3.415334991965969
0.45758503924431715 3.415334991965969
0.45758503924431715 3.415334991965969
0.45758503924431715 3.4400439375087046
0.45758503924431715 3.4400439375087046
0.45758503924431715 3.4400439375087046
0.45758503924431715 3.4400439375087046
0.45758503924431715 3.4400439375087046
0.45758503924431715 3.4400439375087046
0.45758503924431715 3.4400439375087046
0.45758503924431715 3.4400439375087046
0.42257572401778787 3.273244359844394
0.42257572401778787 3.273244359844394
0.42257572401778787 3.273244359844394
0.42257572401778787 3.273244359844394
0.42257572401778787 3.273244359844394
0.42257572401778787 3.273244359844394
0.42257572401778787 3.273244359844394
0.42257572401778787 3.273244359844394
0.42257572401778787 3.273244359844394
0.321672089210264 3.289435292861989
0.321672089210264 3.289435292861989
0.321672089210264 3.289435292861989
0.321672089210264 3.289435292861989
0.321672089210264 3.289435292861989
0.321672089210264 3.289435292861989
0.321672089210264 3.289435292861989
0.321672089210264 3.289435292861989
0.321672089210264 3.289435292861989
0.321672089210264 3.289435292861989
0.321672089210264 3.289435292861989
0.321672089210264 3.289435292861989
0.321672089210264 3.289435292861989
0.321672089210264 3.289435292861989
0.321672089210264 3.289435292861989
0.321672089210264 3.289435292861989
0.321672089210264 3.289435292861989
0.321672089210264 3.289435292861989
0.321672089210264 3.289435292861989
0.321672089210264 3.289435292861989
0.321672089210264 3.289435292861989
0.321672089210264 3.289435292861989
0.321672089210264 3.289435292861989
0.321672089210264 3.289435292861989
0.321672089210264 3.289435292861989
0.321672089210264 3.289435292861989
0.321672089210264 3.289435292861989
0.321672089210264 3.289435292861989
0.321672089210264 3.289435292861989
0.321672089210264 3.289435292861989
0.321672089210264 3.289435292861989
0.321672089210264 3.289435292861989
0.321672089210264 3.289615757058871
0.321672089210264 3.289435292861989
0.321672089210264 3.289435292861989
0.321672089210264 3.289435292861989
0.321672089210264 3.297424221163232
0.321672089210264 3.28474972345607
0.321672089210264 3.28474972345607
0.321672089210264 3.2894528326481716
0.321672089210264 3.289435292861989
0.321672089210264 3.2794573033705623
0.321672089210264 3.260317324227393
0.321672089210264 3.2894528326481716
0.321672089210264 3.331398675052017
0.31849744417398784 3.2020368946650373
0.31849744417398784 3.2020368946650373
0.31849744417398784 3.2020368946650373
0.31849744417398784 3.2020368946650373
0.31849744417398784 3.2020368946650373
0.31849744417398784 3.2020368946650373
0.31849744417398784 3.2020368946650373
0.31849744417398784 3.2020368946650373
0.31849744417398784 3.2020368946650373
0.31849744417398784 3.2020368946650373
0.31849744417398784 3.2020368946650373
0.31849744417398784 3.2020368946650373
0.31849744417398784 3.2020368946650373
0.31849744417398784 3.2020368946650373
0.31849744417398784 3.2020368946650373
0.31849744417398784 3.2020368946650373
0.31849744417398784 3.2020368946650373
0.31849744417398784 3.2020368946650373
0.31849744417398784 3.2020368946650373
0.31849744417398784 3.2020368946650373
0.31849744417398784 3.2020368946650373
0.31849744417398784 3.2020368946650373
0.31849744417398784 3.2020368946650373
0.31849744417398784 3.2020368946650373
0.2555130577497539 3.6349566023203774
0.2555130577497539 3.6349566023203774
0.2555130577497539 3.6349566023203774
0.2555130577497539 3.6349566023203774
0.2555130577497539 3.6349566023203774
0.2555130577497539 3.6349566023203774
0.2555130577497539 3.6349566023203774
0.2555130577497539 3.63226358202401
0.2555130577497539 3.63226358202401
0.2555130577497539 3.63226358202401
0.2555130577497539 3.63226358202401
0.2555130577497539 3.63226358202401
0.2555130577497539 3.6285411143008615
0.2555130577497539 3.6285411143008615
0.2555130577497539 3.6285411143008615
0.2555130577497539 3.6285411143008615
0.2555130577497539 3.620310498325545
0.2555130577497539 3.620310498325545
0.2555130577497539 3.620310498325545
0.2555130577497539 3.5862488994650166
0.2555130577497539 3.5862488994650166
0.2555130577497539 3.5862488994650166
0.2555130577497539 3.620310498325545
0.2555130577497539 3.6285411143008615
0.2555130577497539 3.6285411143008615
0.2555130577497539 3.6285411143008615
0.2555130577497539 3.6285411143008615
0.16901627200849562 3.4257620792715935
0.16901627200849562 3.445430438098089
0.16178569590053984 3.483521090371343
0.16178569590053984 3.483521090371343
0.16178569590053984 3.483521090371343
0.15455511979258407 3.4914700518312696
0.15455511979258407 3.4914700518312696
0.15455511979258407 3.4914700518312696
0.15455511979258407 3.4914700518312696
0.1473245436846283 3.4980399462532437
0.1473245436846283 3.4980399462532437
0.1473245436846283 3.4980399462532437
0.12744045938774992 3.5049961321971987
0.12396168147342335 3.4826163782703117
0.12396168147342335 3.4826163782703117
0.12396168147342335 3.4826163782703117
0.12396168147342335 3.4826163782703117
0.12396168147342335 3.4826163782703117
0.12396168147342335 3.4826163782703117
0.12396168147342335 3.4826163782703117
0.12119255551006261 3.4981297814680574
0.12119255551006261 3.4981297814680574
0.11478695119882733 3.525269303367659
0.11478695119882733 3.525269303367659
0.11478695119882733 3.525269303367659
0.09280101230176074 3.52909734620481
0.09280101230176074 3.52909734620481
0.09280101230176074 3.52909734620481
0.09280101230176074 3.52909734620481
0.09280101230176074 3.52909734620481
0.09280101230176074 3.52909734620481
0.09280101230176074 3.52909734620481
0.09280101230176074 3.52909734620481
0.09280101230176074 3.52909734620481
0.09280101230176074 3.52909734620481
0.07618268765685149 3.6233881657666074
0.07998980367929018 3.5774759694524363
0.07618268765685149 3.6233881657666074
0.07618268765685149 3.6233881657666074
0.07618268765685149 3.636206551824785
0.07618268765685149 3.636206551824785
0.07237557163441281 3.725938375819502
0.07237557163441281 3.725938375819502
0.044063776132443555 4.0584138148281115
0.044063776132443555 4.0584138148281115
0.044063776132443555 4.0584138148281115
0.044063776132443555 4.0584138148281115
0.044063776132443555 4.0584138148281115
0.044063776132443555 4.0584138148281115
0.044063776132443555 4.0584138148281115
0.044063776132443555 4.0584138148281115
0.044063776132443555 4.089216463415026
0.044063776132443555 4.089216463415026
0.07178809056403818 4.311943729818259
0.029256500573673985 4.412995444165754
0.029256500573673985 4.412995444165754
0.029256500573673985 4.412995444165754
0.029256500573673985 4.412995444165754
0.029256500573673985 4.412995444165754
0.029256500573673985 4.412995444165754
0.029256500573673985 4.412995444165754
0.029256500573673985 4.412995444165754
0.029256500573673985 4.412995444165754
0.029256500573673985 4.412995444165754
0.029256500573673985 4.412995444165754
