0.9762632760218508 3.124417744686338
0.5799842317523425 3.584406515426359
0.48618011452466636 3.6069902840866157
0.48618011452466636 3.605912145942706
0.48618011452466636 3.605912145942706
0.48618011452466636 3.605912145942706
0.48618011452466636 3.605912145942706
0.48618011452466636 3.605912145942706
0.48618011452466636 3.605912145942706
0.4495069129032252 3.6202362569792004
0.4495069129032252 3.6202362569792004
0.4495069129032252 3.6202362569792004
0.4495069129032252 3.6202362569792004
0.4495069129032252 3.6202362569792004
0.4495069129032252 3.6202362569792004
0.4495069129032252 3.6202362569792004
0.4495069129032252 3.6202362569792004
0.4495069129032252 3.6160517009348414
0.4495069129032252 3.61266686350042
0.4495069129032252 3.5919108598792073
0.4495069129032252 3.5919108598792073
0.4495069129032252 3.5919108598792073
0.4495069129032252 3.5919108598792073
0.4495069129032252 3.5919108598792073
0.4495069129032252 3.5919108598792073
0.4495069129032252 3.5919108598792073
0.4495069129032252 3.575947952158326
0.4495069129032252 3.575947952158326
0.4495069129032252 3.575947952158326
0.4495069129032252 3.575947952158326
0.4495069129032252 3.5724521453763014
0.48618011452466636 3.591123663073116
0.48618011452466636 3.591123663073116
0.48618011452466636 3.591123663073116
0.48618011452466636 3.591123663073116
0.48618011452466636 3.591123663073116
0.48618011452466636 3.596813960063481
0.48618011452466636 3.5755225712802168
0.48618011452466636 3.5862623649032694
0.48618011452466636 3.5235203552243632
0.48618011452466636 3.5235203552243632
0.48618011452466636 3.5235203552243632
0.48618011452466636 3.5235203552243632
0.48618011452466636 3.5235203552243632
0.48618011452466636 3.5235203552243632
0.48618011452466636 3.5235203552243632
0.48618011452466636 3.4869866319761194
0.48618011452466636 3.4869866319761194
0.48618011452466636 3.4869866319761194
0.48618011452466636 3.4869866319761194
0.48618011452466636 3.4869866319761194
0.48618011452466636 3.464486477493869
0.48618011452466636 3.4869866319761194
0.526621565888148 3.4230896876000303
0.526621565888148 3.4230896876000303
0.526621565888148 3.4230896876000303
0.526621565888148 3.4230896876000303
0.526621565888148 3.4230896876000303
0.526621565888148 3.3872301719045317
0.526621565888148 3.3872301719045317
0.526621565888148 3.3872301719045317
0.526621565888148 3.3872301719045317
0.526621565888148 3.3872301719045317
0.526621565888148 3.4230896876000303
0.526621565888148 3.4230896876000303
0.526621565888148 3.4230896876000303
0.526621565888148 3.4230896876000303
0.526621565888148 3.4230896876000303
0.6493337005524749 3.094037879904679
0.6493337005524749 3.094037879904679
0.6493337005524749 3.094037879904679
0.6493337005524749 3.094037879904679
0.6493337005524749 3.094037879904679
0.6493337005524749 3.094037879904679
0.6493337005524749 3.094037879904679
0.6493337005524749 3.094037879904679
0.6493337005524749 3.094037879904679
0.6493337005524749 3.094037879904679
0.6493337005524749 3.0559538309613528
0.6493337005524749 3.0559538309613528
0.6493337005524749 3.0559538309613528
0.6493337005524749 3.0559538309613528
0.6493337005524749 3.096886529216913
0.6493337005524749 3.0735672562959264
0.7602168419177974 2.9671772675826014
0.7602168419177974 2.9671772675826014
0.7602168419177974 2.9671772675826014
0.7602168419177974 2.9671772675826014
0.7602168419177974 2.9671772675826014
0.7602168419177974 2.9671772675826014
0.7602168419177974 2.9671772675826014
0.7602168419177974 2.9671772675826014
0.7602168419177974 2.9671772675826014
0.7572325731655261 3.004777112922884
0.7572325731655261 3.004777112922884
0.7572325731655261 3.004777112922884
0.7572325731655261 3.004777112922884
0.7572325731655261 3.004777112922884
0.7572325731655261 3.004777112922884
0.7572325731655261 3.004777112922884
0.7572325731655261 3.004777112922884
0.6657545616713447 2.948920823204198
0.6657545616713447 2.948920823204198
0.6657545616713447 2.948920823204198
0.6657545616713447 2.948920823204198
0.6657545616713447 2.948920823204198
0.6657545616713447 2.948920823204198
0.6657545616713447 2.948920823204198
0.6657545616713447 2.948920823204198
0.6657545616713447 2.948920823204198
0.6657545616713447 2.948920823204198
0.6657545616713447 2.948920823204198
0.6657545616713447 2.948920823204198
0.6657545616713447 2.948920823204198
0.6657545616713447 2.948920823204198
0.6657545616713447 2.948920823204198
0.6657545616713447 2.948920823204198
0.6657545616713447 2.948920823204198
0.6657545616713447 2.948920823204198
0.6657545616713447 2.948920823204198
0.6657545616713447 2.948920823204198
0.5772608189294348 2.868113330940017
0.6657545616713447 2.948920823204198
0.6657545616713447 2.948920823204198
0.6657545616713447 2.948920823204198
0.6657545616713447 2.948920823204198
0.6657545616713447 2.948920823204198
0.6657545616713447 2.948920823204198
0.6657545616713447 2.948920823204198
0.6657545616713447 2.948920823204198
0.6657545616713447 2.948920823204198
0.6657545616713447 2.948920823204198
0.6657545616713447 2.948920823204198
0.6657545616713447 2.934549331080541
0.6657545616713447 3.017392342485602
0.6657545616713447 3.017392342485602
0.6657545616713447 2.948920823204198
0.6657545616713447 2.948920823204198
0.6657545616713447 2.9736424340029366
0.6657545616713447 2.94995623742156
0.6657545616713447 2.94995623742156
0.6657545616713447 2.9189283515304036
0.6657545616713447 2.9189283515304036
0.6657545616713447 2.927944121183884
0.6657545616713447 2.927944121183884
0.6657545616713447 2.927944121183884
0.6657545616713447 2.927944121183884
0.6657545616713447 2.927944121183884
0.6657545616713447 2.948920823204198
0.6657545616713447 2.999722890589553
0.6657545616713447 2.976055375186363
0.6657545616713447 2.900756710062508
0.6657545616713447 2.970923727718649
0.6657545616713447 2.9631446269132597
0.6657545616713447 2.9631446269132597
0.6657545616713447 3.032429198478989
0.6657545616713447 2.9591109425837807
0.6657545616713447 2.9423523116710655
0.6657545616713447 2.998534104916875
0.6657545616713447 2.938430806968496
0.6657545616713447 2.970513703511633
0.6657545616713447 2.871139655632731
0.6657545616713447 2.9573137239022413
0.6602912426965366 2.9998280753190723
0.6602912426965366 2.9998280753190723
0.6602912426965366 2.9998280753190723
0.6602912426965366 2.9998280753190723
0.6602912426965366 2.9998280753190723
0.6602912426965366 2.9998280753190723
0.6602912426965366 2.9998280753190723
0.6602912426965366 2.9998280753190723
0.6602912426965366 2.9998280753190723
0.6602912426965366 2.9998280753190723
0.6602912426965366 2.9998280753190723
0.6602912426965366 2.9998280753190723
0.6602912426965366 2.9998280753190723
0.6602912426965366 2.9998280753190723
0.6602912426965366 2.9998280753190723
0.6602912426965366 2.9998280753190723
0.6602912426965366 2.9998280753190723
0.6602912426965366 2.9998280753190723
0.6602912426965366 2.9998280753190723
0.6602912426965366 2.9998280753190723
0.6602912426965366 2.9998280753190723
0.6602912426965366 2.9998280753190723
0.6602912426965366 2.9998280753190723
0.6602912426965366 2.9998280753190723
0.6602912426965366 2.9998280753190723
0.6602912426965366 2.9998280753190723
0.6602912426965366 2.9998280753190723
0.6602912426965366 2.9998280753190723
0.6602912426965366 2.9998280753190723
0.6602912426965366 2.9998280753190723
0.6602912426965366 3.0036630018152817
0.6602912426965366 2.9998280753190723
0.6602912426965366 3.0160613769894664
0.6602912426965366 2.9998280753190723
0.6602912426965366 3.0160613769894664
0.6602912426965366 2.9998280753190723
0.6602912426965366 3.001745484617484
0.6602912426965366 3.001745484617484
0.5973679407152985 3.1195778732536734
0.5973679407152985 3.1195778732536734
0.32687765304274635 3.029432814843707
0.32687765304274635 3.029432814843707
0.32687765304274635 3.029432814843707
0.32687765304274635 3.029432814843707
0.32687765304274635 3.029432814843707
0.32687765304274635 3.029432814843707
0.32687765304274635 3.029432814843707
0.32687765304274635 3.029432814843707
0.32687765304274635 3.0220306309095584
0.32687765304274635 3.0369315511183275
0.32687765304274635 3.025683919017606
0.32687765304274635 3.0314209435561335
0.32687765304274635 3.0474571685433895
0.32687765304274635 3.040854030457102
0.32687765304274635 3.029432814843707
0.32687765304274635 3.0049769905256234
0.32687765304274635 3.0049769905256234
0.32687765304274635 3.063246724584325
0.32687765304274635 3.063246724584325
0.32687765304274635 3.063246724584325
0.4180222873073782 3.2646938177365175
0.4180222873073782 3.2646938177365175
0.4180222873073782 3.2646938177365175
0.31458915129731313 3.2057667816083204
0.31458915129731313 3.2057667816083204
0.31458915129731313 3.2057667816083204
0.31458915129731313 3.197533796559304
0.31458915129731313 3.197533796559304
0.31458915129731313 3.197533796559304
0.31458915129731313 3.197533796559304
0.31458915129731313 3.197533796559304
0.31458915129731313 3.197533796559304
0.31458915129731313 3.197533796559304
0.31458915129731313 3.187131946058313
0.31458915129731313 3.187131946058313
0.31458915129731313 3.171612460203455
0.31458915129731313 3.171612460203455
0.31458915129731313 3.171612460203455
0.31458915129731313 3.171612460203455
0.31458915129731313 3.14757939845861
0.31458915129731313 3.14757939845861
0.31458915129731313 3.14757939845861
0.31458915129731313 3.14757939845861
0.31458915129731313 3.14757939845861
0.31458915129731313 3.14757939845861
0.31458915129731313 3.14757939845861
0.31458915129731313 3.14757939845861
0.31458915129731313 3.14757939845861
0.31458915129731313 3.14757939845861
0.31458915129731313 3.14757939845861
0.31458915129731313 3.14757939845861
0.31458915129731313 3.14757939845861
0.31458915129731313 3.14757939845861
0.31458915129731313 3.14757939845861
0.31458915129731313 3.171612460203455
0.31458915129731313 3.176785069667227
0.31458915129731313 3.176785069667227
0.25918809601581544 3.2838090446556585
0.25918809601581544 3.2838090446556585
0.25918809601581544 3.2838090446556585
0.25918809601581544 3.2838090446556585
0.25918809601581544 3.2838090446556585
0.25918809601581544 3.2838090446556585
0.25918809601581544 3.2691040232866135
0.25918809601581544 3.2691040232866135
0.25918809601581544 3.2691040232866135
0.25918809601581544 3.2691040232866135
0.25918809601581544 3.2691040232866135
0.25918809601581544 3.2691040232866135
0.25918809601581544 3.2838090446556585
0.25918809601581544 3.2838090446556585
0.25918809601581544 3.2838090446556585
0.25918809601581544 3.2838090446556585
0.25918809601581544 3.2838090446556585
0.25918809601581544 3.2838090446556585
0.25918809601581544 3.2838090446556585
0.25918809601581544 3.2838090446556585
0.25918809601581544 3.2838090446556585
0.25918809601581544 3.2838090446556585
0.25918809601581544 3.2838090446556585
0.25918809601581544 3.2838090446556585
0.25918809601581544 3.2838090446556585
0.25918809601581544 3.2838090446556585
0.25918809601581544 3.2838090446556585
0.25918809601581544 3.2838090446556585
0.25918809601581544 3.2838090446556585
0.25918809601581544 3.2838090446556585
0.25918809601581544 3.2838090446556585
0.25918809601581544 3.2838090446556585
0.25918809601581544 3.2838090446556585
0.25918809601581544 3.2838090446556585
0.25918809601581544 3.2691040232866135
0.25918809601581544 3.2691040232866135
0.25918809601581544 3.2764560395432483
0.25918809601581544 3.272414620812148
0.25918809601581544 3.272414620812148
0.25918809601581544 3.272414620812148
0.25918809601581544 3.2838090446556585
0.25918809601581544 3.309803238397025
0.25918809601581544 3.309803238397025
0.25918809601581544 3.2838090446556585
0.25918809601581544 3.281424624038303
0.25918809601581544 3.371286285810242
0.25918809601581544 3.2838090446556585
0.25918809601581544 3.272414620812148
0.25918809601581544 3.2838090446556585
0.25918809601581544 3.2838090446556585
0.25918809601581544 3.3348903383898416
0.25918809601581544 3.242064562818954
0.25918809601581544 3.242064562818954
0.25918809601581544 3.2786330645029667
0.25918809601581544 3.3358397265867494
0.25918809601581544 3.2930795879514814
0.25918809601581544 3.3125963907183418
0.25918809601581544 3.2866395345330734
0.25918809601581544 3.2834919598549126
0.25918809601581544 3.2595756581784965
0.25918809601581544 3.266653885174695
0.25918809601581544 3.3098340073335377
0.25918809601581544 3.3711274947451417
0.25918809601581544 3.272256111201266
0.25918809601581544 3.25942484729617
0.25918809601581544 3.25942484729617
0.25918809601581544 3.3331865723261407
0.25918809601581544 3.2493950455232214
0.25918809601581544 3.304706975623211
0.25918809601581544 3.304706975623211
0.25918809601581544 3.3046602472368716
0.25918809601581544 3.3046602472368716
0.25918809601581544 3.247634779645259
0.23491003105994776 3.698916672537757
0.23491003105994776 3.698916672537757
0.23491003105994776 3.698916672537757
0.23491003105994776 3.698916672537757
0.23491003105994776 3.698916672537757
0.23491003105994776 3.698916672537757
0.23491003105994776 3.698916672537757
0.23491003105994776 3.698916672537757
0.22884051482098083 3.8094358845635545
0.22884051482098083 3.8094358845635545
0.22884051482098083 3.8094358845635545
0.22884051482098083 3.8094358845635545
0.22884051482098083 3.8094358845635545
0.22884051482098083 3.8094358845635545
0.22277099858201393 3.8901040809008998
0.22277099858201393 3.8901040809008998
0.22277099858201393 3.8901040809008998
0.08020953031602329 3.66616355828958
0.08020953031602329 3.66616355828958
0.08020953031602329 3.655870098608888
0.08020953031602329 3.655870098608888
0.08020953031602329 3.6158507914235174
0.08020953031602329 3.6158507914235174
0.08020953031602329 3.61081776386383
0.08020953031602329 3.61081776386383
0.08020953031602329 3.61081776386383
0.08020953031602329 3.61066824349727
0.08020953031602329 3.574612626532769
0.08020953031602329 3.574612626532769
0.08020953031602329 3.574612626532769
0.08020953031602329 3.574612626532769
0.08020953031602329 3.574612626532769
0.08020953031602329 3.574612626532769
0.08020953031602329 3.574612626532769
0.08020953031602329 3.443170235191947
0.08020953031602329 3.36483417818139
0.08020953031602329 3.36483417818139
0.08020953031602329 3.36483417818139
0.08020953031602329 3.36483417818139
0.08020953031602329 3.36483417818139
0.08020953031602329 3.36483417818139
0.08020953031602329 3.443170235191947
0.08020953031602329 3.480692520539863
0.08020953031602329 3.480692520539863
0.08020953031602329 3.480692520539863
0.08020953031602329 3.574612626532769
0.08020953031602329 3.6158507914235174
0.08020953031602329 3.666206803566196
0.08020953031602329 3.655870098608888
0.08020953031602329 3.6703094113557695
0.08020953031602329 3.6703094113557695
0.08020953031602329 3.61081776386383
0.08020953031602329 3.61081776386383
0.08020953031602329 3.61081776386383
0.1252947435396592 4.294724025552185
0.12120191064568588 4.335309249248224
0.12120191064568588 4.335309249248224
0.11472342660608928 4.453446489780492
0.11472342660608928 4.453446489780492
0.06217957480210726 4.057155996338418
0.05477780252420374 4.057432366714073
0.05477780252420374 4.057432366714073
0.05477780252420374 4.057432366714073
0.041824701037872586 4.191307296760886
0.041824701037872586 4.191307296760886
0.041824701037872586 4.191307296760886
0.02702115648206556 4.211475551056353
0.02702115648206556 4.211475551056353
0.02702115648206556 4.211475551056353
0.06875019987683165 4.821597052343887
0.012217611926258531 4.4516316158928255
0.012217611926258531 4.4516316158928255
0.0066662827178308875 4.651548990188241
