0.9852810020680903 3.468482911470523
0.7464208482067333 3.025962257914328
0.7464208482067333 3.025962257914328
0.9852810020680903 3.461819904913998
0.9852810020680903 3.461819904913998
0.9852810020680903 3.461819904913998
0.9852810020680903 3.4574617385816597
0.9852810020680903 3.4574617385816597
0.9852810020680903 3.453938283914774
0.9852810020680903 3.453938283914774
0.9852810020680903 3.453474595284715
0.9852810020680903 3.453474595284715
0.9852810020680903 3.453474595284715
0.20513201240375956 4.244390589668569
0.20513201240375956 4.244390589668569
0.20513201240375956 4.244390589668569
0.20513201240375956 4.244390589668569
0.20513201240375956 4.237207789600221
0.20513201240375956 4.237207789600221
0.20513201240375956 4.237207789600221
0.20513201240375956 4.213393447861706
0.20513201240375956 4.213393447861706
0.20513201240375956 4.213393447861706
0.20513201240375956 4.213393447861706
0.20513201240375956 4.213393447861706
0.20513201240375956 4.213393447861706
0.20513201240375956 4.213393447861706
0.20513201240375956 4.213393447861706
0.20513201240375956 4.213393447861706
0.20513201240375956 4.213393447861706
0.20513201240375956 4.213393447861706
0.20513201240375956 4.213393447861706
0.20513201240375956 4.213393447861706
0.20513201240375956 4.213393447861706
0.20513201240375956 4.213393447861706
0.602760775311296 3.149708476915446
0.602760775311296 3.149708476915446
0.602760775311296 3.1266192541587414
0.602760775311296 3.1266192541587414
0.602760775311296 3.09803537026183
0.602760775311296 3.09803537026183
0.602760775311296 3.09803537026183
0.8376783375723312 2.890830988355184
0.8376783375723312 2.890830988355184
0.8376783375723312 2.890830988355184
0.8376783375723312 2.890830988355184
0.8376783375723312 2.890830988355184
0.8376783375723312 2.890830988355184
0.8634967661589934 3.036110349852919
0.8634967661589934 2.957829004205828
0.8116097579737804 2.6463957331039945
0.8116097579737804 2.6326379744079924
0.8116097579737804 2.6326379744079924
0.8116097579737804 2.663216879794273
0.8116097579737804 2.663216879794273
0.8116097579737804 2.663216879794273
0.8116097579737804 2.6460050851049832
0.798599530437116 2.683656715511122
0.798599530437116 2.683656715511122
0.798599530437116 2.683656715511122
0.798599530437116 2.683656715511122
0.798599530437116 2.683656715511122
0.798599530437116 2.683656715511122
0.798599530437116 2.683656715511122
0.798599530437116 2.683656715511122
0.798599530437116 2.683656715511122
0.798599530437116 2.683656715511122
0.798599530437116 2.683656715511122
0.8980459806708496 2.6669174286367476
0.8980459806708496 2.6669174286367476
0.8980459806708496 2.6669174286367476
0.8980459806708496 2.6669174286367476
0.8980459806708496 2.6669174286367476
0.8980459806708496 2.6669174286367476
0.8980459806708496 2.6669174286367476
0.8980459806708496 2.6669174286367476
0.8793335472723626 2.6932108903167076
0.8793335472723626 2.6932108903167076
0.8793335472723626 2.6932108903167076
0.8699773305731191 2.7064544010282034
0.8699773305731191 2.7064544010282034
0.8699773305731191 2.7064544010282034
0.8699773305731191 2.7064544010282034
0.8699773305731191 2.7064544010282034
0.8699773305731191 2.7064544010282034
0.8699773305731191 2.7064544010282034
0.8652992222234973 2.7155002907371535
0.8652992222234973 2.7155002907371535
0.8559430055242537 2.7173861130128674
0.8559430055242537 2.6988612500791493
0.8559430055242537 2.7173861130128674
0.8559430055242537 2.7173861130128674
0.8559430055242537 2.7173861130128674
0.8559430055242537 2.7173861130128674
0.8559430055242537 2.7173861130128674
0.8559430055242537 2.7173861130128674
0.8559430055242537 2.7173861130128674
0.8559430055242537 2.728346944795954
0.8559430055242537 2.728346944795954
0.8559430055242537 2.728346944795954
0.8559430055242537 2.728346944795954
0.8559430055242537 2.728346944795954
0.8559430055242537 2.728346944795954
0.8559430055242537 2.728346944795954
0.8559430055242537 2.728346944795954
0.8559430055242537 2.728346944795954
0.8559430055242537 2.5534383228224615
0.8559430055242537 2.5534383228224615
0.34315591490145647 3.107239545359622
0.34315591490145647 3.0605589741125394
0.34315591490145647 3.0605589741125394
0.34315591490145647 3.0605589741125394
0.34315591490145647 3.0605589741125394
0.34315591490145647 3.070167083349161
0.34315591490145647 3.070167083349161
0.34315591490145647 3.070167083349161
0.34315591490145647 3.070167083349161
0.34315591490145647 3.070167083349161
0.34315591490145647 3.070167083349161
0.34315591490145647 3.070167083349161
0.34315591490145647 3.070167083349161
0.34315591490145647 3.070167083349161
0.34315591490145647 3.070167083349161
0.34315591490145647 3.070167083349161
0.34315591490145647 3.070167083349161
0.34315591490145647 3.070167083349161
0.34315591490145647 3.070167083349161
0.34315591490145647 3.070167083349161
0.34315591490145647 3.070167083349161
0.34315591490145647 3.070167083349161
0.34315591490145647 3.070167083349161
0.34315591490145647 3.070167083349161
0.34315591490145647 3.070167083349161
0.34315591490145647 3.070167083349161
0.34315591490145647 3.070167083349161
0.34315591490145647 3.070167083349161
0.34315591490145647 3.070167083349161
0.34315591490145647 3.070167083349161
0.34315591490145647 3.070167083349161
0.34315591490145647 3.0621025991817583
0.34315591490145647 3.0621025991817583
0.34315591490145647 3.0623794312178054
0.34315591490145647 3.070167083349161
0.34315591490145647 3.070167083349161
0.34315591490145647 3.066134658637352
0.34315591490145647 3.066134658637352
0.34315591490145647 3.0721834324883237
0.34315591490145647 3.0721834324883237
0.34315591490145647 3.070167083349161
0.34315591490145647 3.04536341260564
0.34315591490145647 3.04536341260564
0.34315591490145647 3.070167083349161
0.34315591490145647 3.057226470231852
0.34315591490145647 3.063967966828735
0.39216036665974463 2.807571584356643
0.36765814078060055 2.9266881817819574
0.36765814078060055 2.9266881817819574
0.36765814078060055 2.9266881817819574
0.3554070278410285 2.976261175459752
0.3492814713712425 3.0136286340464014
0.3492814713712425 3.0136286340464014
0.3492814713712425 3.0136286340464014
0.3492814713712425 3.0136286340464014
0.34315591490145647 3.0005356755681034
0.34315591490145647 3.0005356755681034
0.34315591490145647 3.0005356755681034
0.34315591490145647 3.0005356755681034
0.34315591490145647 3.0005356755681034
0.34315591490145647 3.0005356755681034
0.34315591490145647 3.0269077361427748
0.34315591490145647 3.0269077361427748
0.34315591490145647 3.0269077361427748
0.34315591490145647 3.0269077361427748
0.34315591490145647 3.0335776683456075
0.34315591490145647 3.0269077361427748
0.34315591490145647 3.0269077361427748
0.34315591490145647 3.0321032073582193
0.34315591490145647 3.0269077361427748
0.34315591490145647 3.030980258983374
0.34315591490145647 3.0269077361427748
0.34315591490145647 3.029617451714274
0.34315591490145647 3.0269077361427748
0.34315591490145647 3.0269077361427748
0.34315591490145647 3.0269077361427748
0.34315591490145647 3.0269077361427748
0.34315591490145647 3.0269077361427748
0.34315591490145647 3.0269077361427748
0.34315591490145647 3.0269077361427748
0.34315591490145647 3.0269077361427748
0.34315591490145647 3.0269077361427748
0.34315591490145647 3.0269077361427748
0.34315591490145647 3.0269077361427748
0.34315591490145647 3.0005356755681034
0.34315591490145647 3.021979660501768
0.34315591490145647 3.0314509843639814
0.34315591490145647 3.024833168061013
0.34315591490145647 3.045296778233822
0.34315591490145647 3.066182139859675
0.34315591490145647 3.011247196023443
0.34315591490145647 3.02880980843191
0.34315591490145647 3.02880980843191
0.34315591490145647 3.0308461109839233
0.34315591490145647 3.0308461109839233
0.34315591490145647 3.031969787115552
0.34315591490145647 3.0308461109839233
0.34315591490145647 3.1167807093698467
0.34315591490145647 2.986198976838254
0.34315591490145647 3.0075126664920786
0.34315591490145647 3.0224746854479814
0.34315591490145647 3.0224746854479814
0.34315591490145647 3.0224746854479814
0.34315591490145647 3.0200108283227727
0.34315591490145647 3.001538474301891
0.3041858894384548 3.1268027306879644
0.3041858894384548 3.1268027306879644
0.3041858894384548 3.1268027306879644
0.3041858894384548 3.1268027306879644
0.3041858894384548 3.1268027306879644
0.3041858894384548 3.1268027306879644
0.3041858894384548 3.1268027306879644
0.3041858894384548 3.1268027306879644
0.3041858894384548 3.1268027306879644
0.3041858894384548 3.1268027306879644
0.3041858894384548 3.1268027306879644
0.3041858894384548 3.1268027306879644
0.3041858894384548 3.1268027306879644
0.3041858894384548 3.1268027306879644
0.3041858894384548 3.1268027306879644
0.3041858894384548 3.1268027306879644
0.3041858894384548 3.1268027306879644
0.3041858894384548 3.1268027306879644
0.3041858894384548 3.1268027306879644
0.3041858894384548 3.1268027306879644
0.3041858894384548 3.1268027306879644
0.3041858894384548 3.1268027306879644
0.3041858894384548 3.1268027306879644
0.26521586397545316 3.1974946255509895
0.26521586397545316 3.183895219884887
0.26521586397545316 3.1707469849181122
0.26521586397545316 3.1707469849181122
0.26521586397545316 3.1707469849181122
0.26521586397545316 3.1707469849181122
0.26521586397545316 3.1707469849181122
0.26521586397545316 3.1377066743519046
0.26521586397545316 3.1707469849181122
0.26521586397545316 3.1707469849181122
0.26521586397545316 3.1707469849181122
0.26521586397545316 3.183895219884887
0.26521586397545316 3.183895219884887
0.26521586397545316 3.183895219884887
0.26521586397545316 3.183895219884887
0.26521586397545316 3.1974946255509895
0.26521586397545316 3.202497920036154
0.24573085124395233 3.2085925552222156
0.24573085124395233 3.186509142475306
0.24573085124395233 3.186509142475306
0.24573085124395233 3.186509142475306
0.24573085124395233 3.186509142475306
0.24573085124395233 3.186509142475306
0.24573085124395233 3.186509142475306
0.24573085124395233 3.186509142475306
0.24573085124395233 3.2085925552222156
0.24573085124395233 3.2085925552222156
0.24573085124395233 3.2085925552222156
0.24573085124395233 3.2085925552222156
0.24573085124395233 3.2085925552222156
0.24573085124395233 3.2085925552222156
0.24573085124395233 3.2085925552222156
0.24573085124395233 3.239019947827331
0.24573085124395233 3.239019947827331
0.24573085124395233 3.239019947827331
0.24573085124395233 3.2527862781963384
0.24573085124395233 3.2527862781963384
0.24573085124395233 3.2527862781963384
0.24573085124395233 3.2527862781963384
0.24573085124395233 3.239019947827331
0.24573085124395233 3.239019947827331
0.529110571266451 3.016235734820687
0.24573085124395233 3.2589569031391137
0.24573085124395233 3.2589569031391137
0.24573085124395233 3.1906147654009906
0.24573085124395233 3.180063741046555
0.24573085124395233 3.180063741046555
0.24573085124395233 3.180063741046555
0.24573085124395233 3.180063741046555
0.24573085124395233 3.1456520484516446
0.24573085124395233 3.1456520484516446
0.24573085124395233 3.1456520484516446
0.24573085124395233 3.1456520484516446
0.24573085124395233 3.1456520484516446
0.24573085124395233 3.1456520484516446
0.24573085124395233 3.144028597429136
0.24573085124395233 3.144028597429136
0.24573085124395233 3.1108895068379945
0.24573085124395233 3.109726755626289
0.24573085124395233 3.109726755626289
0.24573085124395233 3.091235840736863
0.24573085124395233 3.073896178414968
0.24573085124395233 3.073896178414968
0.24573085124395233 3.073896178414968
0.24573085124395233 3.049303795012591
0.24573085124395233 3.049303795012591
0.24573085124395233 3.049303795012591
0.24573085124395233 3.049303795012591
0.24573085124395233 3.0684065731166754
0.24573085124395233 3.073896178414968
0.24573085124395233 3.073896178414968
0.24573085124395233 3.091235840736863
0.24573085124395233 3.091235840736863
0.24573085124395233 3.1108895068379945
0.24573085124395233 3.1108895068379945
0.24573085124395233 3.1108895068379945
0.24573085124395233 3.144028597429136
0.24573085124395233 3.1456520484516446
0.24573085124395233 3.1456520484516446
0.24573085124395233 3.1456520484516446
0.24407906169813465 3.127644864164549
0.24407906169813465 3.127644864164549
0.24407906169813465 3.127644864164549
0.24407906169813465 3.127644864164549
0.24407906169813465 3.127644864164549
0.22393825604028128 3.187894051782913
0.22393825604028128 3.187894051782913
0.22393825604028128 3.187894051782913
0.22393825604028128 3.193573814014959
0.22393825604028128 3.193573814014959
0.22393825604028128 3.193573814014959
0.22393825604028128 3.193573814014959
0.22393825604028128 3.193573814014959
0.22393825604028128 3.193573814014959
0.22393825604028128 3.193573814014959
0.22393825604028128 3.193573814014959
0.22393825604028128 3.193573814014959
0.22393825604028128 3.193573814014959
0.22393825604028128 3.193573814014959
0.22393825604028128 3.193573814014959
0.22393825604028128 3.193573814014959
0.22393825604028128 3.193573814014959
0.22393825604028128 3.193573814014959
0.22393825604028128 3.193573814014959
0.22393825604028128 3.193573814014959
0.22393825604028128 3.193573814014959
0.22393825604028128 3.193573814014959
0.22393825604028128 3.193573814014959
0.22393825604028128 3.193573814014959
0.22393825604028128 3.193573814014959
0.22393825604028128 3.193573814014959
0.22393825604028128 3.193573814014959
0.22393825604028128 3.193573814014959
0.22393825604028128 3.193573814014959
0.22393825604028128 3.193573814014959
0.22393825604028128 3.193573814014959
0.22393825604028128 3.193573814014959
0.22393825604028128 3.193573814014959
0.16591393217828007 3.64462083936748
0.16591393217828007 3.64462083936748
0.16591393217828007 3.64462083936748
0.16591393217828007 3.64462083936748
0.16591393217828007 3.64462083936748
0.16591393217828007 3.64462083936748
0.16591393217828007 3.64462083936748
0.16591393217828007 3.64462083936748
0.16591393217828007 3.64462083936748
0.16591393217828007 3.64462083936748
0.16591393217828007 3.64462083936748
0.16591393217828007 3.64462083936748
0.16591393217828007 3.64462083936748
0.15140785121277975 3.7479089860202803
0.15866089169552988 3.717048789423663
0.15140785121277975 3.7479089860202803
0.15140785121277975 3.7479089860202803
0.15140785121277975 3.7479089860202803
0.13690177024727945 3.811267320646098
0.13690177024727945 3.811267320646098
0.13690177024727945 3.811267320646098
0.13690177024727945 3.811267320646098
0.11830176786591587 3.699077485913028
0.11830176786591587 3.699077485913028
0.11830176786591587 3.699077485913028
0.11830176786591587 3.699077485913028
0.11830176786591587 3.699077485913028
0.11830176786591587 3.699077485913028
0.11830176786591587 3.699077485913028
0.11830176786591587 3.699077485913028
0.11830176786591587 3.699077485913028
0.11367836018628914 3.759809834262246
0.11367836018628914 3.759809834262246
0.10905495250666242 3.7959779419720414
0.10905495250666242 3.7959779419720414
0.10905495250666242 3.8016464644582704
0.09980813714740898 3.9004671850401618
0.09980813714740898 3.9004671850401618
0.09980813714740898 3.9120526883717543
0.059846155519456004 4.242236989504152
0.059846155519456004 4.242236989504152
0.16461147386592034 3.8652823791794653
0.16461147386592034 3.8652823791794653
0.15855805865184544 3.8824605020954905
0.15010775449377084 3.914303354281074
0.15010775449377084 3.914303354281074
0.15010775449377084 3.914303354281074
0.13560403512162136 3.9653902746094203
0.13560403512162136 3.9653902746094203
0.13560403512162136 3.9653902746094203
0.12349720469347154 4.003684799763907
0.12349720469347154 4.003684799763907
