0.11883495409789713 4.240910048697515
0.11883495409789713 4.2248679493864865
0.6910910601449243 3.3291079438654014
0.11883495409789713 4.20419752630503
0.11883495409789713 4.20419752630503
0.11883495409789713 4.20419752630503
0.11883495409789713 4.20419752630503
0.11883495409789713 4.20419752630503
0.5723768454385973 3.422636127022826
0.5723768454385973 3.422636127022826
0.5723768454385973 3.422636127022826
0.5723768454385973 3.422636127022826
0.49389913255257695 3.5405074957287295
0.49389913255257695 3.5405074957287295
0.49389913255257695 3.5405074957287295
0.49389913255257695 3.5405074957287295
0.5723768454385973 3.422636127022826
0.5723768454385973 3.422636127022826
0.5723768454385973 3.422636127022826
0.5723768454385973 3.422636127022826
0.5723768454385973 3.422636127022826
0.5723768454385973 3.422636127022826
0.5723768454385973 3.422636127022826
0.5723768454385973 3.422636127022826
0.5723768454385973 3.422636127022826
0.5723768454385973 3.422636127022826
0.5723768454385973 3.422636127022826
0.5723768454385973 3.422636127022826
0.5723768454385973 3.422636127022826
0.5723768454385973 3.422636127022826
0.5723768454385973 3.422636127022826
0.5723768454385973 3.422636127022826
0.5723768454385973 3.422636127022826
0.5723768454385973 3.422636127022826
0.5723768454385973 3.422636127022826
0.5723768454385973 3.422636127022826
0.5723768454385973 3.422636127022826
0.5723768454385973 3.422636127022826
0.5723768454385973 3.422636127022826
0.5723768454385973 3.422636127022826
0.5723768454385973 3.422636127022826
0.5723768454385973 3.422636127022826
0.5723768454385973 3.422636127022826
0.5723768454385973 3.422636127022826
0.5723768454385973 3.3899961282919393
0.5723768454385973 3.3899961282919393
0.5723768454385973 3.4296047196486206
0.5723768454385973 3.443167022132168
0.5723768454385973 3.3899961282919393
0.5723768454385973 3.377298433311034
0.5723768454385973 3.344013226584643
0.5723768454385973 3.377298433311034
0.5723768454385973 3.377298433311034
0.5723768454385973 3.344013226584643
0.5723768454385973 3.344013226584643
0.5723768454385973 3.344013226584643
0.5723768454385973 3.344013226584643
0.5723768454385973 3.344013226584643
0.5723768454385973 3.344013226584643
0.5723768454385973 3.344013226584643
0.5723768454385973 3.4100357246153
0.5723768454385973 3.344013226584643
0.5723768454385973 3.344013226584643
0.5723768454385973 3.344013226584643
0.5723768454385973 3.344013226584643
0.5723768454385973 3.344013226584643
0.5723768454385973 3.344013226584643
0.5723768454385973 3.3265385624169657
0.7911792519410284 2.822906412948794
0.7911792519410284 2.822906412948794
0.7911792519410284 2.822906412948794
0.7911792519410284 2.822906412948794
0.7911792519410284 2.822906412948794
0.7911792519410284 2.822906412948794
0.7911792519410284 2.822906412948794
0.7911792519410284 2.822906412948794
0.7911792519410284 2.822906412948794
0.7911792519410284 2.822906412948794
0.7911792519410284 2.822906412948794
0.7911792519410284 2.822906412948794
0.7911792519410284 2.822906412948794
0.7911792519410284 2.822906412948794
0.7911792519410284 2.822906412948794
0.7911792519410284 2.822906412948794
0.7911792519410284 2.822906412948794
0.7911792519410284 2.822906412948794
0.7911792519410284 2.822906412948794
0.7911792519410284 2.822906412948794
0.6445922358532846 3.03498634283597
0.6445922358532846 3.03498634283597
0.6445922358532846 3.03498634283597
0.6445922358532846 3.03498634283597
0.6445922358532846 3.03498634283597
0.6445922358532846 3.03498634283597
0.6445922358532846 3.03498634283597
0.6445922358532846 3.03498634283597
0.6445922358532846 3.03498634283597
0.6445922358532846 3.03498634283597
0.6445922358532846 3.03498634283597
0.6445922358532846 3.03498634283597
0.6445922358532846 3.03498634283597
0.6445922358532846 3.03498634283597
0.6445922358532846 3.03498634283597
0.6445922358532846 3.03498634283597
0.6445922358532846 3.03498634283597
0.47079729081683275 3.0858957666257294
0.5512769622320233 2.973505256623807
0.5512769622320233 2.973505256623807
0.5512769622320233 2.973505256623807
0.5512769622320233 2.973505256623807
0.5512769622320233 2.973505256623807
0.5512769622320233 2.973505256623807
0.5512769622320233 2.973505256623807
0.5512769622320233 2.973505256623807
0.5512769622320233 2.973505256623807
0.5512769622320233 2.973505256623807
0.5512769622320233 2.973505256623807
0.5512769622320233 2.973505256623807
0.5512769622320233 2.973505256623807
0.5512769622320233 2.973505256623807
0.5512769622320233 2.973505256623807
0.5512769622320233 2.973505256623807
0.5512769622320233 2.973505256623807
0.5512769622320233 2.973505256623807
0.5512769622320233 2.973505256623807
0.5512769622320233 2.973505256623807
0.5512769622320233 2.973505256623807
0.45796168861076203 2.877274332659583
0.45796168861076203 2.916693065169637
0.45796168861076203 2.877274332659583
0.45796168861076203 2.877274332659583
0.45796168861076203 2.877274332659583
0.45796168861076203 2.877274332659583
0.45796168861076203 2.877274332659583
0.45796168861076203 2.877274332659583
0.45796168861076203 2.877274332659583
0.45796168861076203 2.877274332659583
0.45796168861076203 2.877274332659583
0.45796168861076203 2.877274332659583
0.45796168861076203 2.877274332659583
0.45796168861076203 2.877274332659583
0.45796168861076203 2.877274332659583
0.45796168861076203 2.877274332659583
0.45796168861076203 2.877274332659583
0.45796168861076203 2.877274332659583
0.45796168861076203 2.877274332659583
0.45796168861076203 2.877274332659583
0.45796168861076203 2.877274332659583
0.45796168861076203 2.877274332659583
0.45796168861076203 2.877274332659583
0.45796168861076203 2.877274332659583
0.45796168861076203 2.877274332659583
0.45796168861076203 2.877274332659583
0.45796168861076203 2.877274332659583
0.45796168861076203 2.877274332659583
0.45796168861076203 2.877274332659583
0.45796168861076203 2.877274332659583
0.45796168861076203 2.8604518017220695
0.45796168861076203 2.8784777068507688
0.45796168861076203 2.8784777068507688
0.45796168861076203 2.8784777068507688
0.45796168861076203 2.877274332659583
0.45796168861076203 2.871089121140953
0.45796168861076203 2.8766726604114052
0.45796168861076203 2.8766726604114052
0.45796168861076203 2.8775751724959924
0.45796168861076203 2.8775751724959924
0.45796168861076203 2.8349459462297757
0.45796168861076203 2.8775751724959924
0.45796168861076203 2.8349459462297757
0.45796168861076203 2.8640626715744752
0.45796168861076203 2.8984569746601383
0.45796168861076203 2.8984569746601383
0.45796168861076203 2.8712941344084646
0.45796168861076203 2.855637182227802
0.45796168861076203 2.8935085261019053
0.4481545848486621 2.918940112086142
0.4481545848486621 2.918940112086142
0.4481545848486621 2.918940112086142
0.4481545848486621 2.918940112086142
0.4481545848486621 2.918940112086142
0.4481545848486621 2.918940112086142
0.4481545848486621 2.918940112086142
0.4376746424943714 2.9352834019396474
0.4376746424943714 2.9352834019396474
0.4376746424943714 2.9352834019396474
0.4376746424943714 2.9352834019396474
0.4376746424943714 2.9352834019396474
0.4376746424943714 2.9352834019396474
0.4376746424943714 2.9352834019396474
0.4376746424943714 2.9352834019396474
0.4376746424943714 2.9352834019396474
0.4376746424943714 2.9352834019396474
0.4376746424943714 2.9352834019396474
0.4376746424943714 2.9352834019396474
0.4376746424943714 2.9352834019396474
0.4376746424943714 2.9352834019396474
0.4376746424943714 2.9352834019396474
0.4376746424943714 2.9352834019396474
0.4376746424943714 2.9352834019396474
0.4376746424943714 2.9352834019396474
0.4376746424943714 2.9352834019396474
0.4376746424943714 2.9352834019396474
0.4376746424943714 2.9352834019396474
0.4376746424943714 2.9352834019396474
0.4376746424943714 2.9352834019396474
0.4376746424943714 2.9352834019396474
0.4376746424943714 2.9352834019396474
0.4376746424943714 2.9352834019396474
0.4376746424943714 2.9352834019396474
0.4376746424943714 2.9352834019396474
0.4376746424943714 2.9352834019396474
0.4376746424943714 2.9352834019396474
0.4376746424943714 2.9778525246357264
0.4376746424943714 2.9352834019396474
0.4376746424943714 2.9352834019396474
0.4376746424943714 2.9352834019396474
0.4376746424943714 2.9197911920260635
0.4376746424943714 2.9228263074325787
0.4376746424943714 2.9228263074325787
0.4376746424943714 2.9218959550709616
0.4376746424943714 2.9218959550709616
0.4376746424943714 2.8811926818295897
0.4376746424943714 2.9197911920260635
0.4376746424943714 2.9682525237200674
0.4376746424943714 2.98972315462478
0.4110323789539806 3.1336252255931787
0.4110323789539806 3.1336252255931787
0.4110323789539806 3.1336252255931787
0.4110323789539806 3.1336252255931787
0.4110323789539806 3.1336252255931787
0.4110323789539806 3.1336252255931787
0.4110323789539806 3.1336252255931787
0.4110323789539806 3.1336252255931787
0.4110323789539806 3.1336252255931787
0.4110323789539806 3.1336252255931787
0.4110323789539806 3.1336252255931787
0.4110323789539806 3.1336252255931787
0.4110323789539806 3.1336252255931787
0.4110323789539806 3.1336252255931787
0.4110323789539806 3.1336252255931787
0.4110323789539806 3.1336252255931787
0.4110323789539806 3.1336252255931787
0.4110323789539806 3.1336252255931787
0.4110323789539806 3.1336252255931787
0.34999677774033117 3.3427583557488094
0.34999677774033117 3.3427583557488094
0.34999677774033117 3.3273471941362343
0.34999677774033117 3.3273471941362343
0.34999677774033117 3.2950028588990716
0.34999677774033117 3.2950028588990716
0.34999677774033117 3.3273471941362343
0.34999677774033117 3.3273471941362343
0.34999677774033117 3.3273471941362343
0.34999677774033117 3.3427583557488094
0.34999677774033117 3.3427583557488094
0.34999677774033117 3.3427583557488094
0.34999677774033117 3.3427583557488094
0.34999677774033117 3.3427583557488094
0.34999677774033117 3.3427583557488094
0.34999677774033117 3.3427583557488094
0.34999677774033117 3.3427583557488094
0.34999677774033117 3.3427583557488094
0.34999677774033117 3.3427583557488094
0.34999677774033117 3.3427583557488094
0.34999677774033117 3.3427583557488094
0.34999677774033117 3.3427583557488094
0.34999677774033117 3.3427583557488094
0.41351827746667613 3.4237072151482137
0.41351827746667613 3.4237072151482137
0.41351827746667613 3.4168850367378347
0.41351827746667613 3.4168850367378347
0.41351827746667613 3.4168850367378347
0.41351827746667613 3.416172660957925
0.41351827746667613 3.416172660957925
0.41351827746667613 3.416172660957925
0.41351827746667613 3.370835891300485
0.41351827746667613 3.3365866836533815
0.17997193176407977 3.2638665396110893
0.41351827746667613 3.3365866836533815
0.41351827746667613 3.3365866836533815
0.41351827746667613 3.3365866836533815
0.41351827746667613 3.3365866836533815
0.41351827746667613 3.3365866836533815
0.41351827746667613 3.3365866836533815
0.41351827746667613 3.3365866836533815
0.41351827746667613 3.370835891300485
0.41351827746667613 3.370835891300485
0.39422126305824323 3.377329567603118
0.39422126305824323 3.3660880219032525
0.39422126305824323 3.3660880219032525
0.39422126305824323 3.3660880219032525
0.39422126305824323 3.3660880219032525
0.39422126305824323 3.3660880219032525
0.39422126305824323 3.377329567603118
0.39422126305824323 3.377329567603118
0.39422126305824323 3.377329567603118
0.39422126305824323 3.377329567603118
0.39422126305824323 3.377329567603118
0.39422126305824323 3.377329567603118
0.39422126305824323 3.377329567603118
0.39422126305824323 3.377329567603118
0.39422126305824323 3.377329567603118
0.39422126305824323 3.377329567603118
0.39422126305824323 3.377329567603118
0.39422126305824323 3.377329567603118
0.39422126305824323 3.377329567603118
0.39422126305824323 3.377329567603118
0.39422126305824323 3.377329567603118
0.39422126305824323 3.377329567603118
0.39422126305824323 3.377329567603118
0.39422126305824323 3.377329567603118
0.39422126305824323 3.377329567603118
0.39422126305824323 3.377329567603118
0.39422126305824323 3.377329567603118
0.39422126305824323 3.377329567603118
0.3305262033340032 3.536590663136609
0.3305262033340032 3.536590663136609
0.3305262033340032 3.536590663136609
0.3305262033340032 3.536590663136609
0.3305262033340032 3.536590663136609
0.3305262033340032 3.536590663136609
0.3305262033340032 3.536590663136609
0.3305262033340032 3.536590663136609
0.3305262033340032 3.536590663136609
0.3305262033340032 3.536590663136609
0.3305262033340032 3.521149772640941
0.17485532974437512 3.467243765526648
0.17485532974437512 3.467243765526648
0.17485532974437512 3.467243765526648
0.17485532974437512 3.467243765526648
0.17485532974437512 3.4542977212389387
0.17485532974437512 3.4542977212389387
0.17485532974437512 3.4542977212389387
0.17485532974437512 3.4542977212389387
0.17485532974437512 3.4542977212389387
0.17485532974437512 3.4542977212389387
0.17485532974437512 3.4542977212389387
0.17485532974437512 3.4542977212389387
0.17485532974437512 3.4542977212389387
0.17485532974437512 3.4542977212389387
0.17485532974437512 3.4541146974388726
0.17485532974437512 3.4541146974388726
0.17485532974437512 3.4541146974388726
0.17485532974437512 3.439067167119614
0.17485532974437512 3.439067167119614
0.17485532974437512 3.439067167119614
0.17485532974437512 3.439067167119614
0.17485532974437512 3.439067167119614
0.17485532974437512 3.3848009955691793
0.17485532974437512 3.3838166037977513
0.17485532974437512 3.3838166037977513
0.17485532974437512 3.3744780904818628
0.17485532974437512 3.3744780904818628
0.17485532974437512 3.3744780904818628
0.17485532974437512 3.3744780904818628
0.17485532974437512 3.3744780904818628
0.17485532974437512 3.3744780904818628
0.17485532974437512 3.3468230871138682
0.17485532974437512 3.3468230871138682
0.04209153879257421 3.809316694062256
0.04209153879257421 3.809316694062256
0.04209153879257421 3.809316694062256
0.04209153879257421 3.809316694062256
0.04209153879257421 3.8087013406699635
0.04209153879257421 3.8087013406699635
0.04209153879257421 3.8087013406699635
0.04209153879257421 3.7742102346849253
0.04209153879257421 3.7742102346849253
0.04209153879257421 3.7742102346849253
0.04209153879257421 3.7742102346849253
0.04209153879257421 3.7742102346849253
0.04209153879257421 3.7742102346849253
0.04209153879257421 3.7742102346849253
0.04209153879257421 3.772210793459425
0.04209153879257421 3.772210793459425
0.04209153879257421 3.6477309303823473
0.04209153879257421 3.6477309303823473
0.04209153879257421 3.6477309303823473
0.04209153879257421 3.6477309303823473
0.04209153879257421 3.6477309303823473
0.04209153879257421 3.6477309303823473
0.04209153879257421 3.6477309303823473
0.04209153879257421 3.6477309303823473
0.04209153879257421 3.6477309303823473
0.04209153879257421 3.6477309303823473
0.04209153879257421 3.639231187056216
0.04209153879257421 3.639231187056216
0.04209153879257421 3.639231187056216
0.04209153879257421 3.639231187056216
0.019104548883944805 3.739871661709726
0.019104548883944805 3.739871661709726
0.019104548883944805 3.739871661709726
0.019104548883944805 3.739871661709726
0.019104548883944805 3.739871661709726
0.019104548883944805 3.739871661709726
0.019104548883944805 3.739871661709726
0.019104548883944805 3.739871661709726
0.019104548883944805 3.739871661709726
0.019104548883944805 3.739871661709726
0.019104548883944805 3.7648946756076764
0.0018643064524727498 3.9745927603147724
0.007611053929630102 3.9050198865751304
0.007611053929630102 3.9050198865751304
0.007611053929630102 3.9050198865751304
0.0018643064524727498 3.9745927603147724
