0.24190792496373437 4.500466658595121
0.9752866195643901 2.7422161535958414
0.9752866195643901 2.7422161535958414
0.24190792496373437 4.455474407683401
0.9752866195643901 2.737481023958458
0.9752866195643901 2.737481023958458
0.24190792496373437 4.43992196406028
0.9752866195643901 2.737481023958458
0.9752866195643901 2.737481023958458
0.24190792496373437 4.426788716044304
0.7104743900483278 3.27101812180775
0.7104743900483278 3.27101812180775
0.7104743900483278 3.27101812180775
0.7104743900483278 3.27101812180775
0.7104743900483278 3.2569894609573624
0.7104743900483278 3.2569894609573624
0.7104743900483278 3.2569894609573624
0.8139809963807051 3.2021233373413494
0.8139809963807051 3.2021233373413494
0.8139809963807051 3.2021233373413494
0.8139809963807051 3.2021233373413494
0.8139809963807051 3.189505412727208
0.8139809963807051 3.189505412727208
0.8139809963807051 3.2021233373413494
0.8139809963807051 3.2021233373413494
0.8139809963807051 3.2021233373413494
0.8139809963807051 3.2021233373413494
0.8139809963807051 3.2021233373413494
0.8139809963807051 3.2021233373413494
0.8139809963807051 3.2021233373413494
0.8139809963807051 3.2021233373413494
0.8139809963807051 3.2021233373413494
0.8139809963807051 3.2021233373413494
0.8139809963807051 3.2021233373413494
0.8139809963807051 3.2021233373413494
0.8139809963807051 3.2021233373413494
0.8139809963807051 3.2021233373413494
0.8122193121652121 2.8808498466664836
0.8122193121652121 2.8808498466664836
0.8122193121652121 2.8808498466664836
0.8122193121652121 2.85289813268255
0.8122193121652121 2.85289813268255
0.8122193121652121 2.85289813268255
0.8122193121652121 2.85289813268255
0.8122193121652121 2.85289813268255
0.8122193121652121 2.85289813268255
0.8122193121652121 2.85289813268255
0.9752866195643901 2.6580415936330635
0.9752866195643901 2.6580415936330635
0.9752866195643901 2.6131087003526634
0.9752866195643901 2.6131087003526634
0.9752866195643901 2.6131087003526634
0.9752866195643901 2.6131087003526634
0.9752866195643901 2.6131087003526634
0.9752866195643901 2.6131087003526634
0.9752866195643901 2.6010030211772452
0.9752866195643901 2.6131087003526634
0.9752866195643901 2.6131087003526634
0.9752866195643901 2.6131087003526634
0.9752866195643901 2.611669747046145
0.9752866195643901 2.6010030211772452
0.9752866195643901 2.6010030211772452
0.9752866195643901 2.6010030211772452
0.9752866195643901 2.6010030211772452
0.9752866195643901 2.6010030211772452
0.9752866195643901 2.6131087003526634
0.9752866195643901 2.6131087003526634
0.9752866195643901 2.6010030211772452
0.9752866195643901 2.6010030211772452
0.9752866195643901 2.634927347657045
0.9752866195643901 2.6131087003526634
0.9752866195643901 2.6131087003526634
0.9752866195643901 2.6010030211772452
0.9752866195643901 2.6010030211772452
0.9752866195643901 2.585056652078465
0.9752866195643901 2.5827858321782435
0.9752866195643901 2.6010030211772452
0.9752866195643901 2.6010030211772452
0.9752866195643901 2.6374716961082743
0.9752866195643901 2.6451068899310597
0.9752866195643901 2.611669747046145
0.9752866195643901 2.5959972809278815
0.9752866195643901 2.5959972809278815
0.9752866195643901 2.6010030211772452
0.9752866195643901 2.6369248157663825
0.9752866195643901 2.6369248157663825
0.9752866195643901 2.6229029383667957
0.9752866195643901 2.6229029383667957
0.9752866195643901 2.605897317564638
0.9752866195643901 2.63524423153319
0.9752866195643901 2.63524423153319
0.9752866195643901 2.5959972809278815
0.9752866195643901 2.5959972809278815
0.9752866195643901 2.639375313829219
0.9752866195643901 2.639375313829219
0.5774420604746094 3.0275063268861504
0.5774420604746094 3.0275063268861504
0.5774420604746094 3.0275063268861504
0.5774420604746094 3.0275063268861504
0.6247399279344683 2.931706275257309
0.6247399279344683 2.931706275257309
0.6247399279344683 2.931706275257309
0.6247399279344683 2.931706275257309
0.6247399279344683 2.931706275257309
0.6247399279344683 2.931706275257309
0.6247399279344683 2.931706275257309
0.6247399279344683 2.931706275257309
0.6247399279344683 2.931706275257309
0.6247399279344683 2.931706275257309
0.6247399279344683 2.931706275257309
0.6247399279344683 2.931706275257309
0.5774420604746094 3.0068963085111493
0.5774420604746094 2.997251809815185
0.5774420604746094 2.997251809815185
0.5774420604746094 2.997251809815185
0.5774420604746094 2.997251809815185
0.5774420604746094 2.997251809815185
0.5774420604746094 2.997251809815185
0.5774420604746094 2.997251809815185
0.5774420604746094 3.0068963085111493
0.5774420604746094 3.0068963085111493
0.5774420604746094 3.0068963085111493
0.5774420604746094 3.0068963085111493
0.5250402814193593 3.1207306275335287
0.5250402814193593 3.1207306275335287
0.5250402814193593 3.1207306275335287
0.5250402814193593 3.1207306275335287
0.5250402814193593 3.1207306275335287
0.5250402814193593 3.1207306275335287
0.5250402814193593 3.1207306275335287
0.5250402814193593 3.1207306275335287
0.5250402814193593 3.1207306275335287
0.5250402814193593 3.1207306275335287
0.5250402814193593 3.1207306275335287
0.5250402814193593 3.1207306275335287
0.5250402814193593 3.1207306275335287
0.5250402814193593 3.1207306275335287
0.5250402814193593 3.1207306275335287
0.5774420604746094 3.0261931040318766
0.5774420604746094 3.0261931040318766
0.5774420604746094 3.0068963085111493
0.5774420604746094 2.997251809815185
0.5774420604746094 3.021367933449486
0.5774420604746094 2.997251809815185
0.5774420604746094 2.997251809815185
0.5774420604746094 2.997251809815185
0.5774420604746094 2.9978478707680485
0.5774420604746094 2.9978478707680485
0.5774420604746094 2.9703047967651153
0.5774420604746094 2.9675381308486077
0.5774420604746094 2.9863886454935193
0.5774420604746094 2.9920335124350896
0.5774420604746094 2.9920335124350896
0.5774420604746094 3.0462735921190656
0.5774420604746094 3.0462735921190656
0.5774420604746094 3.0255227620604295
0.5272797276263794 2.8021901098000113
0.5272797276263794 2.8021901098000113
0.5272797276263794 2.8021901098000113
0.5272797276263794 2.802133556133943
0.5272797276263794 2.802133556133943
0.5272797276263794 2.802133556133943
0.5272797276263794 2.7544544177433057
0.5272797276263794 2.7544544177433057
0.5272797276263794 2.8021901098000113
0.5272797276263794 2.8021901098000113
0.5272797276263794 2.8021901098000113
0.5272797276263794 2.8021901098000113
0.5272797276263794 2.8021901098000113
0.5272797276263794 2.8021901098000113
0.5272797276263794 2.8021901098000113
0.5272797276263794 2.8021901098000113
0.5272797276263794 2.8021901098000113
0.5272797276263794 2.8021901098000113
0.5272797276263794 2.8021901098000113
0.5272797276263794 2.8021901098000113
0.5272797276263794 2.8021901098000113
0.5272797276263794 2.8021901098000113
0.5272797276263794 2.8021901098000113
0.5272797276263794 2.8021901098000113
0.5272797276263794 2.8021901098000113
0.5272797276263794 2.8021901098000113
0.5272797276263794 2.8021901098000113
0.5272797276263794 2.8021901098000113
0.5272797276263794 2.8021901098000113
0.5272797276263794 2.7809720129456457
0.5272797276263794 2.823290031601723
0.5272797276263794 2.8128042007721628
0.5272797276263794 2.802133556133943
0.5272797276263794 2.7544544177433057
0.5272797276263794 2.7544544177433057
0.5272797276263794 2.7544544177433057
0.5272797276263794 2.735254103891442
0.5272797276263794 2.806069044375085
0.5272797276263794 2.792514265855341
0.5272797276263794 2.832673606461293
0.5272797276263794 2.829965226878241
0.5272797276263794 2.7708351808182328
0.5272797276263794 2.8021901098000113
0.5272797276263794 2.788920190720467
0.5272797276263794 2.788920190720467
0.5272797276263794 2.8126219711521734
0.5272797276263794 2.8126219711521734
0.5272797276263794 2.799398572695296
0.5272797276263794 2.788311149740306
0.5272797276263794 2.791645114349855
0.5272797276263794 2.7448285027493173
0.5272797276263794 2.8103912457204885
0.5272797276263794 2.8024611090547484
0.5272797276263794 2.8024611090547484
0.5272797276263794 2.80025910077118
0.5272797276263794 2.8112398830850953
0.5272797276263794 2.826354738412623
0.5272797276263794 2.8389338691546993
0.5272797276263794 2.8310950403169404
0.5272797276263794 2.8144257484346493
0.5272797276263794 2.8144257484346493
0.5272797276263794 2.7879403516149703
0.5272797276263794 2.82691958041539
0.5272797276263794 2.82691958041539
0.5272797276263794 2.8777097103848845
0.5272797276263794 2.8777097103848845
0.5272797276263794 2.806480969120181
0.5272797276263794 2.806480969120181
0.5272797276263794 2.797450498550185
0.5272797276263794 2.797450498550185
0.5272797276263794 2.7771128739257622
0.5272797276263794 2.8204454154530216
0.5272797276263794 2.8204454154530216
0.5272797276263794 2.8458818881437358
0.5272797276263794 2.8458818881437358
0.5272797276263794 2.8881686993590274
0.5272797276263794 2.7780133762175336
0.5272797276263794 2.928551764865369
0.5272797276263794 2.821158078626832
0.5272797276263794 2.789200818205381
0.5272797276263794 2.809909143101403
0.5272797276263794 2.870159196881256
0.5272797276263794 2.870159196881256
0.5272797276263794 2.9018377879837924
0.5272797276263794 2.864328458921913
0.46275938532740907 2.938359070079052
0.46275938532740907 2.938359070079052
0.46275938532740907 2.938359070079052
0.46275938532740907 2.938359070079052
0.46275938532740907 2.8667440554730734
0.46275938532740907 2.8667440554730734
0.46275938532740907 2.8667440554730734
0.46275938532740907 2.8667440554730734
0.46275938532740907 2.8667440554730734
0.46275938532740907 2.8667440554730734
0.46275938532740907 2.910594723126535
0.46275938532740907 2.910594723126535
0.46275938532740907 2.910594723126535
0.46275938532740907 2.910594723126535
0.46275938532740907 2.910594723126535
0.46275938532740907 2.910594723126535
0.4510286462112901 2.9275921905760893
0.45689401576934957 2.9190651473022022
0.45689401576934957 2.9190651473022022
0.45689401576934957 2.9190651473022022
0.4510286462112901 2.9275921905760893
0.4510286462112901 2.9275921905760893
0.4510286462112901 2.9275921905760893
0.4510286462112901 2.9275921905760893
0.4510286462112901 2.9275921905760893
0.4510286462112901 2.9275921905760893
0.4510286462112901 2.9275921905760893
0.43856473590041367 2.932290737520829
0.43856473590041367 2.932290737520829
0.43856473590041367 2.932290737520829
0.43856473590041367 2.932290737520829
0.43856473590041367 2.932290737520829
0.43856473590041367 2.932290737520829
0.43856473590041367 2.932290737520829
0.43856473590041367 2.932290737520829
0.43856473590041367 2.932290737520829
0.43856473590041367 2.9395909571539565
0.43856473590041367 2.9395909571539565
0.43856473590041367 2.9473410236941886
0.43856473590041367 2.9473410236941886
0.43856473590041367 2.9473410236941886
0.43856473590041367 2.9473410236941886
0.43856473590041367 2.9473410236941886
0.43856473590041367 2.9473410236941886
0.43856473590041367 2.9473410236941886
0.43856473590041367 2.9473410236941886
0.43856473590041367 2.9473410236941886
0.43856473590041367 2.9473410236941886
0.43856473590041367 2.9473410236941886
0.43856473590041367 2.9473410236941886
0.43856473590041367 2.9473410236941886
0.43856473590041367 2.9473410236941886
0.43856473590041367 2.9473410236941886
0.43856473590041367 2.9395909571539565
0.43856473590041367 2.9395909571539565
0.43856473590041367 2.9593698460882143
0.43856473590041367 2.932290737520829
0.43856473590041367 2.9422029682644824
0.43856473590041367 2.939815140633383
0.43856473590041367 2.939815140633383
0.43856473590041367 2.939815140633383
0.43856473590041367 2.939815140633383
0.43856473590041367 2.9491551025043683
0.43856473590041367 2.9436900007037305
0.43856473590041367 2.921164386897903
0.43856473590041367 2.930981466972238
0.43856473590041367 2.946434016423098
0.43856473590041367 2.945403360185166
0.43856473590041367 2.945403360185166
0.43856473590041367 2.9401876239577835
0.43856473590041367 2.9493909048864344
0.43856473590041367 2.9493909048864344
0.43856473590041367 2.913568276047602
0.43856473590041367 2.913568276047602
0.43856473590041367 2.9613114297840997
0.43856473590041367 2.9613114297840997
0.43856473590041367 2.942361150541739
0.43856473590041367 2.9633389293410155
0.43856473590041367 2.9347379655721326
0.43856473590041367 2.9553203367181746
0.43856473590041367 2.953467096948442
0.43856473590041367 2.9423292837250066
0.43856473590041367 2.9363588471778153
0.43856473590041367 2.9788426568656017
0.43856473590041367 2.9788426568656017
0.43856473590041367 2.9410008243645214
0.43856473590041367 2.9919339336688306
0.43856473590041367 2.9072185148899377
0.43856473590041367 2.9072185148899377
0.43856473590041367 2.9543768810307593
0.43856473590041367 2.9543768810307593
0.43856473590041367 2.96504179004873
0.43856473590041367 2.96504179004873
0.43856473590041367 2.96504179004873
0.43856473590041367 2.949652207884883
0.43856473590041367 2.9484584393201207
0.43856473590041367 2.97113641076564
0.2809963355556597 3.6173257044656713
0.2809963355556597 3.6173257044656713
0.2809963355556597 3.6173257044656713
0.2809963355556597 3.6161367673963967
0.2809963355556597 3.6088746395111952
0.2809963355556597 3.6088746395111952
0.2809963355556597 3.6070077424344067
0.2809963355556597 3.6070077424344067
0.2809963355556597 3.6070077424344067
0.2809963355556597 3.6070077424344067
0.2809963355556597 3.6070077424344067
0.2809963355556597 3.600779533942061
0.2809963355556597 3.599721232310279
0.2809963355556597 3.599721232310279
0.2809963355556597 3.599721232310279
0.2809963355556597 3.599721232310279
0.2809963355556597 3.599721232310279
0.2809963355556597 3.599721232310279
0.2809963355556597 3.5954641785181582
0.2809963355556597 3.5954641785181582
0.2809963355556597 3.583385764629582
0.2809963355556597 3.583385764629582
0.2809963355556597 3.583385764629582
0.2809963355556597 3.583385764629582
0.2809963355556597 3.599721232310279
0.22998341456981475 3.6098723724764796
0.22998341456981475 3.59568595621735
0.22998341456981475 3.59568595621735
0.22998341456981475 3.59568595621735
0.22998341456981475 3.59568595621735
0.22998341456981475 3.6141726330927337
0.22998341456981475 3.6141726330927337
0.22998341456981475 3.6141726330927337
0.22998341456981475 3.6141726330927337
0.22998341456981475 3.6141726330927337
0.22998341456981475 3.6141726330927337
0.22998341456981475 3.6141726330927337
0.22998341456981475 3.6141726330927337
0.09155251757692212 3.680295891838313
0.09155251757692212 3.680295891838313
0.09155251757692212 3.680295891838313
0.09068615801606691 3.8312777273992373
0.09068615801606691 3.87887197603703
0.09068615801606691 3.87887197603703
0.07965285458414573 3.569265179308708
0.09068615801606691 3.87887197603703
0.09068615801606691 3.87887197603703
0.08542043328229422 4.1613596173700635
0.08542043328229422 4.1613596173700635
0.1771556750061566 4.226429658094031
0.1771556750061566 4.226429658094031
0.1771556750061566 4.226429658094031
0.1771556750061566 4.226429658094031
0.1771556750061566 4.226429658094031
0.05988838817503105 4.403381921814837
0.05988838817503105 4.403381921814837
0.05988838817503105 4.403381921814837
0.04799825797058464 4.5348425915155595
0.04799825797058464 4.5348425915155595
0.14388972716388707 4.549077151261191
0.14388972716388707 4.549077151261191
0.14388972716388707 4.549077151261191
0.11146217838026422 4.650470675462227
0.12583505499387115 4.6311179097424935
0.12583505499387115 4.6311179097424935
0.12583505499387115 4.6311179097424935
0.11146217838026422 4.650470675462227
0.11146217838026422 4.650470675462227
