0.3371552685903053 4.117026723956054
0.8197501850357927 3.1089251193805842
0.8641384818312781 3.0229120999397505
0.3371552685903053 4.062480489661541
0.8197501850357927 3.1089251193805842
0.8641384818312781 3.022037033124881
0.8641384818312781 3.005009386685224
0.8641384818312781 3.005009386685224
0.8641384818312781 2.9978063313029586
0.8641384818312781 2.9978063313029586
0.8641384818312781 2.9978063313029586
0.8641384818312781 2.9978063313029586
0.3604537188867909 4.007552843693948
0.3604537188867909 4.007552843693948
0.3604537188867909 4.007552843693948
0.3604537188867909 4.007552843693948
0.3604537188867909 4.008496148932696
0.3604537188867909 4.008496148932696
0.3604537188867909 3.9997666659030267
0.3604537188867909 3.9997666659030267
0.3604537188867909 3.9997666659030267
0.3604537188867909 3.9890511381802773
0.3604537188867909 3.9890511381802773
0.27090372906338467 3.607223654788962
0.27090372906338467 3.607223654788962
0.27090372906338467 3.607223654788962
0.27090372906338467 3.5841954417930584
0.27090372906338467 3.571636418056649
0.27090372906338467 3.571636418056649
0.27090372906338467 3.571636418056649
0.27090372906338467 3.557846370140071
0.27090372906338467 3.557846370140071
0.27090372906338467 3.549023349174348
0.27090372906338467 3.5344188625839594
0.27090372906338467 3.5344188625839594
0.27090372906338467 3.5344188625839594
0.27090372906338467 3.5344188625839594
0.27090372906338467 3.466404630856021
0.27090372906338467 3.466404630856021
0.27090372906338467 3.4549710308743196
0.27090372906338467 3.448896828364678
0.27090372906338467 3.448896828364678
0.27090372906338467 3.448896828364678
0.27090372906338467 3.448896828364678
0.27090372906338467 3.448896828364678
0.27090372906338467 3.448896828364678
0.27090372906338467 3.439742558050109
0.27090372906338467 3.439742558050109
0.27090372906338467 3.4390145326734065
0.28301051389561394 3.383930072076307
0.28301051389561394 3.383930072076307
0.28301051389561394 3.383930072076307
0.28301051389561394 3.383930072076307
0.28301051389561394 3.378141155549619
0.28301051389561394 3.3615067520146336
0.28301051389561394 3.3615067520146336
0.28301051389561394 3.3581692964114693
0.28301051389561394 3.3581692964114693
0.28301051389561394 3.3581692964114693
0.28301051389561394 3.3581692964114693
0.28301051389561394 3.3581692964114693
0.28301051389561394 3.3581692964114693
0.28301051389561394 3.3581692964114693
0.28301051389561394 3.3581692964114693
0.28301051389561394 3.3581692964114693
0.9038550254132365 2.736255982956585
0.9038550254132365 2.736255982956585
0.9038550254132365 2.736255982956585
0.9038550254132365 2.736255982956585
0.9038550254132365 2.736255982956585
0.9038550254132365 2.736255982956585
0.9038550254132365 2.736255982956585
0.9038550254132365 2.736255982956585
0.9038550254132365 2.736255982956585
0.9038550254132365 2.736255982956585
0.9038550254132365 2.736255982956585
0.9038550254132365 2.736255982956585
0.8836127034833414 2.7633306906977215
0.8836127034833414 2.7633306906977215
0.8836127034833414 2.7633306906977215
0.8836127034833414 2.7633306906977215
0.8836127034833414 2.7633306906977215
0.8836127034833414 2.7633306906977215
0.8836127034833414 2.7633306906977215
0.8836127034833414 2.7633306906977215
0.8836127034833414 2.7633306906977215
0.8836127034833414 2.7633306906977215
0.8798172681214862 2.7693300419903983
0.8798172681214862 2.7693300419903983
0.49902690844905356 3.0543097990528727
0.7595582223360495 2.661345981232815
0.7595582223360495 2.661345981232815
0.49902690844905356 3.0543097990528727
0.49902690844905356 3.0543097990528727
0.49902690844905356 3.0543097990528727
0.49902690844905356 3.0691144637074
0.49902690844905356 3.0517664936817073
0.7595582223360495 2.661345981232815
0.7595582223360495 2.661345981232815
0.7595582223360495 2.661345981232815
0.7595582223360495 2.661345981232815
0.7595582223360495 2.661345981232815
0.7595582223360495 2.661345981232815
0.7595582223360495 2.661345981232815
0.7595582223360495 2.661345981232815
0.7595582223360495 2.661345981232815
0.7595582223360495 2.661345981232815
0.7595582223360495 2.661345981232815
0.7595582223360495 2.661345981232815
0.7595582223360495 2.661345981232815
0.7595582223360495 2.661345981232815
0.7595582223360495 2.661345981232815
0.7595582223360495 2.661345981232815
0.7595582223360495 2.661345981232815
0.7595582223360495 2.661345981232815
0.7595582223360495 2.6506008792732256
0.7595582223360495 2.661345981232815
0.7595582223360495 2.661345981232815
0.7595582223360495 2.661345981232815
0.7595582223360495 2.661345981232815
0.7595582223360495 2.6688785431448494
0.7595582223360495 2.6688785431448494
0.7595582223360495 2.6688785431448494
0.7595582223360495 2.670728441414759
0.7595582223360495 2.6402481122206525
0.6099739248168893 2.679585092266174
0.6099739248168893 2.679585092266174
0.6099739248168893 2.679585092266174
0.6099739248168893 2.679585092266174
0.6099739248168893 2.679585092266174
0.6099739248168893 2.679585092266174
0.6099739248168893 2.679585092266174
0.6406557628556313 2.708591745164414
0.6406557628556313 2.708591745164414
0.6406557628556313 2.708591745164414
0.6406557628556313 2.708591745164414
0.6406557628556313 2.708591745164414
0.6406557628556313 2.708591745164414
0.6406557628556313 2.708591745164414
0.6406557628556313 2.708591745164414
0.6406557628556313 2.708591745164414
0.6406557628556313 2.708591745164414
0.6406557628556313 2.708591745164414
0.6406557628556313 2.708591745164414
0.6406557628556313 2.708591745164414
0.6406557628556313 2.708591745164414
0.5281596487012339 2.996578374177827
0.5281596487012339 2.996578374177827
0.5281596487012339 2.996578374177827
0.48682835016989434 3.0131398025406524
0.48682835016989434 3.0131398025406524
0.48682835016989434 3.0131398025406524
0.48682835016989434 2.9980774030115462
0.48682835016989434 2.9980774030115462
0.48799019307223035 2.6963937168421213
0.48799019307223035 2.6963937168421213
0.48799019307223035 2.6963937168421213
0.48799019307223035 2.6963937168421213
0.48799019307223035 2.6963937168421213
0.48799019307223035 2.6963937168421213
0.48799019307223035 2.6963937168421213
0.48799019307223035 2.6963937168421213
0.48799019307223035 2.6963937168421213
0.442883689455689 2.779749750454575
0.442883689455689 2.779749750454575
0.442883689455689 2.779749750454575
0.442883689455689 2.779749750454575
0.442883689455689 2.779749750454575
0.442883689455689 2.779749750454575
0.442883689455689 2.779749750454575
0.442883689455689 2.779749750454575
0.442883689455689 2.779749750454575
0.44037988470788153 2.8063623604315637
0.44037988470788153 2.8063623604315637
0.44037988470788153 2.8063623604315637
0.44037988470788153 2.8063623604315637
0.43787607996007405 2.806966923181525
0.43787607996007405 2.81602063691241
0.43787607996007405 2.81602063691241
0.43787607996007405 2.81602063691241
0.43787607996007405 2.81602063691241
0.43787607996007405 2.81602063691241
0.43787607996007405 2.81602063691241
0.43787607996007405 2.8318851364048725
0.43787607996007405 2.8341348695638238
0.43787607996007405 2.8341348695638238
0.44875481596253497 3.066434621957516
0.420062149869631 3.0895750563976554
0.41928041086009304 3.0863581386893872
0.41928041086009304 3.0863581386893872
0.41928041086009304 3.0863581386893872
0.41928041086009304 3.0863581386893872
0.41928041086009304 3.0863581386893872
0.41928041086009304 3.0863581386893872
0.41928041086009304 3.0863581386893872
0.43787607996007405 2.8058928896491047
0.43787607996007405 2.607425527743045
0.4976046380327244 2.8654731584489825
0.4976046380327244 2.8654731584489825
0.4976046380327244 2.8654731584489825
0.4976046380327244 2.8654731584489825
0.4976046380327244 2.8654731584489825
0.4976046380327244 2.8654731584489825
0.4976046380327244 2.8654731584489825
0.4976046380327244 2.8654731584489825
0.4976046380327244 2.8654731584489825
0.4976046380327244 2.8654731584489825
0.4976046380327244 2.8654731584489825
0.4976046380327244 2.8654731584489825
0.4976046380327244 2.8654731584489825
0.4976046380327244 2.8654731584489825
0.38585184603400646 2.8854518566132628
0.38585184603400646 2.8815191637632482
0.38585184603400646 2.8815191637632482
0.38585184603400646 2.8729764769758046
0.38585184603400646 2.856984563396519
0.38585184603400646 2.856984563396519
0.38585184603400646 2.847915407875262
0.38585184603400646 2.847915407875262
0.38585184603400646 2.818968346852587
0.38585184603400646 2.818968346852587
0.38585184603400646 2.818968346852587
0.38585184603400646 2.818968346852587
0.38585184603400646 2.818968346852587
0.38585184603400646 2.818968346852587
0.38585184603400646 2.818968346852587
0.38585184603400646 2.818968346852587
0.38585184603400646 2.847915407875262
0.38585184603400646 2.847915407875262
0.38585184603400646 2.847915407875262
0.38585184603400646 2.847915407875262
0.38585184603400646 2.856984563396519
0.38585184603400646 2.856984563396519
0.38585184603400646 2.856984563396519
0.38585184603400646 2.856984563396519
0.38585184603400646 2.856984563396519
0.38585184603400646 2.8729764769758046
0.38585184603400646 2.8729764769758046
0.38585184603400646 2.8729764769758046
0.38585184603400646 2.8815191637632482
0.38585184603400646 2.8854518566132628
0.38585184603400646 2.8815191637632482
0.38585184603400646 2.8729764769758046
0.38585184603400646 2.8729764769758046
0.38585184603400646 2.856984563396519
0.38585184603400646 2.847915407875262
0.38585184603400646 2.847915407875262
0.38585184603400646 2.861297886578711
0.38585184603400646 2.818968346852587
0.38585184603400646 2.8240076903193794
0.38585184603400646 2.8234992223525053
0.38585184603400646 2.904282875630213
0.38585184603400646 2.8128630513842814
0.38585184603400646 2.818550618323556
0.38585184603400646 2.818550618323556
0.38585184603400646 2.818550618323556
0.38585184603400646 2.851082220386582
0.38585184603400646 2.851082220386582
0.38585184603400646 2.9305908823803417
0.38585184603400646 2.8391255039285634
0.38585184603400646 2.867125281722188
0.38585184603400646 2.813635145152603
0.38585184603400646 2.8456366399353477
0.38585184603400646 2.864058909285834
0.38585184603400646 2.8665161269810326
0.38585184603400646 2.8665161269810326
0.38585184603400646 2.834812954457691
0.38585184603400646 2.834812954457691
0.38585184603400646 2.9581577567184816
0.38585184603400646 2.8042139969480675
0.38585184603400646 2.84358835332554
0.38585184603400646 2.8181730096431763
0.38585184603400646 2.8232924228789433
0.38585184603400646 2.846838462902059
0.38585184603400646 2.846838462902059
0.38585184603400646 2.8752420960475127
0.38585184603400646 2.8752420960475127
0.38585184603400646 2.849211049163223
0.38585184603400646 2.795278514563466
0.38585184603400646 2.8212713798467814
0.38585184603400646 2.8560371817341723
0.3617620344883343 2.9523013628187846
0.3617620344883343 2.9523013628187846
0.3617620344883343 2.9523013628187846
0.3617620344883343 2.9523013628187846
0.3617620344883343 2.9523013628187846
0.3617620344883343 2.9523013628187846
0.3617620344883343 2.9523013628187846
0.3617620344883343 2.9523013628187846
0.3617620344883343 2.9523013628187846
0.3617620344883343 2.9523013628187846
0.3617620344883343 2.9523013628187846
0.33767222294266225 3.0887152342347
0.33767222294266225 3.0887152342347
0.33767222294266225 3.062285804891871
0.33767222294266225 3.062285804891871
0.33767222294266225 3.062285804891871
0.33767222294266225 3.062285804891871
0.33767222294266225 3.062285804891871
0.33767222294266225 3.062285804891871
0.33767222294266225 3.062285804891871
0.33767222294266225 3.062285804891871
0.33767222294266225 3.090595027759516
0.33767222294266225 3.090595027759516
0.33767222294266225 3.090595027759516
0.33767222294266225 3.090595027759516
0.33767222294266225 3.090595027759516
0.33767222294266225 3.110291256610428
0.33767222294266225 3.091556145507858
0.33767222294266225 3.091556145507858
0.33767222294266225 3.1107720210125493
0.33767222294266225 3.1107720210125493
0.33767222294266225 3.1107720210125493
0.33767222294266225 3.1107720210125493
0.33767222294266225 3.091957280777939
0.33767222294266225 3.1107720210125493
0.33767222294266225 3.0887152342347
0.33767222294266225 3.0887152342347
0.33767222294266225 3.0887152342347
0.33767222294266225 3.1008136016531513
0.33767222294266225 3.113333199367315
0.33767222294266225 3.113333199367315
0.21454836152987689 3.0287551966242217
0.21454836152987689 3.0237979371504355
0.21454836152987689 3.0237979371504355
0.21454836152987689 3.0237979371504355
0.21454836152987689 2.9947264065775467
0.21454836152987689 2.9947264065775467
0.21454836152987689 2.9770001630070007
0.21454836152987689 2.973939082088857
0.21454836152987689 2.973939082088857
0.21454836152987689 2.973939082088857
0.21454836152987689 2.973939082088857
0.21454836152987689 2.973939082088857
0.21454836152987689 2.973939082088857
0.21454836152987689 2.973939082088857
0.21454836152987689 2.973939082088857
0.21454836152987689 2.973939082088857
0.21454836152987689 2.973939082088857
0.21454836152987689 2.973939082088857
0.21454836152987689 2.9317834079138714
0.21454836152987689 2.9317834079138714
0.21454836152987689 2.9317834079138714
0.21454836152987689 2.9317834079138714
0.21454836152987689 2.9770001630070007
0.21454836152987689 2.9770001630070007
0.21454836152987689 2.9947264065775467
0.21454836152987689 2.9947264065775467
0.21454836152987689 3.0287551966242217
0.21454836152987689 3.0287551966242217
0.21454836152987689 3.0287551966242217
0.21454836152987689 3.0237979371504355
0.21454836152987689 3.0237979371504355
0.21454836152987689 3.0312412628497967
0.21454836152987689 2.9947264065775467
0.21454836152987689 2.9947264065775467
0.21454836152987689 3.007021956307053
0.21454836152987689 3.007021956307053
0.21454836152987689 2.973939082088857
0.21454836152987689 2.9934319560848106
0.21454836152987689 2.9770001630070007
0.21454836152987689 2.9770001630070007
0.21454836152987689 2.9770001630070007
0.21454836152987689 2.9821538408140085
0.21454836152987689 2.9821538408140085
0.21454836152987689 3.001846215738425
0.2685928272125047 3.589723233727478
0.2685928272125047 3.589723233727478
0.2685928272125047 3.589723233727478
0.1862683827244116 3.3604611821651953
0.1862683827244116 3.3604611821651953
0.1862683827244116 3.3604611821651953
0.1862683827244116 3.3604611821651953
0.1862683827244116 3.3604611821651953
0.1862683827244116 3.3604611821651953
0.1862683827244116 3.3604611821651953
0.09127785964033344 3.2471654761471234
0.09127785964033344 3.2471654761471234
0.09127785964033344 3.2471654761471234
0.09127785964033344 3.2471654761471234
0.09127785964033344 3.2471654761471234
0.09127785964033344 3.2471654761471234
0.09127785964033344 3.247222254066146
0.09127785964033344 3.310093023367676
0.09127785964033344 3.3598623292422607
0.09127785964033344 3.3598623292422607
0.09127785964033344 3.3598623292422607
0.09127785964033344 3.3598623292422607
0.09127785964033344 3.3598623292422607
0.09127785964033344 3.3598623292422607
0.10328210909711719 4.296771338398023
0.10328210909711719 4.296771338398023
0.10328210909711719 4.296771338398023
0.10328210909711719 4.296771338398023
0.10328210909711719 4.296771338398023
0.10328210909711719 4.296771338398023
0.10328210909711719 4.296771338398023
0.10328210909711719 4.296771338398023
0.10328210909711719 4.296771338398023
0.10328210909711719 4.296771338398023
0.10328210909711719 4.296771338398023
0.10328210909711719 4.296771338398023
0.09806891905315113 4.324743781973212
0.09285572900918507 4.340947814609473
0.08242934892125295 4.374396833549676
0.08242934892125295 4.374396833549676
