0.03183411638600453 4.545010386584496
0.5806639604511971 3.6212069427713236
0.5806639604511971 3.620940875200951
0.03183411638600453 4.545010386584496
0.5806639604511971 3.620940875200951
0.5806639604511971 3.620940875200951
0.03183411638600453 4.513722639845068
0.5806639604511971 3.5973149069600767
0.5082080495089445 3.550313434306211
0.03183411638600453 4.513722639845068
0.5082080495089445 3.550313434306211
0.5082080495089445 3.550313434306211
0.03183411638600453 4.513722639845068
0.03183411638600453 4.497808458993063
0.03183411638600453 4.497808458993063
0.03183411638600453 4.497808458993063
0.03183411638600453 4.497808458993063
0.03183411638600453 4.497808458993063
0.03183411638600453 4.487331066754283
0.03183411638600453 4.487331066754283
0.03183411638600453 4.487331066754283
0.03183411638600453 4.487331066754283
0.03183411638600453 4.487331066754283
0.03183411638600453 4.487331066754283
0.03183411638600453 4.487331066754283
0.03183411638600453 4.487331066754283
0.03183411638600453 4.487331066754283
0.03183411638600453 4.487331066754283
0.03183411638600453 4.487331066754283
0.03183411638600453 4.487331066754283
0.03183411638600453 4.423782517695996
0.03183411638600453 4.423782517695996
0.03183411638600453 4.423782517695996
0.03183411638600453 4.4220974947042295
0.03183411638600453 4.4220974947042295
0.03183411638600453 4.417648419525057
0.03183411638600453 4.417648419525057
0.1385758491957958 4.017531544898395
0.1385758491957958 4.017531544898395
0.1385758491957958 3.970016282364691
0.1385758491957958 3.970016282364691
0.1385758491957958 3.970016282364691
0.1385758491957958 3.970016282364691
0.1385758491957958 3.970016282364691
0.1385758491957958 3.970016282364691
0.1385758491957958 3.970016282364691
0.1385758491957958 3.970016282364691
0.1385758491957958 3.970016282364691
0.1385758491957958 3.970016282364691
0.1385758491957958 3.9640012344162967
0.1385758491957958 3.9640012344162967
0.1385758491957958 3.9640012344162967
0.1385758491957958 3.9640012344162967
0.1385758491957958 3.9640012344162967
0.1385758491957958 3.9640012344162967
0.1385758491957958 3.9640012344162967
0.1385758491957958 3.938143870910791
0.1385758491957958 3.938143870910791
0.1385758491957958 3.95122821853856
0.1385758491957958 3.95122821853856
0.1385758491957958 3.95122821853856
0.16983956156833135 3.887979944795393
0.16983956156833135 3.887979944795393
0.16983956156833135 3.887979944795393
0.16983956156833135 3.887979944795393
0.16983956156833135 3.887979944795393
0.16983956156833135 3.8540402001617218
0.16983956156833135 3.8540402001617218
0.16983956156833135 3.8540402001617218
0.16983956156833135 3.8540402001617218
0.16983956156833135 3.8540402001617218
0.16983956156833135 3.8540402001617218
0.16983956156833135 3.8540402001617218
0.16983956156833135 3.8540402001617218
0.16983956156833135 3.887979944795393
0.16983956156833135 3.887979944795393
0.16983956156833135 3.887979944795393
0.16983956156833135 3.887979944795393
0.16983956156833135 3.887979944795393
0.16983956156833135 3.887979944795393
0.16983956156833135 3.8686517643094755
0.16983956156833135 3.8686517643094755
0.16983956156833135 3.8686517643094755
0.16983956156833135 3.8686517643094755
0.16983956156833135 3.8686517643094755
0.16983956156833135 3.8686517643094755
0.16983956156833135 3.8686517643094755
0.16983956156833135 3.8686517643094755
0.16983956156833135 3.8686517643094755
0.16983956156833135 3.842554340139636
0.16983956156833135 3.842554340139636
0.16983956156833135 3.8781811003237827
0.7924460251676776 2.7540088983453965
0.7924460251676776 2.7540088983453965
0.7924460251676776 2.7540088983453965
0.7924460251676776 2.7540088983453965
0.7924460251676776 2.7540088983453965
0.7924460251676776 2.7540088983453965
0.7924460251676776 2.7540088983453965
0.7924460251676776 2.7540088983453965
0.7924460251676776 2.7540088983453965
0.7924460251676776 2.7540088983453965
0.7924460251676776 2.7540088983453965
0.7924460251676776 2.7540088983453965
0.7924460251676776 2.7540088983453965
0.7924460251676776 2.7540088983453965
0.7924460251676776 2.7540088983453965
0.7924460251676776 2.7540088983453965
0.7924460251676776 2.7540088983453965
0.7924460251676776 2.7540088983453965
0.7924460251676776 2.7540088983453965
0.7924460251676776 2.7540088983453965
0.7924460251676776 2.7540088983453965
0.7924460251676776 2.7540088983453965
0.7924460251676776 2.7540088983453965
0.7924460251676776 2.7540088983453965
0.7924460251676776 2.7540088983453965
0.7924460251676776 2.7540088983453965
0.7924460251676776 2.7519901276645506
0.7924460251676776 2.7555191198815496
0.7924460251676776 2.754163102481206
0.7924460251676776 2.7540088983453965
0.7924460251676776 2.725481029009557
0.7924460251676776 2.7675092542911877
0.7924460251676776 2.7744758816839257
0.7924460251676776 2.7730956847388253
0.7924460251676776 2.7730956847388253
0.7924460251676776 2.753483412279356
0.7924460251676776 2.753483412279356
0.7924460251676776 2.7394875584693517
0.7924460251676776 2.76506143424869
0.7924460251676776 2.754763999181944
0.7924460251676776 2.7394875584693517
0.7924460251676776 2.759086807870363
0.7924460251676776 2.759086807870363
0.7924460251676776 2.759086807870363
0.7924460251676776 2.732837474306838
0.7924460251676776 2.7365218760123775
0.7924460251676776 2.76317304350045
0.7924460251676776 2.722174198667973
0.7924460251676776 2.7419173547724673
0.7924460251676776 2.7507274246342726
0.7924460251676776 2.7488155516612713
0.7924460251676776 2.7372671220382
0.7924460251676776 2.775627069703562
0.7924460251676776 2.775627069703562
0.7924460251676776 2.743058017343588
0.7924460251676776 2.743058017343588
0.7924460251676776 2.739585953160493
0.6975055401426036 2.872763080773098
0.6975055401426036 2.872763080773098
0.6975055401426036 2.872763080773098
0.6975055401426036 2.872763080773098
0.6975055401426036 2.872763080773098
0.6975055401426036 2.872763080773098
0.6975055401426036 2.872763080773098
0.6975055401426036 2.872763080773098
0.6975055401426036 2.872763080773098
0.6975055401426036 2.872763080773098
0.660889029620904 2.9331060640637583
0.660889029620904 2.9331060640637583
0.660889029620904 2.9331060640637583
0.660889029620904 2.9331060640637583
0.660889029620904 2.9331060640637583
0.660889029620904 2.9331060640637583
0.660889029620904 2.9331060640637583
0.660889029620904 2.9331060640637583
0.660889029620904 2.9331060640637583
0.660889029620904 2.9331060640637583
0.660889029620904 2.9331060640637583
0.660889029620904 2.9331060640637583
0.660889029620904 2.9331060640637583
0.660889029620904 2.9331060640637583
0.660889029620904 2.9331060640637583
0.660889029620904 2.9331060640637583
0.660889029620904 2.9331060640637583
0.660889029620904 2.9331060640637583
0.660889029620904 2.9331060640637583
0.660889029620904 2.9331060640637583
0.660889029620904 2.9331060640637583
0.660889029620904 2.9331060640637583
0.660889029620904 2.9331060640637583
0.660889029620904 2.9331060640637583
0.660889029620904 2.9331060640637583
0.6346965847663895 2.782507177423063
0.6346965847663895 2.782507177423063
0.6346965847663895 2.782507177423063
0.5899474115557681 2.8429443597773036
0.5899474115557681 2.8429443597773036
0.5899474115557681 2.8429443597773036
0.5899474115557681 2.8429443597773036
0.5899474115557681 2.8429443597773036
0.5899474115557681 2.8429443597773036
0.5899474115557681 2.8429443597773036
0.5899474115557681 2.8429443597773036
0.5899474115557681 2.8429443597773036
0.5899474115557681 2.8429443597773036
0.5899474115557681 2.8429443597773036
0.5899474115557681 2.8429443597773036
0.5899474115557681 2.8429443597773036
0.5899474115557681 2.8429443597773036
0.5899474115557681 2.8429443597773036
0.5899474115557681 2.8429443597773036
0.5899474115557681 2.8429443597773036
0.5899474115557681 2.8429443597773036
0.5899474115557681 2.8429443597773036
0.5899474115557681 2.8429443597773036
0.5899474115557681 2.8429443597773036
0.5899474115557681 2.8429443597773036
0.5899474115557681 2.8429443597773036
0.5899474115557681 2.8429443597773036
0.5899474115557681 2.8429443597773036
0.5899474115557681 2.8429443597773036
0.5899474115557681 2.8429443597773036
0.5899474115557681 2.8429443597773036
0.5899474115557681 2.8429443597773036
0.5899474115557681 2.8429443597773036
0.5899474115557681 2.8432643153163504
0.5899474115557681 2.8437355063959036
0.5899474115557681 2.8437355063959036
0.5899474115557681 2.848824294729979
0.5899474115557681 2.848824294729979
0.5899474115557681 2.8425487935991196
0.5899474115557681 2.8339547351854932
0.5899474115557681 2.842746576093872
0.5899474115557681 2.8439821454123666
0.5899474115557681 2.857561622750093
0.5899474115557681 2.857561622750093
0.5899474115557681 2.857561622750093
0.5899474115557681 2.857561622750093
0.5899474115557681 2.8340306798447434
0.5899474115557681 2.865297015474093
0.5899474115557681 2.837478590864174
0.5899474115557681 2.846983656082441
0.5899474115557681 2.838769151699128
0.5899474115557681 2.826094359275503
0.5899474115557681 2.820424950405377
0.5899474115557681 2.820424950405377
0.5899474115557681 2.820424950405377
0.5899474115557681 2.8620593449802674
0.5899474115557681 2.815676133288085
0.5899474115557681 2.8467460139791525
0.5899474115557681 2.8467460139791525
0.5899474115557681 2.847376172331625
0.5899474115557681 2.8396117957024125
0.5899474115557681 2.8452694364475613
0.5899474115557681 2.8452694364475613
0.5899474115557681 2.845022095560977
0.5356668428524145 3.022475161785511
0.5356668428524145 3.022475161785511
0.5356668428524145 3.022475161785511
0.5356668428524145 3.022475161785511
0.5356668428524145 3.022475161785511
0.5356668428524145 3.022475161785511
0.5356668428524145 3.003306625546942
0.5356668428524145 3.003306625546942
0.5356668428524145 2.9804806441784937
0.5356668428524145 2.9804806441784937
0.5356668428524145 2.9804806441784937
0.5356668428524145 2.9804806441784937
0.5356668428524145 2.9804806441784937
0.5356668428524145 2.9804806441784937
0.5356668428524145 2.9804806441784937
0.5356668428524145 2.9804806441784937
0.5356668428524145 2.9804806441784937
0.5356668428524145 2.9804806441784937
0.5356668428524145 2.9804806441784937
0.5356668428524145 2.9804806441784937
0.5356668428524145 3.003306625546942
0.5356668428524145 3.003306625546942
0.5356668428524145 3.003306625546942
0.5356668428524145 3.003306625546942
0.5356668428524145 3.003306625546942
0.5356668428524145 3.003306625546942
0.5356668428524145 3.003306625546942
0.5356668428524145 3.022475161785511
0.5356668428524145 3.022475161785511
0.5356668428524145 3.022475161785511
0.5356668428524145 3.022475161785511
0.5356668428524145 3.022475161785511
0.5356668428524145 3.022475161785511
0.5356668428524145 3.025487455386865
0.5356668428524145 3.003306625546942
0.5124748721249023 3.031381989675869
0.5124748721249023 3.031381989675869
0.5124748721249023 3.0131178717980434
0.5124748721249023 3.0131178717980434
0.5124748721249023 3.0131178717980434
0.5124748721249023 3.0131178717980434
0.5124748721249023 3.0131178717980434
0.5124748721249023 3.0131178717980434
0.5124748721249023 3.0131178717980434
0.5124748721249023 3.0131178717980434
0.5124748721249023 3.0131178717980434
0.5124748721249023 3.0131178717980434
0.5124748721249023 3.031381989675869
0.5124748721249023 3.031381989675869
0.5124748721249023 3.031381989675869
0.5124748721249023 3.031381989675869
0.5124748721249023 3.031381989675869
0.5124748721249023 3.031381989675869
0.5124748721249023 3.031381989675869
0.5124748721249023 3.031381989675869
0.5124748721249023 3.031381989675869
0.5124748721249023 3.031381989675869
0.5124748721249023 3.031381989675869
0.5124748721249023 3.031381989675869
0.5124748721249023 3.031381989675869
0.5124748721249023 3.031381989675869
0.5124748721249023 3.031381989675869
0.5124748721249023 3.031381989675869
0.5124748721249023 3.031381989675869
0.5124748721249023 3.031381989675869
0.5124748721249023 3.031381989675869
0.5124748721249023 3.0131178717980434
0.5124748721249023 3.0131178717980434
0.5112334823874238 3.0228483394551557
0.5112334823874238 3.0228483394551557
0.5112334823874238 3.0228483394551557
0.3120919770471897 3.3281691254540373
0.3120919770471897 3.3281691254540373
0.3120919770471897 3.3024311399314996
0.3120919770471897 3.3024311399314996
0.3120919770471897 3.3024311399314996
0.3120919770471897 3.291233170464823
0.3120919770471897 3.291233170464823
0.3120919770471897 3.291233170464823
0.3120919770471897 3.291233170464823
0.21810833191724688 3.156290518281074
0.21810833191724688 3.156290518281074
0.21810833191724688 3.151066309660907
0.21810833191724688 3.151066309660907
0.21810833191724688 3.151066309660907
0.21810833191724688 3.1466295121602426
0.21810833191724688 3.1466295121602426
0.21810833191724688 3.1397116874446502
0.21810833191724688 3.1397116874446502
0.21810833191724688 3.1397116874446502
0.21810833191724688 3.1266091341061877
0.21810833191724688 3.1266091341061877
0.21810833191724688 3.1266091341061877
0.21810833191724688 3.1266091341061877
0.21810833191724688 3.1266091341061877
0.21810833191724688 3.1266091341061877
0.21810833191724688 3.1043712707592506
0.21810833191724688 3.1043712707592506
0.21810833191724688 3.1043712707592506
0.21810833191724688 3.1043712707592506
0.21810833191724688 3.1043712707592506
0.21810833191724688 3.095642103832053
0.21810833191724688 3.095642103832053
0.21810833191724688 3.095642103832053
0.21810833191724688 3.095642103832053
0.21810833191724688 3.095642103832053
0.21810833191724688 3.095642103832053
0.21810833191724688 3.095642103832053
0.1629946109054495 3.4557504896328743
0.1629946109054495 3.4557504896328743
0.1629946109054495 3.4557504896328743
0.1629946109054495 3.4557504896328743
0.1629946109054495 3.4557504896328743
0.1629946109054495 3.4557504896328743
0.1629946109054495 3.4557504896328743
0.1354377503995508 3.6647997848269496
0.1354377503995508 3.6647997848269496
0.14921618065250014 3.581138382748337
0.14921618065250014 3.581138382748337
0.14921618065250014 3.581138382748337
0.1354377503995508 3.6647997848269496
0.1354377503995508 3.6647997848269496
0.1354377503995508 3.6647997848269496
0.1354377503995508 3.6647997848269496
0.1354377503995508 3.6647997848269496
0.1354377503995508 3.6647997848269496
0.1354377503995508 3.6647997848269496
0.13117216347957755 3.4289656322354354
0.10419891764992628 3.906424434814531
0.10419891764992628 3.906424434814531
0.10419891764992628 3.906424434814531
0.10419891764992628 3.906424434814531
0.09452781111024094 3.9506915612486297
0.09452781111024094 3.9506915612486297
0.09452781111024094 3.9506915612486297
0.09452781111024094 3.9506915612486297
0.07852386772672308 4.06414817294614
0.07852386772672308 4.06414817294614
0.07852386772672308 4.06414817294614
0.07852386772672308 4.06414817294614
0.07852386772672308 4.06414817294614
0.03277167343756643 3.7589497867892225
0.03277167343756643 3.7589497867892225
0.03277167343756643 3.7589497867892225
0.03277167343756643 3.7589497867892225
0.03277167343756643 3.7589497867892225
0.03277167343756643 3.7589497867892225
0.03277167343756643 3.7589497867892225
0.03277167343756643 3.7589497867892225
0.03277167343756643 3.7589497867892225
0.03277167343756643 3.7589497867892225
0.03277167343756643 3.7589497867892225
0.03277167343756643 3.7589497867892225
0.03277167343756643 3.7589497867892225
0.03277167343756643 3.7589497867892225
0.03277167343756643 3.7589497867892225
0.03277167343756643 3.7589497867892225
0.03277167343756643 3.7589497867892225
