0.6595028519977681 3.043859690536862
0.6595028519977681 3.019561430350045
0.6595028519977681 3.002005699034263
0.6595028519977681 3.002005699034263
0.6595028519977681 3.002005699034263
0.6595028519977681 3.002005699034263
0.6867988864060173 2.95761142993393
0.6867988864060173 2.95761142993393
0.6813396795243675 2.943268067415553
0.6813396795243675 2.923301742496048
0.6813396795243675 2.923301742496048
0.6813396795243675 2.923301742496048
0.6813396795243675 2.923301742496048
0.6813396795243675 2.923301742496048
0.6813396795243675 2.923301742496048
0.6813396795243675 2.923301742496048
0.6813396795243675 2.923301742496048
0.6813396795243675 2.883382007156515
0.6813396795243675 2.8704958628013415
0.6813396795243675 2.852592248583493
0.7960659165539197 2.7940680111646485
0.7960659165539197 2.7940680111646485
0.7960659165539197 2.7940680111646485
0.7960659165539197 2.7940680111646485
0.7960659165539197 2.7940680111646485
0.7960659165539197 2.7940680111646485
0.8573844467647578 2.759661599047717
0.8573844467647578 2.759661599047717
0.9493622420810148 2.664457449939654
0.9493622420810148 2.664457449939654
0.9493622420810148 2.664457449939654
0.9493622420810148 2.6612741630648338
0.9493622420810148 2.6612741630648338
0.9493622420810148 2.6612741630648338
0.9493622420810148 2.6612741630648338
0.9493622420810148 2.6184121798189355
0.9493622420810148 2.6184121798189355
0.9493622420810148 2.614492241618438
0.9493622420810148 2.614492241618438
0.9493622420810148 2.614492241618438
0.9493622420810148 2.614492241618438
0.9493622420810148 2.614492241618438
0.9493622420810148 2.565570257155822
0.9493622420810148 2.565570257155822
0.9493622420810148 2.5493007013262607
0.9493622420810148 2.5493007013262607
0.9493622420810148 2.5493007013262607
0.9493622420810148 2.5335379481359674
0.9493622420810148 2.53067155461621
0.9493622420810148 2.5123562709102316
0.9493622420810148 2.5123562709102316
0.9493622420810148 2.5123562709102316
0.9493622420810148 2.5123562709102316
0.9493622420810148 2.5123562709102316
0.9493622420810148 2.5123562709102316
0.9493622420810148 2.5123562709102316
0.9493622420810148 2.492724429381728
0.9493622420810148 2.492724429381728
0.9493622420810148 2.492724429381728
0.9493622420810148 2.492724429381728
0.9493622420810148 2.492724429381728
0.47539917677412685 2.4542988576735505
0.47539917677412685 2.4542988576735505
0.47539917677412685 2.4542988576735505
0.47539917677412685 2.4542988576735505
0.47539917677412685 2.4295066524870017
0.47539917677412685 2.4295066524870017
0.4621971981502524 2.4253892560945425
0.4621971981502524 2.4093662028270315
0.4621971981502524 2.4093662028270315
0.4621971981502524 2.4093662028270315
0.4621971981502524 2.4082964005110363
0.4621971981502524 2.4082964005110363
0.4621971981502524 2.4082964005110363
0.4621971981502524 2.399123898284498
0.4621971981502524 2.399123898284498
0.4621971981502524 2.399123898284498
0.4833829696942559 2.3753231252269575
0.4833829696942559 2.3753231252269575
0.4833829696942559 2.3753231252269575
0.8803542367775541 2.323528470602927
0.8803542367775541 2.323528470602927
0.8803542367775541 2.323528470602927
0.8803542367775541 2.323528470602927
0.4833829696942559 2.351499689747102
0.4833829696942559 2.351499689747102
0.7090674117758728 2.311744422774384
0.7090674117758728 2.311744422774384
0.7090674117758728 2.311744422774384
0.7090674117758728 2.311744422774384
0.7090674117758728 2.311744422774384
0.7090674117758728 2.311744422774384
0.5023439346430508 2.3342131304889215
0.5023439346430508 2.331686831663401
0.5528944217345839 2.315440756875945
0.5528944217345839 2.315440756875945
0.5528944217345839 2.315440756875945
0.5528944217345839 2.2899670147170896
0.5528944217345839 2.2899670147170896
0.5528944217345839 2.2899670147170896
0.5528944217345839 2.2899670147170896
0.5110172364170953 2.2953784374296573
0.5110172364170953 2.2953784374296573
0.5110172364170953 2.2953784374296573
0.5110172364170953 2.2953784374296573
0.5110172364170953 2.2953784374296573
0.5023439346430508 2.3040445614682743
0.4942666369447872 2.298661111247782
0.4942666369447872 2.298661111247782
0.4934941947906351 2.2960368748567723
0.492721752636483 2.308527164565615
0.492721752636483 2.308527164565615
0.492721752636483 2.308527164565615
0.492721752636483 2.308527164565615
0.492721752636483 2.308527164565615
0.49194931048233087 2.3210272635518248
0.49194931048233087 2.3210272635518248
0.4833829696942559 2.32468931327391
0.4833829696942559 2.3246903726266375
0.4833829696942559 2.3246903726266375
0.4833829696942559 2.327575674339273
0.4833829696942559 2.327575674339273
0.4833829696942559 2.3333472045268078
0.4833829696942559 2.3333472045268078
0.4804242374129606 2.3383258322839455
0.4789448712723129 2.3144653735184195
0.4789448712723129 2.3144653735184195
0.4789448712723129 2.3144653735184195
0.4789448712723129 2.3144653735184195
0.47746550513166525 2.3490993007398453
0.47746550513166525 2.3490993007398453
0.47746550513166525 2.3490993007398453
0.47746550513166525 2.3490993007398453
0.4771745388873676 2.3566662193667183
0.4771745388873676 2.3566662193667183
0.4527250052906927 2.311998436121621
0.4527250052906927 2.311998436121621
0.4394802920909715 2.3466411310756645
0.4394802920909715 2.3466411310756645
0.4394802920909715 2.3466411310756645
0.4394802920909715 2.3466411310756645
0.4394802920909715 2.3466411310756645
0.4394802920909715 2.3466411310756645
0.4394802920909715 2.3466411310756645
0.4357247706012553 2.3661572330182294
0.4357247706012553 2.3661572330182294
0.43384700985639724 2.3529335292413776
0.43384700985639724 2.3529335292413776
0.43384700985639724 2.3529335292413776
0.43384700985639724 2.3529335292413776
0.43384700985639724 2.3529335292413776
0.43384700985639724 2.3529335292413776
0.43384700985639724 2.3529335292413776
0.43103036873911005 2.388546400805397
0.43103036873911005 2.388546400805397
0.43103036873911005 2.388546400805397
0.4291526079942519 2.3952533075074003
0.4291526079942519 2.3952533075074003
0.4291526079942519 2.3952533075074003
0.4291526079942519 2.3952533075074003
0.4291526079942519 2.3952533075074003
0.4291526079942519 2.3952533075074003
0.4291526079942519 2.409630433450727
0.4291526079942519 2.409630433450727
0.4291526079942519 2.409630433450727
0.4291526079942519 2.409630433450727
0.4291526079942519 2.409630433450727
0.4185172934989081 2.384328395137133
0.4185172934989081 2.384328395137133
0.4185172934989081 2.384328395137133
0.4185172934989081 2.384328395137133
0.4185172934989081 2.384328395137133
0.4185172934989081 2.384328395137133
0.416251292811834 2.435825088047497
0.416251292811834 2.435825088047497
0.416251292811834 2.439611855676261
0.416251292811834 2.435825088047497
0.416251292811834 2.435825088047497
0.416251292811834 2.448192499288436
0.416251292811834 2.448192499288436
0.4123547234470194 2.4320551267343804
0.41209217055612674 2.449735582456162
0.41209217055612674 2.449735582456162
0.4063785929543513 2.451504742649187
0.4063785929543513 2.451504742649187
0.4063785929543513 2.451504742649187
0.4063785929543513 2.451504742649187
0.4063785929543513 2.470870460305662
0.3974703847608957 2.476253930639365
0.3974703847608957 2.476253930639365
0.3974703847608957 2.476253930639365
0.3974703847608957 2.476253930639365
0.3974703847608957 2.476253930639365
0.3974703847608957 2.476253930639365
0.39493657157380196 2.487917187615425
0.39493657157380196 2.487917187615425
0.3668743152861794 2.479413239741531
0.3668743152861794 2.479413239741531
0.3668743152861794 2.479413239741531
0.3668743152861794 2.479413239741531
0.3668743152861794 2.479413239741531
0.3668743152861794 2.479413239741531
0.3668743152861794 2.479413239741531
0.3656215537153743 2.492316169510649
0.36311603057376407 2.4949558269005787
0.36311603057376407 2.4949558269005787
0.36311603057376407 2.4949558269005787
0.36311603057376407 2.4949558269005787
0.36311603057376407 2.4949558269005787
0.3606105074321539 2.4903151730091917
0.3606105074321539 2.511690088132083
0.3606105074321539 2.4903151730091917
0.3606105074321539 2.5182633961503553
0.3606105074321539 2.5195389281671225
0.3606105074321539 2.524126963502179
0.3606105074321539 2.524126963502179
0.3606105074321539 2.524126963502179
0.3606105074321539 2.524126963502179
0.3606105074321539 2.524126963502179
0.3606105074321539 2.524126963502179
0.3606105074321539 2.5406427981221285
0.3606105074321539 2.5444231533313793
0.3606105074321539 2.5444231533313793
0.3386301132346874 2.547326515947634
0.3386301132346874 2.547326515947634
0.3386301132346874 2.547326515947634
0.3386301132346874 2.547326515947634
0.3386301132346874 2.547326515947634
0.3386301132346874 2.547326515947634
0.3386301132346874 2.547326515947634
0.3386301132346874 2.547326515947634
0.3386301132346874 2.547326515947634
0.3386301132346874 2.547326515947634
0.3298091438871725 2.5788165668457586
0.3298091438871725 2.5788165668457586
0.3298091438871725 2.5788165668457586
0.3298091438871725 2.5788165668457586
0.3298091438871725 2.5788165668457586
0.3244744900541626 2.575568671376786
0.3244744900541626 2.575568671376786
0.3244744900541626 2.575568671376786
0.31907706340982966 2.5876982671178927
0.31907706340982966 2.5876982671178927
0.31907706340982966 2.5986602176152225
0.31907706340982966 2.5986602176152225
0.31907706340982966 2.5986602176152225
0.31907706340982966 2.5986602176152225
0.3121672051921426 2.6160973979516347
0.3121672051921426 2.6160973979516347
0.3121672051921426 2.6160973979516347
0.3121672051921426 2.6160973979516347
0.3121672051921426 2.6160973979516347
0.3094016486246291 2.633698858663195
0.3080188703408724 2.634421468350597
0.30371364995704286 2.6362669687445273
0.30371364995704286 2.6362669687445273
0.30371364995704286 2.6362669687445273
0.3007117541883578 2.6461263109204003
0.3007117541883578 2.6491338136382008
0.3007117541883578 2.6521574273139086
0.2984384172591057 2.6570286037885
0.29834748875676836 2.658489843406921
0.29834748875676836 2.658489843406921
0.2847874412414941 2.671726599608626
0.2909180459232058 2.6125848908028364
0.2909180459232058 2.6125848908028364
0.2847874412414941 2.671726599608626
0.2847874412414941 2.671726599608626
0.27162416765910624 2.673991747151755
0.27162416765910624 2.673991747151755
0.27162416765910624 2.673991747151755
0.27162416765910624 2.673991747151755
0.27162416765910624 2.673991747151755
0.20343971740399996 2.6752447158298507
0.20343971740399996 2.6752447158298507
0.20343971740399996 2.6531920917141143
0.19154415136571204 2.6484867588848764
0.23647004111412906 2.6449779859033327
0.23647004111412906 2.6449779859033327
0.23647004111412906 2.6449779859033327
0.22285566102709192 2.6405205204281734
0.22285566102709192 2.6405205204281734
0.22285566102709192 2.6405205204281734
0.17492071445031127 2.6246779056965814
0.17492071445031127 2.6246779056965814
0.17492071445031127 2.6244875651515818
0.18796030378512452 2.619843697058532
0.17492071445031127 2.6137878777903008
0.17492071445031127 2.6137878777903008
0.17492071445031127 2.6137878777903008
0.17492071445031127 2.6137878777903008
0.17492071445031127 2.6137878777903008
0.16518945377337954 2.6024360591298477
0.16518945377337954 2.6024360591298477
0.16518945377337954 2.6024360591298477
0.16518945377337954 2.6024360591298477
0.16518945377337954 2.6024360591298477
0.16518945377337954 2.6024360591298477
0.16518945377337954 2.6024360591298477
0.16518945377337954 2.6024360591298477
0.16518945377337954 2.6024360591298477
0.16518945377337954 2.6024360591298477
0.16518945377337954 2.6024360591298477
0.16518945377337954 2.6024360591298477
0.16518945377337954 2.6024360591298477
0.15789100826568075 2.6183905330386197
0.15789100826568075 2.6183905330386197
0.15789100826568075 2.6183905330386197
0.15789100826568075 2.6183905330386197
0.15667460068106429 2.6245216152171844
0.15667460068106429 2.6245216152171844
0.1515299024344626 2.634580240872349
0.1515299024344626 2.634580240872349
0.1515299024344626 2.634580240872349
0.1515299024344626 2.634580240872349
0.1515299024344626 2.634580240872349
0.14555099068637117 2.622839390290684
0.14555099068637117 2.622839390290684
0.14429812445013201 2.6423284673236784
0.14429812445013201 2.6423284673236784
0.14429812445013201 2.6423284673236784
0.14429812445013201 2.6423284673236784
0.14429812445013201 2.6423284673236784
0.139336198035155 2.680339575147626
0.139336198035155 2.680339575147626
0.139336198035155 2.680339575147626
0.139336198035155 2.680339575147626
0.12956448661755474 2.690311093004886
0.12956448661755474 2.690311093004886
0.12956448661755474 2.690311093004886
0.12956448661755474 2.690311093004886
0.12956448661755474 2.690311093004886
0.12956448661755474 2.690311093004886
0.12956448661755474 2.690311093004886
0.1192137915393277 2.7172843478877415
0.1192137915393277 2.7172843478877415
0.1192137915393277 2.7172843478877415
0.1192137915393277 2.7172843478877415
0.1192137915393277 2.7172843478877415
0.1192137915393277 2.7184961565508314
0.1192137915393277 2.7184961565508314
0.11845230997127904 2.7433061153402027
0.11845230997127904 2.7433061153402027
0.11471290833341512 2.7535451975873193
0.11471290833341512 2.7535451975873193
0.11220820362748843 2.757822295908986
0.11134976149747805 2.758556079943393
0.10987829458063794 2.774088132644882
0.10987829458063794 2.774088132644882
0.10537638663538262 2.7799030086040126
0.10537638663538262 2.7799030086040126
0.10537638663538262 2.781181236518907
0.10537638663538262 2.781181236518907
0.10087447869012729 2.810709303214805
0.10087447869012729 2.810709303214805
0.10087447869012729 2.810709303214805
0.10087447869012729 2.810709303214805
0.09187066279961664 2.8397020727257547
0.07705101751784199 2.823919575678898
0.07705101751784199 2.823919575678898
0.07705101751784199 2.823919575678898
0.07705101751784199 2.823919575678898
0.07705101751784199 2.823919575678898
0.07705101751784199 2.823919575678898
0.07705101751784199 2.823919575678898
0.07705101751784199 2.823919575678898
0.07705101751784199 2.823919575678898
0.07705101751784199 2.823919575678898
0.07705101751784199 2.823919575678898
0.07705101751784199 2.823919575678898
0.07705101751784199 2.823919575678898
0.07705101751784199 2.823919575678898
0.07705101751784199 2.823919575678898
0.0578086582663116 2.9746949263791524
0.0578086582663116 2.9746949263791524
0.06479607474953016 2.9019387736768163
0.04065018071394547 2.909740076455011
0.04065018071394547 2.909740076455011
0.04065018071394547 2.909740076455011
0.04065018071394547 2.909740076455011
0.04065018071394547 2.909740076455011
0.04065018071394547 2.909740076455011
0.04065018071394547 2.909740076455011
0.04065018071394547 2.909740076455011
0.04065018071394547 2.909740076455011
0.04065018071394547 2.909740076455011
0.04065018071394547 2.909740076455011
0.04065018071394547 2.9228509306064963
0.04065018071394547 2.9228509306064963
0.03821489014221979 2.97904521067607
0.03821489014221979 3.022952065241105
0.033440445559703276 3.058088636516283
0.033440445559703276 3.058088636516283
0.02841800608017389 3.0931857331285526
0.02841800608017389 3.0931857331285526
0.02841800608017389 3.0931857331285526
0.027324358242817485 3.1572932116811754
0.027324358242817485 3.1572932116811754
0.027324358242817485 3.1572932116811754
0.02313327438269109 3.533968108873678
0.02313327438269109 3.533968108873678
0.021208270925931694 3.6262235503899074
0.01625462590649713 4.05863185882435
0.016175932716098795 4.137853839979818
0.007381509295626212 4.226119325389767
0.006538837837185804 4.417993316616803
0.05799529370221712 6.318293825712766
