0.2218373586921203 4.735437534571244
0.5740379857618179 3.4049366230162272
0.5740379857618179 3.4049366230162272
0.2218373586921203 4.7219287121997935
0.5740379857618179 3.3834623573709113
0.5740379857618179 3.3834623573709113
0.2218373586921203 4.7219287121997935
0.5740379857618179 3.3505513837678516
0.5740379857618179 3.3505513837678516
0.5740379857618179 3.3505513837678516
0.5740379857618179 3.3505513837678516
0.5740379857618179 3.3505513837678516
0.5740379857618179 3.3244295604435217
0.5740379857618179 3.3244295604435217
0.5740379857618179 3.3244295604435217
0.5740379857618179 3.3244295604435217
0.5740379857618179 3.3244295604435217
0.5740379857618179 3.3244295604435217
0.5740379857618179 3.3244295604435217
0.5740379857618179 3.3244295604435217
0.5740379857618179 3.3244295604435217
0.5740379857618179 3.3244295604435217
0.5740379857618179 3.3244295604435217
0.5740379857618179 3.3196904427553964
0.5740379857618179 3.3196904427553964
0.5740379857618179 3.3196904427553964
0.5740379857618179 3.3196904427553964
0.5740379857618179 3.3103039723303347
0.5740379857618179 3.3024394735166105
0.5740379857618179 3.3024394735166105
0.5941225322207309 3.5897396400874446
0.5941225322207309 3.5897396400874446
0.5941225322207309 3.522014226792452
0.5941225322207309 3.477309674031374
0.5941225322207309 3.477309674031374
0.5941225322207309 3.459970122440521
0.5941225322207309 3.459970122440521
0.5941225322207309 3.459970122440521
0.5941225322207309 3.459970122440521
0.5941225322207309 3.459970122440521
0.5941225322207309 3.459970122440521
0.5941225322207309 3.459970122440521
0.5941225322207309 3.459970122440521
0.5941225322207309 3.459970122440521
0.5941225322207309 3.459970122440521
0.5941225322207309 3.459970122440521
0.5941225322207309 3.459970122440521
0.5941225322207309 3.459970122440521
0.5941225322207309 3.459970122440521
0.5941225322207309 3.459970122440521
0.5941225322207309 3.4517461950420056
0.5941225322207309 3.4517461950420056
0.5941225322207309 3.4397828082812065
0.5941225322207309 3.4397828082812065
0.5941225322207309 3.4397828082812065
0.5941225322207309 3.4397828082812065
0.5941225322207309 3.4397828082812065
0.5941225322207309 3.4397828082812065
0.5941225322207309 3.409873477748313
0.5941225322207309 3.409873477748313
0.5941225322207309 3.409873477748313
0.5941225322207309 3.4065652721577653
0.5941225322207309 3.4065652721577653
0.5740379857618179 3.169954417300888
0.5740379857618179 3.169954417300888
0.5740379857618179 3.1473095571982244
0.5740379857618179 3.1473095571982244
0.5740379857618179 3.1473095571982244
0.5740379857618179 3.1473095571982244
0.5740379857618179 3.1473095571982244
0.5740379857618179 3.1473095571982244
0.5740379857618179 3.1473095571982244
0.5740379857618179 3.1473095571982244
0.5740379857618179 3.1473095571982244
0.5740379857618179 3.1473095571982244
0.5740379857618179 3.1349669415401804
0.5740379857618179 3.1349669415401804
0.5740379857618179 3.1349669415401804
0.5740379857618179 3.1161494309500752
0.5740379857618179 3.1161494309500752
0.5740379857618179 3.1033649316900265
0.5740379857618179 3.1033649316900265
0.5740379857618179 3.1033649316900265
0.5740379857618179 3.1033649316900265
0.5740379857618179 3.1033649316900265
0.5740379857618179 3.1033649316900265
0.5740379857618179 3.1033649316900265
0.5740379857618179 3.1033649316900265
0.5740379857618179 3.1033649316900265
0.5740379857618179 3.1033649316900265
0.5740379857618179 3.1033649316900265
0.5740379857618179 3.1033649316900265
0.5740379857618179 3.1033649316900265
0.5740379857618179 3.1161494309500752
0.5740379857618179 3.102965099886236
0.5740379857618179 3.1161494309500752
0.5740379857618179 3.1161494309500752
0.5740379857618179 3.1161494309500752
0.5740379857618179 3.1161494309500752
0.5740379857618179 3.1161494309500752
0.5740379857618179 3.1161494309500752
0.5740379857618179 3.1161494309500752
0.5740379857618179 3.1161494309500752
0.5740379857618179 3.1161494309500752
0.5740379857618179 3.1161494309500752
0.5740379857618179 3.1161494309500752
0.5740379857618179 3.100725677774285
0.5740379857618179 3.1161494309500752
0.5740379857618179 3.1033649316900265
0.5740379857618179 3.1033649316900265
0.5740379857618179 3.110571469555027
0.5740379857618179 3.1161494309500752
0.5740379857618179 3.1161494309500752
0.5740379857618179 3.1161494309500752
0.5202189103787234 3.3570784953177806
0.5202189103787234 3.3570784953177806
0.5202189103787234 3.3570784953177806
0.5202189103787234 3.3570784953177806
0.5202189103787234 3.3570784953177806
0.5202189103787234 3.3570784953177806
0.5202189103787234 3.3570784953177806
0.5202189103787234 3.3570784953177806
0.5202189103787234 3.3570784953177806
0.5202189103787234 3.3570784953177806
0.5202189103787234 3.3570784953177806
0.5202189103787234 3.3570784953177806
0.5202189103787234 3.3570784953177806
0.5202189103787234 3.3570784953177806
0.5202189103787234 3.3570784953177806
0.5202189103787234 3.3570784953177806
0.5202189103787234 3.3570784953177806
0.5202189103787234 3.3570784953177806
0.5202189103787234 3.3570784953177806
0.5202189103787234 3.3570784953177806
0.5202189103787234 3.3570784953177806
0.6046040172739371 3.034159808778676
0.6046040172739371 3.034159808778676
0.6046040172739371 3.034159808778676
0.6046040172739371 3.034159808778676
0.6046040172739371 3.034159808778676
0.6046040172739371 3.034159808778676
0.6046040172739371 3.034159808778676
0.6046040172739371 3.034159808778676
0.6046040172739371 3.034159808778676
0.7382884592387654 2.7130262947467805
0.7382884592387654 2.7130262947467805
0.7382884592387654 2.7130262947467805
0.7382884592387654 2.7130262947467805
0.7382884592387654 2.7130262947467805
0.7382884592387654 2.7130262947467805
0.6655553254517343 2.7408245185218387
0.6655553254517343 2.7408245185218387
0.6655553254517343 2.7408245185218387
0.6655553254517343 2.7408245185218387
0.6439517382052915 2.7420931324077507
0.6439517382052915 2.7420931324077507
0.6439517382052915 2.7420931324077507
0.6439517382052915 2.7420931324077507
0.6439517382052915 2.7420931324077507
0.6439517382052915 2.7420931324077507
0.6439517382052915 2.7420931324077507
0.6439517382052915 2.7420931324077507
0.6439517382052915 2.7420931324077507
0.6439517382052915 2.7420931324077507
0.6439517382052915 2.7420931324077507
0.6439517382052915 2.7420931324077507
0.6439517382052915 2.7420931324077507
0.6223481509588487 2.7681577239400075
0.6223481509588487 2.7665387267918318
0.6223481509588487 2.7665387267918318
0.6223481509588487 2.7665387267918318
0.6223481509588487 2.7665387267918318
0.6223481509588487 2.7665387267918318
0.6223481509588487 2.7665387267918318
0.6223481509588487 2.7665387267918318
0.6223481509588487 2.7649425540683246
0.6223481509588487 2.7665387267918318
0.6223481509588487 2.7681577239400075
0.6223481509588487 2.7681577239400075
0.6223481509588487 2.7681577239400075
0.6223481509588487 2.77227207993707
0.6223481509588487 2.77227207993707
0.6223481509588487 2.77227207993707
0.6223481509588487 2.77227207993707
0.6223481509588487 2.77227207993707
0.6223481509588487 2.77227207993707
0.6223481509588487 2.77227207993707
0.6223481509588487 2.77227207993707
0.6223481509588487 2.77227207993707
0.6223481509588487 2.77227207993707
0.6223481509588487 2.77227207993707
0.6223481509588487 2.77227207993707
0.6223481509588487 2.77227207993707
0.6223481509588487 2.77227207993707
0.6223481509588487 2.77227207993707
0.6223481509588487 2.77227207993707
0.6223481509588487 2.7681577239400075
0.6223481509588487 2.7665387267918318
0.6223481509588487 2.7708449077984474
0.6223481509588487 2.8009665351521873
0.6223481509588487 2.8009665351521873
0.6223481509588487 2.8009665351521873
0.6223481509588487 2.8009665351521873
0.6223481509588487 2.789484419192948
0.31738737278339096 3.229834158112023
0.31738737278339096 3.229834158112023
0.31738737278339096 3.229834158112023
0.31738737278339096 3.229834158112023
0.31738737278339096 3.229834158112023
0.31738737278339096 3.229834158112023
0.3160611690045992 3.2487032127032265
0.3160611690045992 3.2487032127032265
0.3160611690045992 3.2487032127032265
0.3160611690045992 3.2487032127032265
0.31208255766822374 3.261388039081152
0.31208255766822374 3.261388039081152
0.31208255766822374 3.261388039081152
0.31208255766822374 3.261388039081152
0.3107563538894319 3.2695513954214452
0.3094301501106401 3.2718387687417434
0.30744084444245234 3.2507702254163213
0.30744084444245234 3.275279666746701
0.30744084444245234 3.275279666746701
0.30744084444245234 3.275279666746701
0.30644619160835845 3.28372717685105
0.30644619160835845 3.28372717685105
0.3054515387742647 3.290515824099738
0.30644619160835845 3.28372717685105
0.30644619160835845 3.28372717685105
0.30644619160835845 3.28372717685105
0.30644619160835845 3.28372717685105
0.30644619160835845 3.28372717685105
0.30644619160835845 3.28372717685105
0.30644619160835845 3.28372717685105
0.30644619160835845 3.28372717685105
0.30644619160835845 3.28372717685105
0.30644619160835845 3.28372717685105
0.30644619160835845 3.28372717685105
0.30644619160835845 3.28372717685105
0.30644619160835845 3.28372717685105
0.30644619160835845 3.28372717685105
0.30644619160835845 3.28372717685105
0.30644619160835845 3.28372717685105
0.30644619160835845 3.28372717685105
0.30644619160835845 3.28372717685105
0.30644619160835845 3.28372717685105
0.30644619160835845 3.28372717685105
0.30644619160835845 3.28372717685105
0.30644619160835845 3.28372717685105
0.30644619160835845 3.285909681890672
0.30644619160835845 3.28372717685105
0.30644619160835845 3.28372717685105
0.30644619160835845 3.2878568496544327
0.30644619160835845 3.2532237822163563
0.30644619160835845 3.273031578913647
0.30644619160835845 3.273031578913647
0.30644619160835845 3.28372717685105
0.30644619160835845 3.28372717685105
0.30644619160835845 3.243252958701525
0.30644619160835845 3.250978467783828
0.30644619160835845 3.2634860359232216
0.30644619160835845 3.286612150941961
0.30644619160835845 3.2569145687418355
0.30644619160835845 3.270537155842013
0.30644619160835845 3.2945372798247137
0.30644619160835845 3.2945372798247137
0.30644619160835845 3.2945372798247137
0.30644619160835845 3.3023449822685307
0.30644619160835845 3.2969719949694127
0.30644619160835845 3.2911079894811373
0.30644619160835845 3.285909681890672
0.30644619160835845 3.2927362915184135
0.30644619160835845 3.290123032514117
0.30644619160835845 3.2673823027304385
0.30644619160835845 3.2673823027304385
0.26873689150406566 2.822203849358286
0.26873689150406566 2.822203849358286
0.3230235006266927 3.2476023832084038
0.3230235006266927 3.2476023832084038
0.3230235006266927 3.2476023832084038
0.3230235006266927 3.2473113065869876
0.3230235006266927 3.2473113065869876
0.3230235006266927 3.2473113065869876
0.3230235006266927 3.2473113065869876
0.3230235006266927 3.2473113065869876
0.3230235006266927 3.2473113065869876
0.3230235006266927 3.2473113065869876
0.3230235006266927 3.2473113065869876
0.3230235006266927 3.2473113065869876
0.3230235006266927 3.2473113065869876
0.3230235006266927 3.2476023832084038
0.3230235006266927 3.257174471066815
0.3230235006266927 3.257174471066815
0.3230235006266927 3.257174471066815
0.3230235006266927 3.257174471066815
0.3230235006266927 3.257174471066815
0.3230235006266927 3.257174471066815
0.21162600189176942 3.1772075556305914
0.21162600189176942 3.1772075556305914
0.21162600189176942 3.1772075556305914
0.21162600189176942 3.1772075556305914
0.21162600189176942 3.1772075556305914
0.1830705570856213 3.32528906070028
0.1830705570856213 3.32528906070028
0.1830705570856213 3.32528906070028
0.1830705570856213 3.32528906070028
0.1830705570856213 3.32528906070028
0.1830705570856213 3.32528906070028
0.1830705570856213 3.32528906070028
0.1830705570856213 3.3386246860221944
0.1830705570856213 3.3386246860221944
0.1830705570856213 3.3386246860221944
0.1830705570856213 3.3386246860221944
0.1830705570856213 3.3386246860221944
0.1830705570856213 3.3386246860221944
0.1830705570856213 3.3386246860221944
0.1830705570856213 3.3386246860221944
0.1830705570856213 3.3386246860221944
0.1830705570856213 3.3386246860221944
0.1830705570856213 3.3386246860221944
0.1830705570856213 3.3386246860221944
0.1830705570856213 3.3386246860221944
0.1830705570856213 3.3386246860221944
0.1830705570856213 3.3386246860221944
0.1830705570856213 3.3386246860221944
0.1830705570856213 3.3386246860221944
0.27190543037698367 3.3957453554050394
0.27190543037698367 3.3957453554050394
0.1830705570856213 3.3386246860221944
0.1830705570856213 3.3386246860221944
0.1830705570856213 3.3386246860221944
0.1830705570856213 3.3386246860221944
0.1830705570856213 3.3461011559407354
0.1830705570856213 3.335959378843415
0.1830705570856213 3.335959378843415
0.17711457446002965 3.5336687536233415
0.17711457446002965 3.5336687536233415
0.17711457446002965 3.5336687536233415
0.17711457446002965 3.5336687536233415
0.17711457446002965 3.5336687536233415
0.17711457446002965 3.5336687536233415
0.17711457446002965 3.5336687536233415
0.17711457446002965 3.5336687536233415
0.17711457446002965 3.5336687536233415
0.17711457446002965 3.5336687536233415
0.17711457446002965 3.5336687536233415
0.17711457446002965 3.5336687536233415
0.17711457446002965 3.5336687536233415
0.09562953460020121 3.667261651322555
0.09562953460020121 3.6485575617246058
0.09562953460020121 3.6485575617246058
0.09562953460020121 3.6426709279490153
0.09562953460020121 3.6426709279490153
0.09562953460020121 3.6426709279490153
0.09562953460020121 3.594767480321292
0.09562953460020121 3.594767480321292
0.09562953460020121 3.594767480321292
0.09562953460020121 3.594767480321292
0.09562953460020121 3.594767480321292
0.09562953460020121 3.594767480321292
0.09562953460020121 3.594767480321292
0.09562953460020121 3.594767480321292
0.09562953460020121 3.594767480321292
0.09562953460020121 3.594767480321292
0.09562953460020121 3.594767480321292
0.09562953460020121 3.594767480321292
0.09562953460020121 3.594767480321292
0.09562953460020121 3.5904197036789265
0.09562953460020121 3.5904197036789265
0.09562953460020121 3.5904197036789265
0.09562953460020121 3.5904197036789265
0.09562953460020121 3.5904197036789265
0.09562953460020121 3.5904197036789265
0.09562953460020121 3.594767480321292
0.09562953460020121 3.6426709279490153
0.09562953460020121 3.667261651322555
0.09282622598722581 3.6714815357137036
0.09282622598722581 3.6714815357137036
0.09282622598722581 3.6714815357137036
0.09282622598722581 3.6714815357137036
0.09282622598722581 3.6714815357137036
0.09282622598722581 3.6714815357137036
0.1366675344534108 3.8484506528306146
0.1366675344534108 3.8484506528306146
0.1366675344534108 3.8484506528306146
0.1366675344534108 3.8484506528306146
0.1366675344534108 3.8526113115023186
0.1366675344534108 3.8526113115023186
0.1366675344534108 3.8526113115023186
0.1366675344534108 3.8526113115023186
0.07569865620277674 4.2038537064200865
0.058450208378357016 3.7372325389172176
0.058450208378357016 3.7372325389172176
0.058450208378357016 3.7372325389172176
0.058450208378357016 3.757567584994878
0.04624070310044849 3.8274295916140426
0.04624070310044849 3.8274295916140426
0.04624070310044849 3.8274295916140426
0.034031197822539966 3.8842476837445714
0.034031197822539966 3.8842476837445714
0.034031197822539966 3.8842476837445714
0.030547929401664585 3.9054517029855607
0.009612187266722916 4.071427577949883
0.009612187266722916 4.071427577949883
0.009612187266722916 4.071427577949883
0.009612187266722916 4.071427577949883
