0.5974460485449533 3.9231729347078534
0.8499017507276754 3.6389499064342328
0.47990783905252354 3.705496761992281
0.5974460485449533 3.9231729347078534
0.8499017507276754 3.6253198106085924
0.47990783905252354 3.7036715968368097
0.8499017507276754 3.5308820077131076
0.8499017507276754 3.5308820077131076
0.8499017507276754 3.5308820077131076
0.8499017507276754 3.5308820077131076
0.8499017507276754 3.5252410442719078
0.8499017507276754 3.5252410442719078
0.8499017507276754 3.487952396287905
0.8499017507276754 3.487952396287905
0.8499017507276754 3.485688138071916
0.8499017507276754 3.485688138071916
0.8499017507276754 3.469437485304593
0.8499017507276754 3.469437485304593
0.8499017507276754 3.469437485304593
0.8499017507276754 3.469437485304593
0.8499017507276754 3.469437485304593
0.8499017507276754 3.469437485304593
0.8499017507276754 3.469437485304593
0.8789478411709489 3.432262865978803
0.8789478411709489 3.432262865978803
0.8789478411709489 3.432262865978803
0.8789478411709489 3.4032505000477364
0.29095982890285776 3.4224212358900923
0.29095982890285776 3.4224212358900923
0.29095982890285776 3.4224212358900923
0.29095982890285776 3.4224212358900923
0.29095982890285776 3.4224212358900923
0.29095982890285776 3.4224212358900923
0.29095982890285776 3.4224212358900923
0.29095982890285776 3.4224212358900923
0.29095982890285776 3.4224212358900923
0.29095982890285776 3.4224212358900923
0.29095982890285776 3.4224212358900923
0.29095982890285776 3.4224212358900923
0.29095982890285776 3.4224212358900923
0.29095982890285776 3.4224212358900923
0.29095982890285776 3.4224212358900923
0.29095982890285776 3.4224212358900923
0.29095982890285776 3.4224212358900923
0.29095982890285776 3.4224212358900923
0.29095982890285776 3.4224212358900923
0.29095982890285776 3.4224212358900923
0.29095982890285776 3.4224212358900923
0.29095982890285776 3.4224212358900923
0.29095982890285776 3.4224212358900923
0.29095982890285776 3.4137095287129853
0.29095982890285776 3.4224212358900923
0.29095982890285776 3.4137095287129853
0.29095982890285776 3.4137095287129853
0.29095982890285776 3.4137095287129853
0.29095982890285776 3.4224212358900923
0.29095982890285776 3.409356493489922
0.29095982890285776 3.3917843584021656
0.29095982890285776 3.3917843584021656
0.29095982890285776 3.3917843584021656
0.29095982890285776 3.4224212358900923
0.29095982890285776 3.3771527948820195
0.29095982890285776 3.3771527948820195
0.29095982890285776 3.3771527948820195
0.29095982890285776 3.3771527948820195
0.29095982890285776 3.3917843584021656
0.29095982890285776 3.3917843584021656
0.29095982890285776 3.3771527948820195
0.29095982890285776 3.3771527948820195
0.29095982890285776 3.3771527948820195
0.29095982890285776 3.3917843584021656
0.29095982890285776 3.3917843584021656
0.29095982890285776 3.3683711977414443
0.29095982890285776 3.3683711977414443
0.29095982890285776 3.3683711977414443
0.29095982890285776 3.367511884794363
0.29095982890285776 3.367511884794363
0.29095982890285776 3.3323656324827273
0.4812028902198 3.341145288848145
0.4812028902198 3.341145288848145
0.4812028902198 3.341145288848145
0.4812028902198 3.341145288848145
0.4812028902198 3.341145288848145
0.4812028902198 3.341145288848145
0.4812028902198 3.341145288848145
0.4812028902198 3.341145288848145
0.4812028902198 3.341145288848145
0.45121600415146723 3.3764089187192106
0.45121600415146723 3.3764089187192106
0.45121600415146723 3.3764089187192106
0.45121600415146723 3.3764089187192106
0.45121600415146723 3.3764089187192106
0.45121600415146723 3.3764089187192106
0.45121600415146723 3.3764089187192106
0.45121600415146723 3.3764089187192106
0.45121600415146723 3.3764089187192106
0.45121600415146723 3.3764089187192106
0.45121600415146723 3.3764089187192106
0.45121600415146723 3.3764089187192106
0.45121600415146723 3.3764089187192106
0.45121600415146723 3.3764089187192106
0.45121600415146723 3.3764089187192106
0.45121600415146723 3.3764089187192106
0.45121600415146723 3.3764089187192106
0.45121600415146723 3.3764089187192106
0.45121600415146723 3.3764089187192106
0.45121600415146723 3.3764089187192106
0.45121600415146723 3.3764089187192106
0.45121600415146723 3.3764089187192106
0.45121600415146723 3.3764089187192106
0.45121600415146723 3.3764089187192106
0.45121600415146723 3.3764089187192106
0.45121600415146723 3.3764089187192106
0.45121600415146723 3.3764089187192106
0.45121600415146723 3.3764089187192106
0.45121600415146723 3.3764089187192106
0.45121600415146723 3.3764089187192106
0.45121600415146723 3.3764089187192106
0.45121600415146723 3.39482822597849
0.45121600415146723 3.3803288668637306
0.45121600415146723 3.4106321539565685
0.45121600415146723 3.3764089187192106
0.45121600415146723 3.3935173612084175
0.45121600415146723 3.3764089187192106
0.45121600415146723 3.3764089187192106
0.45121600415146723 3.4000454869555234
0.45121600415146723 3.4000454869555234
0.45121600415146723 3.3992312530552993
0.45121600415146723 3.3992312530552993
0.45121600415146723 3.3764089187192106
0.45121600415146723 3.3876351807268676
0.3841239144839781 3.1476911289266076
0.3841239144839781 3.13576147934422
0.3841239144839781 3.13576147934422
0.3841239144839781 3.13576147934422
0.3841239144839781 3.13576147934422
0.3841239144839781 3.13576147934422
0.3841239144839781 3.13576147934422
0.3841239144839781 3.13404962965434
0.3841239144839781 3.13404962965434
0.3841239144839781 3.1173391777648303
0.3841239144839781 3.107867192720682
0.3841239144839781 3.107867192720682
0.3841239144839781 3.107867192720682
0.3841239144839781 3.1173391777648303
0.3841239144839781 3.1173391777648303
0.3841239144839781 3.1173391777648303
0.3841239144839781 3.1173391777648303
0.3841239144839781 3.1173391777648303
0.3841239144839781 3.1173391777648303
0.3841239144839781 3.1173391777648303
0.3841239144839781 3.1173391777648303
0.3841239144839781 3.1173391777648303
0.3841239144839781 3.1173391777648303
0.3841239144839781 3.1173391777648303
0.3841239144839781 3.13404962965434
0.3841239144839781 3.13576147934422
0.3841239144839781 3.13576147934422
0.3841239144839781 3.13576147934422
0.37868204588238935 3.141192481181272
0.37868204588238935 3.141192481181272
0.37868204588238935 3.141192481181272
0.37868204588238935 3.141192481181272
0.37868204588238935 3.141192481181272
0.3732401772808006 3.1461817109076295
0.36643784152881465 3.1379472290444532
0.36643784152881465 3.1379472290444532
0.36643784152881465 3.1379472290444532
0.3630366736528217 3.1429650445684456
0.3630366736528217 3.1429650445684456
0.3630366736528217 3.1429650445684456
0.3626965568652224 3.1464519694956707
0.3626965568652224 3.1464519694956707
0.3626965568652224 3.1464519694956707
0.3626965568652224 3.1464519694956707
0.36235644007762313 3.153638833823933
0.36235644007762313 3.153638833823933
0.36235644007762313 3.1568362760766866
0.36235644007762313 3.1568362760766866
0.36235644007762313 3.1568362760766866
0.36235644007762313 3.1568362760766866
0.36235644007762313 3.1568362760766866
0.36235644007762313 3.1568362760766866
0.36235644007762313 3.1568362760766866
0.36235644007762313 3.1568362760766866
0.36235644007762313 3.1568362760766866
0.36235644007762313 3.1568362760766866
0.36235644007762313 3.1568362760766866
0.36235644007762313 3.1568362760766866
0.36235644007762313 3.1568362760766866
0.36235644007762313 3.1568362760766866
0.36235644007762313 3.1568362760766866
0.36235644007762313 3.1568362760766866
0.36235644007762313 3.1568362760766866
0.36235644007762313 3.1568362760766866
0.36235644007762313 3.1568362760766866
0.34824657634825273 3.1256478564824586
0.34824657634825273 3.1256478564824586
0.34824657634825273 3.1256478564824586
0.34824657634825273 3.1256478564824586
0.34824657634825273 3.1256478564824586
0.34824657634825273 3.1256478564824586
0.34824657634825273 3.1256478564824586
0.34824657634825273 3.1256478564824586
0.34824657634825273 3.1256478564824586
0.34824657634825273 3.1256478564824586
0.34824657634825273 3.1256478564824586
0.34824657634825273 3.1256478564824586
0.34824657634825273 3.1256478564824586
0.34824657634825273 3.1256478564824586
0.34824657634825273 3.1256478564824586
0.34824657634825273 3.1256478564824586
0.34824657634825273 3.1256478564824586
0.34824657634825273 3.1256478564824586
0.34824657634825273 3.1256478564824586
0.34824657634825273 3.1256478564824586
0.34824657634825273 3.1256478564824586
0.34824657634825273 3.1256478564824586
0.34824657634825273 3.1256478564824586
0.34824657634825273 3.1256478564824586
0.34824657634825273 3.1256478564824586
0.34824657634825273 3.1256478564824586
0.34824657634825273 3.1256478564824586
0.34824657634825273 3.1256478564824586
0.34824657634825273 3.1256478564824586
0.34824657634825273 3.1256478564824586
0.34824657634825273 3.1199451235409867
0.34824657634825273 3.1327496215541744
0.34824657634825273 3.1327496215541744
0.34824657634825273 3.115386444948296
0.34824657634825273 3.16844615758294
0.34824657634825273 3.138404480435022
0.34824657634825273 3.138404480435022
0.34824657634825273 3.1327496215541744
0.34824657634825273 3.1414336928886493
0.34824657634825273 3.1164861371151487
0.34824657634825273 3.1320257222443737
0.34824657634825273 3.124354286160136
0.34824657634825273 3.124354286160136
0.34824657634825273 3.1378819963790594
0.34824657634825273 3.149442099303047
0.34824657634825273 3.148423212261167
0.34824657634825273 3.1414336928886493
0.34824657634825273 3.1411975412214876
0.34824657634825273 3.1207389241889625
0.34824657634825273 3.1262946554491786
0.34824657634825273 3.1262946554491786
0.34824657634825273 3.11626179441719
0.34824657634825273 3.10864646331485
0.34824657634825273 3.1044508342204145
0.34824657634825273 3.127970411567039
0.34824657634825273 3.1285288934510045
0.34824657634825273 3.1317315442326255
0.34824657634825273 3.1317315442326255
0.34824657634825273 3.1317315442326255
0.34824657634825273 3.1200125607646116
0.34824657634825273 3.096201270605744
0.34824657634825273 3.096201270605744
0.34824657634825273 3.1200125607646116
0.34824657634825273 3.1085099084601215
0.34824657634825273 3.1085099084601215
0.34824657634825273 3.1085099084601215
0.34824657634825273 3.1085099084601215
0.34824657634825273 3.1200125607646116
0.34824657634825273 3.1200125607646116
0.34824657634825273 3.12500203733575
0.34824657634825273 3.12500203733575
0.34824657634825273 3.133453291541426
0.34824657634825273 3.1317315442326255
0.34824657634825273 3.135925659215894
0.34824657634825273 3.1430858061904305
0.34824657634825273 3.1178072074603445
0.34824657634825273 3.1169284024325856
0.34824657634825273 3.1160195146757155
0.34824657634825273 3.1160195146757155
0.34824657634825273 3.11100394414374
0.34824657634825273 3.11100394414374
0.34824657634825273 3.178472541024171
0.34824657634825273 3.114678814113564
0.34824657634825273 3.122585058515835
0.34824657634825273 3.1317315442326255
0.34824657634825273 3.1317315442326255
0.34824657634825273 3.1467000252093444
0.2962164374195715 3.2631148984317218
0.2962164374195715 3.2631148984317218
0.2962164374195715 3.2631148984317218
0.2962164374195715 3.2631148984317218
0.2962164374195715 3.2631148984317218
0.2962164374195715 3.2631148984317218
0.2962164374195715 3.2631148984317218
0.2962164374195715 3.2631148984317218
0.2962164374195715 3.2631148984317218
0.2962164374195715 3.2631148984317218
0.2962164374195715 3.2631148984317218
0.2962164374195715 3.2631148984317218
0.2962164374195715 3.2631148984317218
0.2962164374195715 3.2631148984317218
0.2962164374195715 3.2631148984317218
0.2962164374195715 3.2631148984317218
0.2962164374195715 3.2631148984317218
0.2962164374195715 3.266305107690499
0.2962164374195715 3.2630230602076673
0.2962164374195715 3.2630230602076673
0.2962164374195715 3.257926749563058
0.2962164374195715 3.2371107086802553
0.2962164374195715 3.254308641660079
0.2962164374195715 3.2631148984317218
0.22809261441031403 3.2092706057941416
0.22809261441031403 3.2092706057941416
0.22809261441031403 3.2092706057941416
0.22809261441031403 3.2092706057941416
0.22809261441031403 3.2092706057941416
0.22809261441031403 3.2092706057941416
0.22809261441031403 3.2092706057941416
0.12950613405605618 3.396108729774012
0.12950613405605618 3.396108729774012
0.12950613405605618 3.385595452242002
0.12950613405605618 3.384247548686841
0.12950613405605618 3.384247548686841
0.12950613405605618 3.3783176424073207
0.12950613405605618 3.3783176424073207
0.12950613405605618 3.3783176424073207
0.12950613405605618 3.3783176424073207
0.12950613405605618 3.3708178340601718
0.12950613405605618 3.3708178340601718
0.12950613405605618 3.3708178340601718
0.12950613405605618 3.3708178340601718
0.12950613405605618 3.364202690180189
0.12950613405605618 3.364202690180189
0.12950613405605618 3.364202690180189
0.12950613405605618 3.364202690180189
0.12950613405605618 3.3708178340601718
0.12950613405605618 3.3783176424073207
0.12950613405605618 3.385595452242002
0.12950613405605618 3.396108729774012
0.12950613405605618 3.396108729774012
0.12950613405605618 3.396108729774012
0.1277242436201585 3.18279935696628
0.1277242436201585 3.18279935696628
0.1277242436201585 3.18279935696628
0.1277242436201585 3.18279935696628
0.1277242436201585 3.18279935696628
0.1277242436201585 3.18279935696628
0.1277242436201585 3.18279935696628
0.1277242436201585 3.18279935696628
0.1277242436201585 3.18279935696628
0.1277242436201585 3.1775781551314832
0.1277242436201585 3.1775781551314832
0.1277242436201585 3.18279935696628
0.1277242436201585 3.18279935696628
0.1277242436201585 3.18279935696628
0.1277242436201585 3.18279935696628
0.1277242436201585 3.18279935696628
0.1277242436201585 3.18279935696628
0.1277242436201585 3.18279935696628
0.1277242436201585 3.18279935696628
0.1277242436201585 3.18279935696628
0.1277242436201585 3.1775781551314832
0.1277242436201585 3.1775781551314832
0.1277242436201585 3.1775781551314832
0.1026388239643721 3.4116732292722345
0.1026388239643721 3.4116732292722345
0.1026388239643721 3.4116732292722345
0.1026388239643721 3.4116732292722345
0.1026388239643721 3.4116732292722345
0.1026388239643721 3.4116732292722345
0.1026388239643721 3.4116732292722345
0.1026388239643721 3.4116732292722345
0.16813775788511898 3.528424702045568
0.16813775788511898 3.528424702045568
0.16813775788511898 3.528424702045568
0.16813775788511898 3.528424702045568
0.1347739649611287 3.974452686120357
0.12441105061527323 4.003737455789013
0.12441105061527323 4.003737455789013
0.08479578265192286 3.4610578456383148
0.09464064103102032 3.6462522264218427
0.09464064103102032 3.6462522264218427
0.09464064103102032 3.6462522264218427
0.09464064103102032 3.6462522264218427
0.09464064103102032 3.6462522264218427
0.09464064103102032 3.6462522264218427
0.09464064103102032 3.6462522264218427
0.09464064103102032 3.6462522264218427
0.09464064103102032 3.6462522264218427
0.09464064103102032 3.6462522264218427
0.09464064103102032 3.6462522264218427
0.09464064103102032 3.6462522264218427
0.09464064103102032 3.6462522264218427
0.09464064103102032 3.6462522264218427
0.09464064103102032 3.6462522264218427
0.09464064103102032 3.6462522264218427
0.09464064103102032 3.6474216132015713
0.08355520223366897 3.7846351269392846
0.08355520223366897 3.7846351269392846
0.08355520223366897 3.7846351269392846
0.08355520223366897 3.7846351269392846
0.08355520223366897 3.826668586400364
0.031070715276991578 3.721601587645906
0.031070715276991578 3.721601587645906
0.028389683304055745 3.7561954766973455
0.06276872233143738 4.184460834311456
0.06276872233143738 4.184460834311456
0.06276872233143738 4.184460834311456
0.06276872233143738 4.184460834311456
0.002646807051471394 4.6926368695843035
