0.7916384678700199 3.562392315931873
0.7916384678700199 3.562392315931873
0.3991971157161953 4.473364648347855
0.7916384678700199 3.562392315931873
0.7916384678700199 3.562392315931873
0.3991971157161953 4.447430223939884
0.7916384678700199 3.562392315931873
0.7916384678700199 3.562392315931873
0.7916384678700199 3.5522026808752876
0.7916384678700199 3.5522026808752876
0.7916384678700199 3.5522026808752876
0.7916384678700199 3.5522026808752876
0.7916384678700199 3.5416639746239285
0.7916384678700199 3.5416639746239285
0.7916384678700199 3.5416639746239285
0.7916384678700199 3.5416639746239285
0.7916384678700199 3.5416639746239285
0.7916384678700199 3.541378720135697
0.7916384678700199 3.541378720135697
0.8041860936232523 3.5246725186332015
0.8041860936232523 3.5246725186332015
0.8041860936232523 3.5177384480635245
0.8041860936232523 3.5177384480635245
0.8041860936232523 3.496532913528219
0.8041860936232523 3.496532913528219
0.8041860936232523 3.496532913528219
0.8041860936232523 3.4904944839555347
0.8041860936232523 3.4904944839555347
0.8041860936232523 3.4904944839555347
0.8041860936232523 3.4904944839555347
0.8041860936232523 3.4904944839555347
0.8041860936232523 3.4904944839555347
0.8041860936232523 3.4904944839555347
0.8041860936232523 3.4821349903915504
0.8041860936232523 3.4821349903915504
0.64436254235714 3.205288533696597
0.64436254235714 3.205288533696597
0.64436254235714 3.205288533696597
0.64436254235714 3.205288533696597
0.64436254235714 3.120339176374956
0.64436254235714 3.120339176374956
0.64436254235714 3.120339176374956
0.64436254235714 3.108164988302804
0.64436254235714 3.108164988302804
0.64436254235714 3.108164988302804
0.64436254235714 3.108164988302804
0.64436254235714 3.108164988302804
0.64436254235714 3.108164988302804
0.64436254235714 3.108164988302804
0.64436254235714 3.1079007828389025
0.64436254235714 3.1079007828389025
0.64436254235714 3.1079007828389025
0.64436254235714 3.1079007828389025
0.64436254235714 3.092323727895006
0.64436254235714 3.092323727895006
0.64436254235714 3.092323727895006
0.64436254235714 3.076274464505925
0.64436254235714 3.076274464505925
0.32714565769286286 3.547857551281513
0.32714565769286286 3.547857551281513
0.32714565769286286 3.547857551281513
0.32714565769286286 3.547857551281513
0.32714565769286286 3.547857551281513
0.64436254235714 3.076274464505925
0.64436254235714 3.076274464505925
0.64436254235714 3.076274464505925
0.64436254235714 3.076274464505925
0.64436254235714 3.076274464505925
0.64436254235714 3.076274464505925
0.64436254235714 3.076274464505925
0.64436254235714 3.076274464505925
0.64436254235714 3.076274464505925
0.64436254235714 3.076274464505925
0.64436254235714 3.076274464505925
0.64436254235714 3.076274464505925
0.64436254235714 3.076274464505925
0.64436254235714 3.076274464505925
0.6375596140977196 3.088105980205549
0.6375596140977196 3.088105980205549
0.6375596140977196 3.088105980205549
0.6195150057708176 3.111964379461524
0.6195150057708176 3.111964379461524
0.6195150057708176 3.111964379461524
0.6195150057708176 3.111964379461524
0.6195150057708176 3.111964379461524
0.6195150057708176 3.111964379461524
0.6195150057708176 3.111964379461524
0.6195150057708176 3.111964379461524
0.6195150057708176 3.111964379461524
0.4118929042435089 2.9251213512963092
0.6195150057708176 3.111964379461524
0.5597610559926592 3.0990563814247967
0.5597610559926592 3.0988985400322484
0.5597610559926592 3.089185708578012
0.5597610559926592 3.089185708578012
0.38130109228504194 3.1351573754185265
0.38130109228504194 3.1351573754185265
0.38130109228504194 3.1351573754185265
0.38130109228504194 3.1351573754185265
0.38130109228504194 3.1351573754185265
0.38130109228504194 3.1351573754185265
0.38130109228504194 3.1351573754185265
0.38130109228504194 3.1351573754185265
0.38130109228504194 3.1351573754185265
0.38130109228504194 3.132736879736842
0.38130109228504194 3.0940077271235147
0.38130109228504194 3.1351573754185265
0.38130109228504194 3.1351573754185265
0.38130109228504194 3.1351573754185265
0.38130109228504194 3.1351573754185265
0.38130109228504194 3.1351573754185265
0.38130109228504194 3.1351573754185265
0.38130109228504194 3.1351573754185265
0.38130109228504194 3.0940077271235147
0.38130109228504194 3.1351573754185265
0.38130109228504194 3.0940077271235147
0.38130109228504194 3.1351573754185265
0.38130109228504194 3.1351573754185265
0.38130109228504194 3.1351573754185265
0.38130109228504194 3.132736879736842
0.38130109228504194 3.1351573754185265
0.38130109228504194 3.1351573754185265
0.39571651742765274 3.0287180501718076
0.39571651742765274 3.0287180501718076
0.39571651742765274 3.0287180501718076
0.39571651742765274 3.0287180501718076
0.39571651742765274 3.0287180501718076
0.39571651742765274 3.0287180501718076
0.39571651742765274 3.0287180501718076
0.39571651742765274 3.0287180501718076
0.39571651742765274 3.0287180501718076
0.39571651742765274 3.0287180501718076
0.39571651742765274 3.0287180501718076
0.39571651742765274 3.0287180501718076
0.39571651742765274 3.0287180501718076
0.39571651742765274 3.0287180501718076
0.39571651742765274 3.0287180501718076
0.39571651742765274 3.0287180501718076
0.39571651742765274 3.0287180501718076
0.39571651742765274 3.0287180501718076
0.39571651742765274 3.0287180501718076
0.39571651742765274 3.0287180501718076
0.39571651742765274 3.0287180501718076
0.39571651742765274 3.0287180501718076
0.39571651742765274 3.0287180501718076
0.39571651742765274 3.0287180501718076
0.39571651742765274 3.0287180501718076
0.39571651742765274 3.0287180501718076
0.39571651742765274 3.0287180501718076
0.39571651742765274 3.0287180501718076
0.31369424814514946 2.9798776669631044
0.31369424814514946 2.9798776669631044
0.31369424814514946 2.9798776669631044
0.31369424814514946 2.9798776669631044
0.4010690322875067 2.831334034090882
0.4010690322875067 2.831334034090882
0.4010690322875067 2.831334034090882
0.4010690322875067 2.831334034090882
0.4010690322875067 2.831334034090882
0.4010690322875067 2.831334034090882
0.4010690322875067 2.831334034090882
0.4010690322875067 2.831334034090882
0.4010690322875067 2.831334034090882
0.4010690322875067 2.831334034090882
0.4010690322875067 2.831334034090882
0.4010690322875067 2.831334034090882
0.4010690322875067 2.831334034090882
0.4010690322875067 2.831334034090882
0.4010690322875067 2.831334034090882
0.4010690322875067 2.831334034090882
0.4010690322875067 2.831334034090882
0.4010690322875067 2.831334034090882
0.4010690322875067 2.831334034090882
0.4010690322875067 2.831334034090882
0.4010690322875067 2.831334034090882
0.4010690322875067 2.831334034090882
0.4010690322875067 2.831334034090882
0.4010690322875067 2.831334034090882
0.4010690322875067 2.831334034090882
0.4010690322875067 2.831334034090882
0.4010690322875067 2.831334034090882
0.4010690322875067 2.831334034090882
0.4010690322875067 2.862497537142516
0.4010690322875067 2.862497537142516
0.4010690322875067 2.815847437104331
0.4010690322875067 2.8228255234202635
0.4010690322875067 2.8303463045017265
0.4010690322875067 2.832382655260619
0.4010690322875067 2.833942850510954
0.4010690322875067 2.809123690369751
0.4010690322875067 2.8417732820499406
0.4010690322875067 2.8417732820499406
0.4010690322875067 2.8417732820499406
0.4010690322875067 2.8278971306199443
0.4010690322875067 2.8303463045017265
0.4010690322875067 2.862497537142516
0.4010690322875067 2.862497537142516
0.37601901033127594 3.214961766546016
0.37601901033127594 3.214961766546016
0.37601901033127594 3.2140629921369928
0.37601901033127594 3.2140629921369928
0.37601901033127594 3.214961766546016
0.37601901033127594 3.214961766546016
0.37601901033127594 3.2238763367888543
0.37601901033127594 3.2254115198071207
0.37601901033127594 3.2145123771403283
0.37601901033127594 3.2003748060918547
0.37601901033127594 3.2266999549307043
0.37601901033127594 3.2276620563645486
0.37601901033127594 3.2276620563645486
0.37601901033127594 3.2182104268886644
0.37601901033127594 3.220491972765238
0.37601901033127594 3.2071739996159243
0.37601901033127594 3.1947970616686705
0.37601901033127594 3.214961766546016
0.37601901033127594 3.214961766546016
0.37601901033127594 3.208612938503947
0.25521059504472865 2.996850658501024
0.25521059504472865 2.991516710938865
0.25521059504472865 2.991516710938865
0.25521059504472865 2.971472035449562
0.25521059504472865 2.971472035449562
0.25521059504472865 2.971472035449562
0.2755473852589717 3.165827209513013
0.2755473852589717 3.165827209513013
0.2755473852589717 3.165827209513013
0.2755473852589717 3.165827209513013
0.2755473852589717 3.165827209513013
0.2755473852589717 3.165827209513013
0.2755473852589717 3.165827209513013
0.2755473852589717 3.165827209513013
0.2755473852589717 3.165827209513013
0.2755473852589717 3.165827209513013
0.2755473852589717 3.165827209513013
0.2755473852589717 3.165827209513013
0.2755473852589717 3.165827209513013
0.2755473852589717 3.165827209513013
0.2755473852589717 3.165827209513013
0.2253115727228196 3.1667783304566703
0.2253115727228196 3.1667783304566703
0.2253115727228196 3.1667783304566703
0.2253115727228196 3.1667783304566703
0.2253115727228196 3.1667783304566703
0.2253115727228196 3.1667783304566703
0.2253115727228196 3.1667783304566703
0.2253115727228196 3.1667783304566703
0.2253115727228196 3.1667783304566703
0.2253115727228196 3.1667783304566703
0.2253115727228196 3.1667783304566703
0.2253115727228196 3.1667783304566703
0.2253115727228196 3.1667783304566703
0.18748419037272784 3.2319793223086397
0.18748419037272784 3.2319793223086397
0.18748419037272784 3.2319793223086397
0.25521059504472865 2.960719363262103
0.2484014571342137 2.98605359979534
0.2484014571342137 2.98605359979534
0.2484014571342137 2.98605359979534
0.2484014571342137 2.98605359979534
0.2484014571342137 2.98605359979534
0.2484014571342137 2.98605359979534
0.2484014571342137 2.98605359979534
0.2484014571342137 2.98605359979534
0.2484014571342137 2.98605359979534
0.2484014571342137 2.98605359979534
0.2484014571342137 2.98605359979534
0.2484014571342137 2.98605359979534
0.2484014571342137 2.98605359979534
0.2484014571342137 2.98605359979534
0.2484014571342137 2.98605359979534
0.2484014571342137 2.98605359979534
0.21566989085799948 3.053879212157377
0.21566989085799948 3.053879212157377
0.21566989085799948 3.053879212157377
0.21566989085799948 3.053879212157377
0.21566989085799948 3.053879212157377
0.21566989085799948 3.053879212157377
0.21566989085799948 3.053879212157377
0.21566989085799948 3.053879212157377
0.21566989085799948 3.053879212157377
0.21566989085799948 3.053879212157377
0.21566989085799948 3.0480207893527758
0.21566989085799948 3.0480207893527758
0.21566989085799948 3.0480207893527758
0.21566989085799948 3.0480207893527758
0.21566989085799948 3.043490281087921
0.21566989085799948 3.0480207893527758
0.21566989085799948 3.053879212157377
0.21566989085799948 3.053879212157377
0.21566989085799948 3.053879212157377
0.21566989085799948 3.053879212157377
0.21566989085799948 3.053879212157377
0.21566989085799948 3.053879212157377
0.21566989085799948 3.053879212157377
0.21566989085799948 3.053879212157377
0.21566989085799948 3.053879212157377
0.21566989085799948 3.053879212157377
0.21566989085799948 3.053879212157377
0.21566989085799948 3.053879212157377
0.21566989085799948 3.053879212157377
0.21566989085799948 3.053879212157377
0.21566989085799948 3.053879212157377
0.21566989085799948 3.053879212157377
0.21566989085799948 3.0731080662180696
0.21566989085799948 3.070976898176375
0.21566989085799948 3.0734370551575334
0.21566989085799948 3.053879212157377
0.21566989085799948 3.067631297785427
0.21566989085799948 3.0746631294842257
0.21566989085799948 3.0746631294842257
0.21566989085799948 3.0480207893527758
0.21566989085799948 3.05920398210939
0.21566989085799948 3.05920398210939
0.21566989085799948 3.059952410725059
0.21566989085799948 3.043490281087921
0.21566989085799948 3.0467648024354386
0.21566989085799948 3.0467648024354386
0.21566989085799948 3.049353616762331
0.21566989085799948 3.0467648024354386
0.21566989085799948 3.025989689062728
0.21566989085799948 3.0574367726540443
0.21566989085799948 3.053879212157377
0.21566989085799948 3.053879212157377
0.21566989085799948 3.0583691031254685
0.21566989085799948 3.022435269582594
0.21566989085799948 3.022435269582594
0.21566989085799948 3.0521628759658883
0.21566989085799948 3.0477366494826454
0.21566989085799948 3.0519029443817276
0.21566989085799948 3.0519029443817276
0.21566989085799948 3.0888005985442453
0.21566989085799948 3.0888005985442453
0.21566989085799948 3.0643680503155397
0.21566989085799948 3.06453678108797
0.21566989085799948 3.06453678108797
0.09063327873282023 3.3433975601101045
0.09063327873282023 3.3433975601101045
0.09063327873282023 3.3433975601101045
0.09063327873282023 3.3433975601101045
0.09063327873282023 3.3433975601101045
0.09063327873282023 3.3433975601101045
0.09063327873282023 3.3433975601101045
0.09063327873282023 3.3433975601101045
0.09063327873282023 3.3433975601101045
0.09063327873282023 3.3433749710719365
0.09063327873282023 3.3041307586079127
0.09063327873282023 3.3041307586079127
0.09063327873282023 3.2753833303379998
0.09063327873282023 3.2753833303379998
0.09063327873282023 3.2753833303379998
0.09063327873282023 3.2753833303379998
0.09063327873282023 3.2753833303379998
0.09063327873282023 3.258829987667482
0.09063327873282023 3.258829987667482
0.09063327873282023 3.258829987667482
0.09063327873282023 3.258829987667482
0.09063327873282023 3.258829987667482
0.09063327873282023 3.258829987667482
0.09063327873282023 3.255768432960368
0.09063327873282023 3.255768432960368
0.09063327873282023 3.255768432960368
0.09063327873282023 3.255768432960368
0.09063327873282023 3.255768432960368
0.09063327873282023 3.255768432960368
0.09063327873282023 3.255768432960368
0.09063327873282023 3.255768432960368
0.09063327873282023 3.255768432960368
0.09063327873282023 3.228233265234462
0.09063327873282023 3.228233265234462
0.09063327873282023 3.228233265234462
0.09063327873282023 3.228233265234462
0.09063327873282023 3.228233265234462
0.09063327873282023 3.228233265234462
0.09063327873282023 3.228233265234462
0.09063327873282023 3.228233265234462
0.09063327873282023 3.2278505174086107
0.09063327873282023 3.0575631530052716
0.09063327873282023 3.0575631530052716
0.09063327873282023 3.0575631530052716
0.09063327873282023 3.0575631530052716
0.09063327873282023 3.0575631530052716
0.09063327873282023 3.0575631530052716
0.09063327873282023 3.0575631530052716
0.09063327873282023 3.0575631530052716
0.09063327873282023 3.0575631530052716
0.09063327873282023 3.0575631530052716
0.09063327873282023 3.0575631530052716
0.09063327873282023 3.0575631530052716
0.09063327873282023 3.0575631530052716
0.09063327873282023 3.0575631530052716
0.09063327873282023 3.0575631530052716
0.09063327873282023 3.0575631530052716
0.09063327873282023 3.0575631530052716
0.09063327873282023 3.0575631530052716
0.09063327873282023 3.0575631530052716
0.09063327873282023 3.0575631530052716
0.09063327873282023 3.0575631530052716
0.09063327873282023 3.0575631530052716
0.09063327873282023 3.0575631530052716
0.09063327873282023 3.0575631530052716
0.09063327873282023 3.0575631530052716
0.09063327873282023 3.0575631530052716
0.09063327873282023 3.0575631530052716
0.09063327873282023 3.1579150674748244
0.09063327873282023 3.2278505174086107
0.09063327873282023 3.2567282001783684
