0.3621579459559865 4.036376896128638
0.3621579459559865 4.019120477775121
0.5265674205022748 3.642634868630183
0.3621579459559865 4.019120477775121
0.3621579459559865 4.019120477775121
0.3621579459559865 4.019120477775121
0.7263822441172755 3.128278390366736
0.7263822441172755 3.128278390366736
0.7263822441172755 3.1155617268408213
0.7263822441172755 3.1025222339488274
0.7263822441172755 3.095584088161737
0.7263822441172755 3.095584088161737
0.5638925410650418 3.5512673962668693
0.5638925410650418 3.5512673962668693
0.3621579459559865 4.01548764907234
0.3621579459559865 4.01548764907234
0.3621579459559865 4.01548764907234
0.3621579459559865 4.01548764907234
0.3621579459559865 4.01548764907234
0.3621579459559865 3.995788510487892
0.3621579459559865 3.991791615525357
0.3621579459559865 3.991791615525357
0.3621579459559865 3.991791615525357
0.3621579459559865 3.9791927159732228
0.3621579459559865 3.9791927159732228
0.3621579459559865 3.9791927159732228
0.3621579459559865 3.9791927159732228
0.3621579459559865 3.9791927159732228
0.3621579459559865 3.9791927159732228
0.3621579459559865 3.9791927159732228
0.3621579459559865 3.964660326845381
0.3621579459559865 3.964660326845381
0.7263822441172755 3.054557061266167
0.7263822441172755 3.054557061266167
0.7263822441172755 3.054557061266167
0.7263822441172755 3.054557061266167
0.7263822441172755 3.054557061266167
0.7263822441172755 3.054557061266167
0.7263822441172755 3.054557061266167
0.7263822441172755 3.054557061266167
0.7263822441172755 2.999938943512082
0.7263822441172755 2.999938943512082
0.7263822441172755 2.999938943512082
0.7263822441172755 2.999938943512082
0.7263822441172755 2.999938943512082
0.7263822441172755 2.999938943512082
0.8433567979270185 2.297011313343014
0.8433567979270185 2.297011313343014
0.8433567979270185 2.297011313343014
0.8433567979270185 2.297011313343014
0.8433567979270185 2.297011313343014
0.8433567979270185 2.297011313343014
0.8433567979270185 2.297011313343014
0.8433567979270185 2.3330670374336906
0.8433567979270185 2.3330670374336906
0.8433567979270185 2.3330670374336906
0.8433567979270185 2.235697041595756
0.8433567979270185 2.235697041595756
0.8433567979270185 2.235697041595756
0.8433567979270185 2.235697041595756
0.8433567979270185 2.235697041595756
0.8433567979270185 2.2086427943571803
0.8433567979270185 2.2086427943571803
0.8433567979270185 2.235697041595756
0.8433567979270185 2.235697041595756
0.8433567979270185 2.235697041595756
0.8433567979270185 2.235697041595756
0.8433567979270185 2.2086427943571803
0.8433567979270185 2.2086427943571803
0.8433567979270185 2.235697041595756
0.8433567979270185 2.235697041595756
0.8433567979270185 2.235697041595756
0.8433567979270185 2.2086427943571803
0.7263822441172755 2.999938943512082
0.7263822441172755 3.014435096134787
0.7263822441172755 3.014435096134787
0.7263822441172755 3.014435096134787
0.7263822441172755 2.999938943512082
0.7263822441172755 2.999938943512082
0.7263822441172755 3.0071862263051057
0.7263822441172755 3.0221927727018953
0.7263822441172755 3.0011358474272227
0.7263822441172755 3.0407595537507084
0.7263822441172755 3.0407595537507084
0.7263822441172755 2.999938943512082
0.7263822441172755 2.999938943512082
0.7263822441172755 2.992917475581325
0.7263822441172755 2.992917475581325
0.7263822441172755 3.008409745844096
0.7263822441172755 2.999050007161442
0.7263822441172755 2.999050007161442
0.7263822441172755 3.0077694754484825
0.7263822441172755 3.0077694754484825
0.7263822441172755 3.015470330404709
0.7263822441172755 3.015470330404709
0.7263822441172755 3.015470330404709
0.7263822441172755 3.025199145452608
0.5174030565205638 3.2966661864164455
0.5174030565205638 3.2966661864164455
0.5174030565205638 3.2966661864164455
0.5174030565205638 3.3029461764598844
0.5174030565205638 3.3029461764598844
0.5174030565205638 3.3029461764598844
0.5174030565205638 3.3029461764598844
0.5174030565205638 3.3029461764598844
0.5174030565205638 3.3029461764598844
0.5174030565205638 3.3029461764598844
0.5174030565205638 3.317553300650814
0.5174030565205638 3.317553300650814
0.5174030565205638 3.317553300650814
0.5174030565205638 3.317553300650814
0.5174030565205638 3.317553300650814
0.5174030565205638 3.317553300650814
0.5174030565205638 3.317553300650814
0.5174030565205638 3.317553300650814
0.5174030565205638 3.317553300650814
0.47325618346343556 3.3142826953460496
0.47325618346343556 3.3142826953460496
0.47325618346343556 3.3142826953460496
0.4511827469348714 3.271888227824081
0.4291093104063073 3.2894940309123877
0.4291093104063073 3.2894940309123877
0.4291093104063073 3.2894940309123877
0.4291093104063073 3.2894940309123877
0.4291093104063073 3.2894940309123877
0.4291093104063073 3.2894940309123877
0.4291093104063073 3.2894940309123877
0.4291093104063073 3.2894940309123877
0.4291093104063073 3.2894940309123877
0.4291093104063073 3.2894940309123877
0.4291093104063073 3.2894940309123877
0.4291093104063073 3.2894940309123877
0.4291093104063073 3.2894940309123877
0.4291093104063073 3.2894940309123877
0.4291093104063073 3.2894940309123877
0.41837156826935706 3.2840000806683176
0.41837156826935706 3.2840000806683176
0.41837156826935706 3.2840000806683176
0.41837156826935706 3.2840000806683176
0.41837156826935706 3.2840000806683176
0.41837156826935706 3.2840000806683176
0.41837156826935706 3.2840000806683176
0.41837156826935706 3.2840000806683176
0.41837156826935706 3.2840000806683176
0.41837156826935706 3.2840000806683176
0.41837156826935706 3.2840000806683176
0.41837156826935706 3.2840000806683176
0.41837156826935706 3.2840000806683176
0.41837156826935706 3.2840000806683176
0.41837156826935706 3.2840000806683176
0.41837156826935706 3.2840000806683176
0.41837156826935706 3.2840000806683176
0.41837156826935706 3.2840000806683176
0.41837156826935706 3.2840000806683176
0.41837156826935706 3.2840000806683176
0.41837156826935706 3.2840000806683176
0.41837156826935706 3.2840000806683176
0.41837156826935706 3.2840000806683176
0.41837156826935706 3.2840000806683176
0.41837156826935706 3.2840000806683176
0.41837156826935706 3.2840000806683176
0.41837156826935706 3.2840000806683176
0.41837156826935706 3.2840000806683176
0.41837156826935706 3.2840000806683176
0.41837156826935706 3.2840000806683176
0.41837156826935706 3.2827791490515086
0.41837156826935706 3.2827791490515086
0.41837156826935706 3.2747138350672467
0.37948333552348146 3.3352802571464255
0.37948333552348146 3.3352802571464255
0.37948333552348146 3.3352802571464255
0.37948333552348146 3.3352802571464255
0.37948333552348146 3.3352802571464255
0.37948333552348146 3.3352802571464255
0.37948333552348146 3.3352802571464255
0.37948333552348146 3.3352802571464255
0.37948333552348146 3.3352802571464255
0.37948333552348146 3.3352802571464255
0.37948333552348146 3.3352802571464255
0.37948333552348146 3.3352802571464255
0.37948333552348146 3.3352802571464255
0.37071316984203084 3.344105666010899
0.37071316984203084 3.344105666010899
0.37071316984203084 3.344105666010899
0.37071316984203084 3.344105666010899
0.37071316984203084 3.344105666010899
0.37071316984203084 3.344105666010899
0.5653623968105961 2.8818159970019033
0.5653623968105961 2.8818159970019033
0.5653623968105961 2.8818159970019033
0.5653623968105961 2.8818159970019033
0.5653623968105961 2.8818159970019033
0.5653623968105961 2.8818159970019033
0.5653623968105961 2.8818159970019033
0.5653623968105961 2.8818159970019033
0.5653623968105961 2.8818159970019033
0.5653623968105961 2.8818159970019033
0.5653623968105961 2.8818159970019033
0.5653623968105961 2.8818159970019033
0.5653623968105961 2.8818159970019033
0.5653623968105961 2.8818159970019033
0.2625536398704391 3.134581737037724
0.2625536398704391 3.134581737037724
0.2625536398704391 3.134581737037724
0.2625536398704391 3.134581737037724
0.2625536398704391 3.134581737037724
0.40254894413728404 3.1721458031828664
0.40254894413728404 3.1721458031828664
0.40254894413728404 3.1721458031828664
0.40254894413728404 3.161506020831466
0.40254894413728404 3.161506020831466
0.40254894413728404 3.161506020831466
0.40254894413728404 3.161506020831466
0.40254894413728404 3.15946667583067
0.40254894413728404 3.1493371994119137
0.40254894413728404 3.1493371994119137
0.40254894413728404 3.1493371994119137
0.40254894413728404 3.1493371994119137
0.40254894413728404 3.1493371994119137
0.40916810001682125 3.1293617300319503
0.40254894413728404 3.1048292829071804
0.40254894413728404 3.1048292829071804
0.40254894413728404 3.0840117207317603
0.40254894413728404 3.1048292829071804
0.40254894413728404 3.1091486057258675
0.40254894413728404 3.1091486057258675
0.2625536398704391 3.069134437297814
0.2625536398704391 3.069134437297814
0.2625536398704391 3.069134437297814
0.2625536398704391 3.0651613877297357
0.2625536398704391 3.0651613877297357
0.2625536398704391 3.063772422464937
0.2625536398704391 3.063772422464937
0.2625536398704391 3.063772422464937
0.2625536398704391 3.063772422464937
0.2625536398704391 3.063772422464937
0.2625536398704391 3.063772422464937
0.2625536398704391 3.063772422464937
0.2625536398704391 3.043812715031694
0.2625536398704391 3.043812715031694
0.2625536398704391 3.043812715031694
0.2625536398704391 3.043812715031694
0.2625536398704391 3.0293495869516978
0.2625536398704391 3.0293495869516978
0.2625536398704391 3.0293495869516978
0.2625536398704391 3.0293495869516978
0.2625536398704391 3.0293495869516978
0.2625536398704391 3.043812715031694
0.2625536398704391 3.043812715031694
0.2625536398704391 3.043812715031694
0.2625536398704391 3.043812715031694
0.2625536398704391 3.043812715031694
0.2625536398704391 3.0651613877297357
0.2625536398704391 3.069134437297814
0.2625536398704391 3.069134437297814
0.2625536398704391 3.069134437297814
0.2625536398704391 3.0709518009841488
0.2625536398704391 3.0709518009841488
0.2625536398704391 3.0651613877297357
0.2625536398704391 3.0651613877297357
0.2625536398704391 3.063772422464937
0.2625536398704391 3.063772422464937
0.2625536398704391 3.0651613877297357
0.2625536398704391 3.0772801705793538
0.2625536398704391 3.0687739432129573
0.2625536398704391 3.0687739432129573
0.2625536398704391 3.0687739432129573
0.2625536398704391 3.043812715031694
0.2625536398704391 3.0687739432129573
0.2625536398704391 3.046312399532792
0.2625536398704391 3.046312399532792
0.2625536398704391 3.0293495869516978
0.2625536398704391 3.069145410993938
0.2625536398704391 3.0651613877297357
0.2625536398704391 3.0651613877297357
0.2625536398704391 3.050492483444356
0.2625536398704391 3.050492483444356
0.2625536398704391 3.0582888493147893
0.2625536398704391 3.0621874725679756
0.2625536398704391 3.069134437297814
0.2625536398704391 3.0542257426049764
0.2625536398704391 3.0542257426049764
0.2625536398704391 3.0378459583873876
0.2625536398704391 3.0378459583873876
0.2625536398704391 3.0378459583873876
0.2625536398704391 3.0378459583873876
0.2625536398704391 3.057548756611885
0.2625536398704391 3.084280883674206
0.2625536398704391 3.039506883103005
0.2625536398704391 3.046024801814753
0.2625536398704391 3.0420096183089633
0.2625536398704391 3.0271157077809874
0.2625536398704391 3.0779978610612426
0.2625536398704391 3.0779978610612426
0.2625536398704391 3.0671097271831815
0.2625536398704391 3.0671097271831815
0.2625536398704391 3.088217602794359
0.2625536398704391 3.0326444288306864
0.2625536398704391 3.0344124232844973
0.2625536398704391 3.071034483223196
0.3140056249316485 3.401106009144698
0.3140056249316485 3.401106009144698
0.3140056249316485 3.4209303493759196
0.3140056249316485 3.4346495380900883
0.3140056249316485 3.4346495380900883
0.3140056249316485 3.4346495380900883
0.3140056249316485 3.4346495380900883
0.3140056249316485 3.4346495380900883
0.3140056249316485 3.4346495380900883
0.3140056249316485 3.4346495380900883
0.2631809834433734 3.2946307797464374
0.2631809834433734 3.2946307797464374
0.2631809834433734 3.2946307797464374
0.2631809834433734 3.2946307797464374
0.2631809834433734 3.2946307797464374
0.2631809834433734 3.2946307797464374
0.2631809834433734 3.2946307797464374
0.2631809834433734 3.2946307797464374
0.2631809834433734 3.2946307797464374
0.2631809834433734 3.2946307797464374
0.2631809834433734 3.2946307797464374
0.2631809834433734 3.2946307797464374
0.2631809834433734 3.2946307797464374
0.2627188540881509 3.6253609002140985
0.2627188540881509 3.6253609002140985
0.2627188540881509 3.6112955854094975
0.2627188540881509 3.6112955854094975
0.2627188540881509 3.5946411555575772
0.2627188540881509 3.5791167287586916
0.2627188540881509 3.5791167287586916
0.2627188540881509 3.5791167287586916
0.2627188540881509 3.5791167287586916
0.2627188540881509 3.5946411555575772
0.2627188540881509 3.6112955854094975
0.2627188540881509 3.6253609002140985
0.2627188540881509 3.6253609002140985
0.2627188540881509 3.6253609002140985
0.18477763355401672 3.6247384760718337
0.19289525528551546 3.610886293177962
0.19289525528551546 3.610886293177962
0.19289525528551546 3.610886293177962
0.18477763355401672 3.6247384760718337
0.18477763355401672 3.6247384760718337
0.18477763355401672 3.6247384760718337
0.18071882268826733 3.64432325036235
0.18071882268826733 3.64432325036235
0.18071882268826733 3.64432325036235
0.18071882268826733 3.64432325036235
0.1604247683595205 3.6966709363207197
0.1604247683595205 3.6966709363207197
0.1604247683595205 3.6966709363207197
0.1604247683595205 3.6966709363207197
0.16148703526579083 3.673853875032289
0.16148703526579083 3.673853875032289
0.15027774119514709 3.7032029063097824
0.15027774119514709 3.7032029063097824
0.15027774119514709 3.7032029063097824
0.15027774119514709 3.7032029063097824
0.14926303847870973 3.7186535569258274
0.14368217353830434 3.7462657585661283
0.14368217353830434 3.7462657585661283
0.14190644378453898 3.749344867570029
0.13721344372101626 3.7548810812325963
0.13721344372101626 3.7548810812325963
0.1304593287647302 3.773019585437991
0.1304593287647302 3.773019585437991
0.12617855167976016 3.7898947053049934
0.12617855167976016 3.7898947053049934
0.11094600386158027 3.820259768936693
0.11094600386158027 3.820259768936693
0.11094600386158027 3.820259768936693
0.11094600386158027 3.820259768936693
0.11094600386158027 3.820259768936693
0.11094600386158027 3.820259768936693
0.09805803224599943 3.858725587231984
0.09805803224599943 3.858725587231984
0.09805803224599943 3.858725587231984
0.09805803224599943 3.858725587231984
0.0925665241977732 3.893103393946411
0.0925665241977732 3.893103393946411
0.08749541540203934 3.8996539654227633
0.08495986100417241 3.903106747783296
0.08495986100417241 3.903106747783296
0.08495986100417241 3.903106747783296
0.08495986100417241 3.903106747783296
0.08495986100417241 3.903106747783296
0.07222954708877552 4.1422729698068625
0.07222954708877552 4.1422729698068625
0.07222954708877552 4.1422729698068625
0.07222954708877552 4.1422729698068625
0.07222954708877552 4.1422729698068625
0.07222954708877552 4.1422729698068625
0.05804832938321525 4.318332348121967
0.05804832938321525 4.318332348121967
0.05804832938321525 4.318332348121967
0.05804832938321525 4.318332348121967
0.05804832938321525 4.318332348121967
0.05804832938321525 4.318332348121967
0.05804832938321525 4.318332348121967
0.03320981692803293 4.4417897582316845
0.03320981692803293 4.4417897582316845
0.03320981692803293 4.4417897582316845
0.03320981692803293 4.4417897582316845
0.03320981692803293 4.4417897582316845
0.024930312776305488 4.4866585495994835
0.024930312776305488 4.4866585495994835
