0.2593958797246657 4.403786560110998
0.8483868922772073 3.308279477294113
0.8483868922772073 3.308279477294113
0.2593958797246657 4.373502580560071
0.2593958797246657 4.321209984143046
0.2593958797246657 4.321209984143046
0.2593958797246657 4.318359512587596
0.2593958797246657 4.318359512587596
0.2593958797246657 4.316998696635071
0.2593958797246657 4.316998696635071
0.2650811962092917 4.30396493001547
0.2650811962092917 4.30396493001547
0.2650811962092917 4.3018855960165086
0.2650811962092917 4.287507484583487
0.2650811962092917 4.277626024897925
0.2650811962092917 4.277626024897925
0.2650811962092917 4.277626024897925
0.28149912576171576 4.240851760368899
0.28149912576171576 4.240851760368899
0.28149912576171576 4.200597600102901
0.28149912576171576 4.200597600102901
0.28149912576171576 4.200597600102901
0.28149912576171576 4.200597600102901
0.28149912576171576 4.200597600102901
0.28149912576171576 4.200597600102901
0.8554471604122331 3.5880737416917685
0.8554471604122331 3.5761880682874394
0.8554471604122331 3.568466054390101
0.8554471604122331 3.5562374691061045
0.8554471604122331 3.5562374691061045
0.9101991166335 3.483764541227586
0.9101991166335 3.483764541227586
0.9101991166335 3.483764541227586
0.9101991166335 3.483764541227586
0.9101991166335 3.483764541227586
0.9101991166335 3.483764541227586
0.9101991166335 3.483764541227586
0.9101991166335 3.451526881871569
0.9101991166335 3.451526881871569
0.4220747950116099 3.9300142084270115
0.4220747950116099 3.9300142084270115
0.4220747950116099 3.9300142084270115
0.4220747950116099 3.9300142084270115
0.4220747950116099 3.9300142084270115
0.4220747950116099 3.9300142084270115
0.4220747950116099 3.9300142084270115
0.4220747950116099 3.9300142084270115
0.4220747950116099 3.9300142084270115
0.4220747950116099 3.9300142084270115
0.4220747950116099 3.9300142084270115
0.4220747950116099 3.9300142084270115
0.5905017548648339 3.8050961774123975
0.5905017548648339 3.8050961774123975
0.5905017548648339 3.8050961774123975
0.5905017548648339 3.8050961774123975
0.5905017548648339 3.8050961774123975
0.5905017548648339 3.8050961774123975
0.5905017548648339 3.8050961774123975
0.5905017548648339 3.8050961774123975
0.6724458120486118 3.514475070532563
0.6724458120486118 3.514475070532563
0.8121358036203884 3.0339198361825264
0.8121358036203884 3.0339198361825264
0.8121358036203884 3.0339198361825264
0.8121358036203884 3.0339198361825264
0.8121358036203884 3.0339198361825264
0.8121358036203884 3.0339198361825264
0.8121358036203884 3.0339198361825264
0.8121358036203884 3.0339198361825264
0.8121358036203884 3.0339198361825264
0.8121358036203884 3.0339198361825264
0.8121358036203884 3.0339198361825264
0.8121358036203884 3.0339198361825264
0.8121358036203884 3.0339198361825264
0.7317139656570895 3.1691085651290334
0.7317139656570895 3.1691085651290334
0.7317139656570895 3.1691085651290334
0.6963282515933656 3.09636958494588
0.6963282515933656 3.09636958494588
0.6963282515933656 3.09636958494588
0.6963282515933656 3.09636958494588
0.6963282515933656 3.09636958494588
0.6963282515933656 3.09636958494588
0.6963282515933656 3.09636958494588
0.6963282515933656 3.09636958494588
0.6963282515933656 3.09636958494588
0.6963282515933656 3.09636958494588
0.6963282515933656 3.09636958494588
0.6963282515933656 3.09636958494588
0.6963282515933656 3.09636958494588
0.6963282515933656 3.09636958494588
0.6963282515933656 3.09636958494588
0.6786353945615038 3.0622641334780765
0.677938804867199 3.063198600747236
0.677938804867199 3.063198600747236
0.677938804867199 3.063198600747236
0.677938804867199 3.063198600747236
0.677938804867199 3.063198600747236
0.677938804867199 3.063198600747236
0.6609425375296418 3.0238366033571507
0.677938804867199 3.063198600747236
0.677938804867199 3.063198600747236
0.677938804867199 3.063198600747236
0.677938804867199 3.063198600747236
0.677938804867199 3.063198600747236
0.677938804867199 3.063198600747236
0.677938804867199 3.063198600747236
0.677938804867199 3.063198600747236
0.677938804867199 3.063198600747236
0.677938804867199 3.063198600747236
0.677938804867199 3.063198600747236
0.5065497616530206 3.1701788384851586
0.5065497616530206 3.1701788384851586
0.5065497616530206 3.1701788384851586
0.5065497616530206 3.1701788384851586
0.5065497616530206 3.1701788384851586
0.5065497616530206 3.1701788384851586
0.5065497616530206 3.1701788384851586
0.5065497616530206 3.1655624104049105
0.5065497616530206 3.1655624104049105
0.5065497616530206 3.1655624104049105
0.5065497616530206 3.1655624104049105
0.5065497616530206 3.1655624104049105
0.5065497616530206 3.1655624104049105
0.5065497616530206 3.1655624104049105
0.5065497616530206 3.1655624104049105
0.5065497616530206 3.1655624104049105
0.5065497616530206 3.1701788384851586
0.5065497616530206 3.1701788384851586
0.5065497616530206 3.1701788384851586
0.5065497616530206 3.1701788384851586
0.5065497616530206 3.1701788384851586
0.5065497616530206 3.1701788384851586
0.5065497616530206 3.1701788384851586
0.5065497616530206 3.1701788384851586
0.5065497616530206 3.1701788384851586
0.5065497616530206 3.1701788384851586
0.5065497616530206 3.1701788384851586
0.5065497616530206 3.1701788384851586
0.5065497616530206 3.1701788384851586
0.5065497616530206 3.1701788384851586
0.4867355355229693 3.2036065687659825
0.4867355355229693 3.2036065687659825
0.4867355355229693 3.2036065687659825
0.4867355355229693 3.2036065687659825
0.4867355355229693 3.2036065687659825
0.4867355355229693 3.2036065687659825
0.5129526931797935 2.8699135314789306
0.5129526931797935 2.8699135314789306
0.5129526931797935 2.8699135314789306
0.49984411435138143 2.981274872822665
0.49984411435138143 2.981274872822665
0.49984411435138143 2.981274872822665
0.49984411435138143 2.981274872822665
0.49984411435138143 2.981274872822665
0.49984411435138143 2.981274872822665
0.49984411435138143 2.981274872822665
0.49984411435138143 2.981274872822665
0.49972416136297104 2.981454385544959
0.49972416136297104 2.981454385544959
0.49972416136297104 2.981454385544959
0.49972416136297104 2.981454385544959
0.49972416136297104 2.981454385544959
0.49322984844297013 3.084421976256689
0.48998269198296973 3.13610460454607
0.48998269198296973 3.13610460454607
0.48998269198296973 3.13610460454607
0.48998269198296973 3.13610460454607
0.48998269198296973 3.13610460454607
0.48998269198296973 3.13610460454607
0.48998269198296973 3.13610460454607
0.48998269198296973 3.13610460454607
0.48998269198296973 3.13610460454607
0.4867355355229693 3.187918328409292
0.48998269198296973 3.13610460454607
0.28695607698221415 3.048353793537052
0.28695607698221415 3.048353793537052
0.28695607698221415 3.048353793537052
0.28695607698221415 3.048353793537052
0.28695607698221415 3.048353793537052
0.28695607698221415 3.048353793537052
0.28695607698221415 3.048353793537052
0.28695607698221415 3.048353793537052
0.28695607698221415 3.048353793537052
0.28695607698221415 3.048353793537052
0.28695607698221415 3.048353793537052
0.28695607698221415 3.048353793537052
0.28695607698221415 3.048353793537052
0.28695607698221415 3.048353793537052
0.28695607698221415 3.048353793537052
0.28695607698221415 3.048353793537052
0.28695607698221415 3.048353793537052
0.28695607698221415 3.048353793537052
0.28695607698221415 3.048353793537052
0.28695607698221415 3.048353793537052
0.28695607698221415 3.048353793537052
0.28695607698221415 3.048353793537052
0.28695607698221415 3.048353793537052
0.28695607698221415 3.048353793537052
0.28695607698221415 3.048353793537052
0.28695607698221415 3.048353793537052
0.28695607698221415 3.048353793537052
0.28695607698221415 3.048353793537052
0.28695607698221415 3.048353793537052
0.28695607698221415 3.048353793537052
0.28695607698221415 3.0407208303872064
0.28695607698221415 3.048353793537052
0.21121026947178323 3.1787297055286636
0.21121026947178323 3.1787297055286636
0.21121026947178323 3.1787297055286636
0.21121026947178323 3.1787297055286636
0.21121026947178323 3.1787297055286636
0.21121026947178323 3.1787297055286636
0.21121026947178323 3.1787297055286636
0.21121026947178323 3.177226183242829
0.21121026947178323 3.177226183242829
0.21121026947178323 3.177226183242829
0.21121026947178323 3.177226183242829
0.21121026947178323 3.177226183242829
0.21121026947178323 3.1653472815450625
0.21121026947178323 3.1653472815450625
0.21121026947178323 3.1260188939472093
0.21121026947178323 3.1260188939472093
0.21121026947178323 3.1260188939472093
0.21121026947178323 3.1260188939472093
0.21121026947178323 3.1260188939472093
0.21121026947178323 3.1260188939472093
0.21121026947178323 3.1260188939472093
0.21121026947178323 3.1260188939472093
0.21121026947178323 3.1260188939472093
0.21121026947178323 3.1260188939472093
0.21121026947178323 3.1260188939472093
0.21121026947178323 3.1260188939472093
0.21121026947178323 3.1260188939472093
0.21121026947178323 3.1260188939472093
0.21121026947178323 3.1260188939472093
0.21121026947178323 3.1260188939472093
0.21121026947178323 3.1260188939472093
0.21121026947178323 3.1260188939472093
0.21121026947178323 3.1260188939472093
0.21121026947178323 3.1653472815450625
0.21121026947178323 3.1653472815450625
0.21121026947178323 3.1653472815450625
0.21121026947178323 3.1653472815450625
0.21121026947178323 3.1653472815450625
0.21121026947178323 3.177226183242829
0.21121026947178323 3.177226183242829
0.21121026947178323 3.177226183242829
0.21121026947178323 3.1653472815450625
0.21121026947178323 3.1653472815450625
0.21121026947178323 3.1260188939472093
0.21121026947178323 3.106365080432092
0.21121026947178323 3.1673894488311944
0.21121026947178323 3.1673894488311944
0.21121026947178323 3.162729679685997
0.21121026947178323 3.162729679685997
0.21121026947178323 3.162729679685997
0.21121026947178323 3.162729679685997
0.21121026947178323 3.1469850364719827
0.21121026947178323 3.1653472815450625
0.21121026947178323 3.1850217431352137
0.21121026947178323 3.1510629071977783
0.21121026947178323 3.1650508058634186
0.21121026947178323 3.1155505633689384
0.21121026947178323 3.1337376090050295
0.21121026947178323 3.1337376090050295
0.21121026947178323 3.141965008357435
0.21121026947178323 3.173221610532581
0.21121026947178323 3.1115640235820154
0.21121026947178323 3.1147229418848
0.21121026947178323 3.1582949795502206
0.21121026947178323 3.1417516606713116
0.21121026947178323 3.1573126485904015
0.21121026947178323 3.1933765278212984
0.21121026947178323 3.1933765278212984
0.21121026947178323 3.1716339929293516
0.21121026947178323 3.1716339929293516
0.21121026947178323 3.2066990005835523
0.21121026947178323 3.2066990005835523
0.21121026947178323 3.1794665103301316
0.21121026947178323 3.188599186773848
0.21121026947178323 3.104958481302244
0.21121026947178323 3.216960733979974
0.21121026947178323 3.216960733979974
0.21121026947178323 3.189854759174538
0.21121026947178323 3.2001109920422532
0.21121026947178323 3.2001109920422532
0.21121026947178323 3.193771967586424
0.21121026947178323 3.220233649986398
0.21121026947178323 3.220233649986398
0.21121026947178323 3.1770175691265616
0.21121026947178323 3.1244498321432213
0.21121026947178323 3.173698761915916
0.21121026947178323 3.173698761915916
0.21121026947178323 3.002476889305451
0.21121026947178323 3.002476889305451
0.21121026947178323 3.1329283558510337
0.21121026947178323 3.2434431988505716
0.21121026947178323 3.1448526462410555
0.21121026947178323 3.0731643621764615
0.21121026947178323 3.153309873378753
0.21121026947178323 3.165103560945875
0.21121026947178323 3.165103560945875
0.21121026947178323 3.165103560945875
0.21121026947178323 3.0291877929266295
0.21121026947178323 3.2100300139215685
0.21121026947178323 3.0447146376655088
0.21121026947178323 3.0291877929266295
0.21121026947178323 3.1438861502003808
0.21121026947178323 3.1438861502003808
0.21121026947178323 3.118686346495767
0.21121026947178323 3.118686346495767
0.21121026947178323 3.118686346495767
0.21121026947178323 3.0785192216746906
0.21121026947178323 3.2114543277916763
0.21121026947178323 3.2173626113555
0.21121026947178323 3.0975387113353907
0.21121026947178323 3.0064980952776255
0.21121026947178323 3.0597962705471504
0.21121026947178323 3.013579437222804
0.21121026947178323 3.0973704128985036
0.21121026947178323 3.193185720033978
0.21121026947178323 3.2173626113555
0.21121026947178323 3.2173626113555
0.21121026947178323 3.0270701900086743
0.21121026947178323 3.0270701900086743
0.21121026947178323 3.0270701900086743
0.21121026947178323 3.2761446774729808
0.16571669034183698 3.4446901602738613
0.16571669034183698 3.4530560345689514
0.15780383568528272 3.4613638000330753
0.15780383568528272 3.4613638000330753
0.15780383568528272 3.4613638000330753
0.21121026947178323 3.1344908573505954
0.21121026947178323 3.1344908573505954
0.14593455370045133 3.5092627369384775
0.14593455370045133 3.5092627369384775
0.14593455370045133 3.5092627369384775
0.14197812637217422 3.5117536465265644
0.14197812637217422 3.5117536465265644
0.14197812637217422 3.5117536465265644
0.14197812637217422 3.5117536465265644
0.14197812637217422 3.523298658006052
0.14197812637217422 3.523298658006052
0.1258944016239002 3.366230550002493
0.1258944016239002 3.366230550002493
0.1258944016239002 3.366230550002493
0.1258944016239002 3.331636552965585
0.1258944016239002 3.331636552965585
0.1258944016239002 3.331636552965585
0.1258944016239002 3.331636552965585
0.1258944016239002 3.331636552965585
0.1258944016239002 3.331636552965585
0.1258944016239002 3.331636552965585
0.1258944016239002 3.3114367540588505
0.1258944016239002 3.3114367540588505
0.1258944016239002 3.3114367540588505
0.1258944016239002 3.3107945523013504
0.1258944016239002 3.3107945523013504
0.1258944016239002 3.3107945523013504
0.1258944016239002 3.3107945523013504
0.1258944016239002 3.3107945523013504
0.1258944016239002 3.3107945523013504
0.1258944016239002 3.303926084670453
0.1258944016239002 3.303926084670453
0.1258944016239002 3.303926084670453
0.1258944016239002 3.303926084670453
0.1258944016239002 3.3114367540588505
0.1258944016239002 3.3114367540588505
0.1258944016239002 3.331636552965585
0.1258944016239002 3.366230550002493
0.1258944016239002 3.366230550002493
0.1258944016239002 3.366230550002493
0.1258944016239002 3.366230550002493
0.1258944016239002 3.37016245333115
0.1258944016239002 3.331636552965585
0.07743744501671798 3.737030856487239
0.06890592851192653 3.7743731906919704
0.06890592851192653 3.7743731906919704
0.06890592851192653 3.7743731906919704
0.06890592851192653 3.7743731906919704
0.0575305731722046 3.8239553998566684
0.0575305731722046 3.8239553998566684
0.0575305731722046 3.8239553998566684
0.0575305731722046 3.8239553998566684
0.0575305731722046 3.8239553998566684
0.051842895502343625 3.8559447795177912
0.051842895502343625 3.8559447795177912
0.051842895502343625 3.8559447795177912
0.051842895502343625 3.8559447795177912
0.051842895502343625 3.8559447795177912
0.051842895502343625 3.8559447795177912
0.03793489370930693 4.119110780977537
0.03793489370930693 4.119110780977537
0.03793489370930693 4.119110780977537
0.03793489370930693 4.119110780977537
0.030980892812788582 4.2469625405728655
0.030980892812788582 4.2469625405728655
0.030980892812788582 4.2469625405728655
0.021183053081339744 4.409531282229304
0.021183053081339744 4.409531282229304
0.021183053081339744 4.409531282229304
0.01154080954069878 4.680852356358768
0.01154080954069878 4.680852356358768
0.01154080954069878 4.680852356358768
0.022802948261637868 4.899419112375779
