0.4747318677472365 3.491521747370158
0.7801524086664136 3.6471800963112777
0.7801524086664136 3.6471800963112777
0.4747318677472365 3.491521747370158
0.4747318677472365 3.491521747370158
0.4747318677472365 3.491521747370158
0.6639905377818756 3.6358099215537174
0.6639905377818756 3.6358099215537174
0.6639905377818756 3.6293117357719793
0.6639905377818756 3.6216087775761006
0.6639905377818756 3.6216087775761006
0.6639905377818756 3.6216087775761006
0.6639905377818756 3.6216087775761006
0.6639905377818756 3.6216087775761006
0.6639905377818756 3.6117362390066927
0.6639905377818756 3.6117362390066927
0.6639905377818756 3.6117362390066927
0.6639905377818756 3.6117362390066927
0.6639905377818756 3.6117362390066927
0.6639905377818756 3.6117362390066927
0.6639905377818756 3.6117362390066927
0.6639905377818756 3.6117362390066927
0.6639905377818756 3.6117362390066927
0.4747318677472365 3.457239325838249
0.4747318677472365 3.457239325838249
0.4747318677472365 3.426160945553557
0.4747318677472365 3.426160945553557
0.4747318677472365 3.426160945553557
0.4747318677472365 3.426160945553557
0.4747318677472365 3.426160945553557
0.4747318677472365 3.3900140202316242
0.4747318677472365 3.3900140202316242
0.4747318677472365 3.3900140202316242
0.4747318677472365 3.3900140202316242
0.4747318677472365 3.3900140202316242
0.4747318677472365 3.3900140202316242
0.4747318677472365 3.3900140202316242
0.6639905377818756 3.5658548103908947
0.6639905377818756 3.5658548103908947
0.6639905377818756 3.5658548103908947
0.6639905377818756 3.5658548103908947
0.6639905377818756 3.5658548103908947
0.6639905377818756 3.5658548103908947
0.6639905377818756 3.5658548103908947
0.6639905377818756 3.5658548103908947
0.6639905377818756 3.5658548103908947
0.6639905377818756 3.5658548103908947
0.5298275608229006 3.2645794565136987
0.5298275608229006 3.260289339600678
0.5298275608229006 3.260289339600678
0.5298275608229006 3.250986021219924
0.5298275608229006 3.243920397890981
0.5298275608229006 3.243920397890981
0.5298275608229006 3.243920397890981
0.5298275608229006 3.243920397890981
0.5298275608229006 3.243920397890981
0.5298275608229006 3.243920397890981
0.5298275608229006 3.243920397890981
0.5298275608229006 3.243920397890981
0.5298275608229006 3.243920397890981
0.5298275608229006 3.243920397890981
0.5298275608229006 3.209452245126759
0.5298275608229006 3.209452245126759
0.5298275608229006 3.209452245126759
0.5298275608229006 3.209452245126759
0.5298275608229006 3.209452245126759
0.5298275608229006 3.209452245126759
0.5298275608229006 3.209452245126759
0.5298275608229006 3.209452245126759
0.5298275608229006 3.209452245126759
0.5298275608229006 3.209452245126759
0.5298275608229006 3.209452245126759
0.5298275608229006 3.1540018303424744
0.5298275608229006 3.1540018303424744
0.5298275608229006 3.1540018303424744
0.5298275608229006 3.1540018303424744
0.5298275608229006 3.1540018303424744
0.5298275608229006 3.1540018303424744
0.949317792586333 2.518757912100728
0.949317792586333 2.518757912100728
0.949317792586333 2.518757912100728
0.949317792586333 2.518757912100728
0.949317792586333 2.518757912100728
0.949317792586333 2.518757912100728
0.949317792586333 2.518757912100728
0.949317792586333 2.518757912100728
0.949317792586333 2.518757912100728
0.949317792586333 2.518757912100728
0.949317792586333 2.518757912100728
0.949317792586333 2.518757912100728
0.949317792586333 2.518757912100728
0.949317792586333 2.518757912100728
0.949317792586333 2.518757912100728
0.949317792586333 2.518757912100728
0.949317792586333 2.518757912100728
0.949317792586333 2.518757912100728
0.949317792586333 2.518757912100728
0.949317792586333 2.518757912100728
0.949317792586333 2.518757912100728
0.9448122986970469 2.52925164677865
0.9448122986970469 2.52925164677865
0.9425595517524039 2.5376927029332905
0.9425595517524039 2.5376927029332905
0.9425595517524039 2.5376927029332905
0.9425595517524039 2.5376927029332905
0.9425595517524039 2.5376927029332905
0.9425595517524039 2.5376927029332905
0.9414331782800824 2.5419164433244488
0.9414331782800824 2.5419164433244488
0.9403068048077609 2.544905873296651
0.9403068048077609 2.544905873296651
0.9403068048077609 2.546142326821709
0.9403068048077609 2.546142326821709
0.9403068048077609 2.546142326821709
0.9403068048077609 2.546142326821709
0.9394620247035197 2.5488423203223616
0.9381948545471578 2.5199198251701724
0.9381948545471578 2.5199198251701724
0.9381948545471578 2.5199198251701724
0.9381948545471578 2.5199198251701724
0.9381948545471578 2.5199198251701724
0.9381948545471578 2.552894200181883
0.9381948545471578 2.552894200181883
0.9381948545471578 2.552894200181883
0.9381948545471578 2.552894200181883
0.9381948545471578 2.552894200181883
0.9381948545471578 2.552894200181883
0.9381948545471578 2.552894200181883
0.9381948545471578 2.552894200181883
0.9381948545471578 2.552894200181883
0.9381948545471578 2.552894200181883
0.9381948545471578 2.552894200181883
0.5728542209618959 2.6121802827085663
0.5728542209618959 2.6121802827085663
0.5728542209618959 2.6121802827085663
0.5728542209618959 2.648054547049375
0.5728542209618959 2.648054547049375
0.5728542209618959 2.648054547049375
0.5728542209618959 2.648054547049375
0.5728542209618959 2.648054547049375
0.5728542209618959 2.648054547049375
0.5728542209618959 2.649572609765598
0.5728542209618959 2.649572609765598
0.5728542209618959 2.648054547049375
0.5728542209618959 2.648054547049375
0.5728542209618959 2.648054547049375
0.33865164871363995 3.592674193257112
0.33865164871363995 3.592674193257112
0.33865164871363995 3.592674193257112
0.33865164871363995 3.592674193257112
0.33865164871363995 3.592674193257112
0.33865164871363995 3.592674193257112
0.33865164871363995 3.592674193257112
0.33865164871363995 3.592674193257112
0.33865164871363995 3.592674193257112
0.33865164871363995 3.592674193257112
0.33865164871363995 3.592674193257112
0.33865164871363995 3.592674193257112
0.33865164871363995 3.592674193257112
0.33865164871363995 3.592674193257112
0.33865164871363995 3.592674193257112
0.33865164871363995 3.592674193257112
0.33865164871363995 3.592674193257112
0.33865164871363995 3.592674193257112
0.33865164871363995 3.592674193257112
0.33865164871363995 3.592674193257112
0.33865164871363995 3.592674193257112
0.33865164871363995 3.592674193257112
0.5307727118969867 2.612130187286944
0.5307727118969867 2.612130187286944
0.5307727118969867 2.612130187286944
0.5307727118969867 2.612130187286944
0.5307727118969867 2.612130187286944
0.5307727118969867 2.612130187286944
0.5307727118969867 2.612130187286944
0.5307727118969867 2.612130187286944
0.5307727118969867 2.612130187286944
0.5307727118969867 2.612130187286944
0.5307727118969867 2.612130187286944
0.5307727118969867 2.612130187286944
0.5307727118969867 2.612130187286944
0.5307727118969867 2.612130187286944
0.5307727118969867 2.612130187286944
0.5307727118969867 2.612130187286944
0.5307727118969867 2.612130187286944
0.5307727118969867 2.612130187286944
0.5307727118969867 2.612130187286944
0.5307727118969867 2.612130187286944
0.5307727118969867 2.612130187286944
0.5307727118969867 2.612130187286944
0.5307727118969867 2.612130187286944
0.5307727118969867 2.612130187286944
0.32284748970404187 3.6106159206411257
0.32284748970404187 3.6106159206411257
0.32284748970404187 3.6106159206411257
0.32284748970404187 3.6106159206411257
0.32284748970404187 3.6106159206411257
0.32284748970404187 3.6106159206411257
0.32284748970404187 3.6106159206411257
0.32284748970404187 3.6106159206411257
0.32284748970404187 3.6106159206411257
0.32284748970404187 3.6106159206411257
0.6806980285044503 2.6045528460447445
0.6806980285044503 2.6045528460447445
0.32284748970404187 3.5566109941027424
0.32284748970404187 3.6106159206411257
0.32284748970404187 3.615667359919981
0.32284748970404187 3.615667359919981
0.32284748970404187 3.595874369377463
0.32284748970404187 3.595874369377463
0.32284748970404187 3.595874369377463
0.5992754237478526 3.1227636028808443
0.32284748970404187 3.573287139514413
0.32284748970404187 3.573287139514413
0.32284748970404187 3.567751603820937
0.32284748970404187 3.567751603820937
0.32284748970404187 3.567751603820937
0.32284748970404187 3.567751603820937
0.32284748970404187 3.567751603820937
0.32284748970404187 3.567751603820937
0.3503230092553571 3.510921610165363
0.3503230092553571 3.488461930356514
0.3503230092553571 3.488461930356514
0.3503230092553571 3.488461930356514
0.3503230092553571 3.488461930356514
0.3503230092553571 3.488461930356514
0.3503230092553571 3.510921610165363
0.3503230092553571 3.510921610165363
0.3458870465946382 3.519165386777227
0.3458870465946382 3.499709071343482
0.3458870465946382 3.499709071343482
0.3458870465946382 3.499709071343482
0.3458870465946382 3.499709071343482
0.3458870465946382 3.499709071343482
0.3458870465946382 3.499709071343482
0.3458870465946382 3.519165386777227
0.3458870465946382 3.519165386777227
0.3458870465946382 3.519165386777227
0.3458870465946382 3.519165386777227
0.3458870465946382 3.519165386777227
0.3458870465946382 3.519165386777227
0.33148732353801547 3.541543362947375
0.33148732353801547 3.541543362947375
0.33148732353801547 3.541543362947375
0.33148732353801547 3.541543362947375
0.33148732353801547 3.541543362947375
0.33148732353801547 3.541543362947375
0.32428746200970415 3.546294643949341
0.32428746200970415 3.546294643949341
0.31168770433515924 3.503788547345141
0.31168770433515924 3.503788547345141
0.31168770433515924 3.503788547345141
0.31168770433515924 3.503788547345141
0.31168770433515924 3.503788547345141
0.31168770433515924 3.503788547345141
0.31168770433515924 3.503788547345141
0.31168770433515924 3.503788547345141
0.31168770433515924 3.503788547345141
0.31168770433515924 3.503788547345141
0.31168770433515924 3.503788547345141
0.31168770433515924 3.503788547345141
0.31168770433515924 3.503788547345141
0.31168770433515924 3.503788547345141
0.31168770433515924 3.503788547345141
0.31168770433515924 3.503788547345141
0.31168770433515924 3.503788547345141
0.31168770433515924 3.503788547345141
0.31168770433515924 3.503788547345141
0.31168770433515924 3.503788547345141
0.31168770433515924 3.503788547345141
0.31168770433515924 3.503788547345141
0.31168770433515924 3.503788547345141
0.31168770433515924 3.503788547345141
0.31168770433515924 3.503788547345141
0.31168770433515924 3.503788547345141
0.31168770433515924 3.503788547345141
0.31168770433515924 3.503788547345141
0.31168770433515924 3.503788547345141
0.2979394637865218 3.515956656975608
0.2979394637865218 3.515956656975608
0.2979394637865218 3.515956656975608
0.2979394637865218 3.515956656975608
0.2979394637865218 3.515956656975608
0.2979394637865218 3.515956656975608
0.2979394637865218 3.515956656975608
0.2979394637865218 3.515956656975608
0.2979394637865218 3.515956656975608
0.2979394637865218 3.515956656975608
0.2979394637865218 3.515956656975608
0.2979394637865218 3.515956656975608
0.2979394637865218 3.515956656975608
0.2979394637865218 3.515956656975608
0.2979394637865218 3.515956656975608
0.2979394637865218 3.515956656975608
0.2979394637865218 3.515956656975608
0.2979394637865218 3.515956656975608
0.2979394637865218 3.515956656975608
0.26453787705469345 3.689986060755579
0.26453787705469345 3.689986060755579
0.26453787705469345 3.689986060755579
0.26453787705469345 3.689986060755579
0.26453787705469345 3.689986060755579
0.26453787705469345 3.689986060755579
0.26453787705469345 3.689986060755579
0.26453787705469345 3.689986060755579
0.26453787705469345 3.689986060755579
0.24783708368877927 3.7496526996947566
0.24783708368877927 3.7496526996947566
0.24783708368877927 3.7333156907732747
0.24783708368877927 3.7333156907732747
0.24783708368877927 3.7333156907732747
0.24783708368877927 3.7333156907732747
0.24783708368877927 3.7333156907732747
0.24783708368877927 3.7333156907732747
0.24783708368877927 3.728435323096579
0.24783708368877927 3.728435323096579
0.24783708368877927 3.728435323096579
0.24783708368877927 3.728435323096579
0.24783708368877927 3.728435323096579
0.24783708368877927 3.728435323096579
0.24783708368877927 3.7333156907732747
0.24783708368877927 3.7496526996947566
0.24783708368877927 3.7496526996947566
0.24783708368877927 3.7496526996947566
0.24783708368877927 3.7496526996947566
0.24783708368877927 3.7496526996947566
0.24783708368877927 3.7496526996947566
0.24783708368877927 3.7496526996947566
0.19698662898858463 3.8261788331042528
0.2220956216289894 3.7660741666942554
0.2220956216289894 3.7660741666942554
0.2220956216289894 3.7660741666942554
0.2220956216289894 3.7660741666942554
0.2220956216289894 3.7660741666942554
0.2220956216289894 3.7660741666942554
0.19698662898858463 3.8001207110319757
0.19698662898858463 3.8001207110319757
0.1882316834217317 3.627811608365437
0.1882316834217317 3.627811608365437
0.1882316834217317 3.627811608365437
0.18124607894031292 3.694889933011085
0.18124607894031292 3.6921691020321243
0.18124607894031292 3.6921691020321243
0.18124607894031292 3.694889933011085
0.18124607894031292 3.694889933011085
0.18124607894031292 3.694889933011085
0.17775327669960356 3.74418653357024
0.17775327669960356 3.74418653357024
0.17775327669960356 3.74418653357024
0.17426047445889417 3.7570950368013487
0.17426047445889417 3.7570950368013487
0.17426047445889417 3.7570950368013487
0.17426047445889417 3.7570950368013487
0.17426047445889417 3.7570950368013487
0.17426047445889417 3.7570950368013487
0.17426047445889417 3.7570950368013487
0.16028926549605665 3.8631406573549416
0.16028926549605665 3.8631406573549416
0.16028926549605665 3.8631406573549416
0.16028926549605665 3.8631406573549416
0.16028926549605665 3.8631406573549416
0.16028926549605665 3.8631406573549416
0.16028926549605665 3.8631406573549416
0.10577741860402029 3.339922625060355
0.10577741860402029 3.339922625060355
0.10577741860402029 3.339922625060355
0.10577741860402029 3.3612359703717942
0.10577741860402029 3.3996464847722803
0.10577741860402029 3.414186874946038
0.10577741860402029 3.414186874946038
0.10194077200856606 3.483349443613024
0.10194077200856606 3.483349443613024
0.10194077200856606 3.483349443613024
0.10194077200856606 3.483349443613024
0.14331618032880755 4.121333750594812
0.14331618032880755 4.121333750594812
0.14379475488954507 4.069981147391934
0.05888503161304882 4.117097553052491
0.05888503161304882 4.117097553052491
0.05888503161304882 4.117097553052491
0.05888503161304882 4.117097553052491
0.05888503161304882 4.117097553052491
0.05888503161304882 4.117097553052491
0.05888503161304882 4.117097553052491
0.05888503161304882 4.117097553052491
0.05888503161304882 4.117097553052491
0.05888503161304882 4.117097553052491
0.05888503161304882 4.117097553052491
0.05888503161304882 4.117097553052491
0.05888503161304882 4.117097553052491
0.05888503161304882 4.117097553052491
0.05888503161304882 4.117097553052491
0.05888503161304882 4.117097553052491
0.05888503161304882 4.117097553052491
0.05888503161304882 4.117097553052491
0.05888503161304882 4.117097553052491
0.05888503161304882 4.117097553052491
0.05888503161304882 4.117097553052491
0.05888503161304882 4.117097553052491
0.05888503161304882 4.117097553052491
0.05888503161304882 4.117097553052491
0.05888503161304882 4.117097553052491
0.05888503161304882 4.117097553052491
0.05888503161304882 4.117097553052491
0.05888503161304882 4.117097553052491
0.05888503161304882 4.117097553052491
