0.3164629466702612 4.3753525763971775
0.639096323131577 3.770159645463778
0.3164629466702612 4.3753525763971775
0.3164629466702612 4.3753525763971775
0.639096323131577 3.748273328861913
0.3164629466702612 4.3753525763971775
0.3164629466702612 4.3753525763971775
0.639096323131577 3.748273328861913
0.639096323131577 3.7474654589312943
0.639096323131577 3.7396198496189443
0.639096323131577 3.735745510918208
0.639096323131577 3.735745510918208
0.639096323131577 3.735745510918208
0.639096323131577 3.735745510918208
0.639096323131577 3.735745510918208
0.639096323131577 3.735745510918208
0.639096323131577 3.735507936155431
0.639096323131577 3.735507936155431
0.639096323131577 3.7328143588762517
0.639096323131577 3.7328143588762517
0.639096323131577 3.712131516291029
0.639096323131577 3.6388480617362235
0.639096323131577 3.6388480617362235
0.639096323131577 3.6298753704907973
0.639096323131577 3.6298753704907973
0.3164629466702612 4.342318314316236
0.34049286695494074 4.286415010878097
0.34049286695494074 4.243180018024368
0.34049286695494074 4.243180018024368
0.34049286695494074 4.243180018024368
0.4951053463404438 3.739729448151008
0.4951053463404438 3.739729448151008
0.4951053463404438 3.739729448151008
0.4951053463404438 3.738774626599901
0.4951053463404438 3.7585559788291527
0.4951053463404438 3.74757270307727
0.4951053463404438 3.74757270307727
0.37429232172303173 3.7233640327482718
0.37429232172303173 3.7233640327482718
0.42615074829988564 3.6307028084043007
0.42615074829988564 3.6307028084043007
0.42615074829988564 3.6307028084043007
0.42615074829988564 3.6307028084043007
0.42615074829988564 3.6307028084043007
0.42615074829988564 3.6307028084043007
0.42615074829988564 3.6307028084043007
0.42615074829988564 3.6307028084043007
0.42615074829988564 3.6307028084043007
0.42615074829988564 3.6307028084043007
0.42615074829988564 3.6056255054226125
0.42615074829988564 3.6056255054226125
0.42615074829988564 3.6056255054226125
0.42615074829988564 3.6056255054226125
0.42615074829988564 3.6056255054226125
0.48020855807763785 3.5367654232246726
0.48020855807763785 3.5367654232246726
0.48020855807763785 3.5367654232246726
0.48020855807763785 3.5367654232246726
0.48020855807763785 3.5367654232246726
0.48020855807763785 3.5367654232246726
0.48020855807763785 3.5367654232246726
0.48020855807763785 3.5367654232246726
0.48020855807763785 3.5367654232246726
0.48020855807763785 3.5367654232246726
0.48020855807763785 3.5367654232246726
0.48020855807763785 3.5367654232246726
0.48020855807763785 3.5367654232246726
0.48020855807763785 3.5367654232246726
0.48020855807763785 3.5367654232246726
0.48020855807763785 3.5367654232246726
0.48020855807763785 3.5367654232246726
0.48020855807763785 3.5367654232246726
0.48020855807763785 3.5367654232246726
0.48020855807763785 3.5367654232246726
0.632227460893259 3.3305371790343963
0.632227460893259 3.3305371790343963
0.632227460893259 3.3305371790343963
0.632227460893259 3.3305371790343963
0.632227460893259 3.3305371790343963
0.632227460893259 3.3305371790343963
0.632227460893259 3.3305371790343963
0.632227460893259 3.3305371790343963
0.632227460893259 3.3305371790343963
0.632227460893259 3.3305371790343963
0.632227460893259 3.3305371790343963
0.632227460893259 3.3305371790343963
0.5755063609957947 3.0968710442214245
0.632227460893259 3.3305371790343963
0.632227460893259 3.3305371790343963
0.632227460893259 3.3305371790343963
0.632227460893259 3.3305371790343963
0.632227460893259 3.3305371790343963
0.632227460893259 3.3305371790343963
0.632227460893259 3.3305371790343963
0.632227460893259 3.3305371790343963
0.632227460893259 3.3305371790343963
0.632227460893259 3.3305371790343963
0.632227460893259 3.3305371790343963
0.632227460893259 3.3305371790343963
0.632227460893259 3.3305371790343963
0.632227460893259 3.3305371790343963
0.632227460893259 3.3305371790343963
0.632227460893259 3.2989499587004167
0.632227460893259 3.313389312403615
0.632227460893259 3.340430457850736
0.632227460893259 3.340430457850736
0.632227460893259 3.3391138899732087
0.632227460893259 3.3290454599559385
0.632227460893259 3.3290454599559385
0.632227460893259 3.3290454599559385
0.632227460893259 3.3398792885406943
0.632227460893259 3.3455729278463107
0.632227460893259 3.3455729278463107
0.632227460893259 3.2989499587004167
0.632227460893259 3.2880226569209987
0.632227460893259 3.3467780887233234
0.632227460893259 3.3171452953779177
0.632227460893259 3.336237134091237
0.6387850902550292 3.199991962926762
0.6387850902550292 3.1996733173348053
0.6387850902550292 3.1996733173348053
0.6387850902550292 3.177565109396718
0.5262413776926418 3.0159824893343554
0.5262413776926418 3.0159824893343554
0.5262413776926418 3.0159824893343554
0.5262413776926418 3.0159824893343554
0.5262413776926418 3.0159824893343554
0.5262413776926418 3.0159824893343554
0.5262413776926418 3.0159824893343554
0.5262413776926418 3.0159824893343554
0.5262413776926418 3.0159824893343554
0.5262413776926418 3.0159824893343554
0.5262413776926418 3.0159824893343554
0.5262413776926418 3.0159824893343554
0.5262413776926418 3.0159824893343554
0.5262413776926418 3.0159824893343554
0.5262413776926418 3.0159824893343554
0.5262413776926418 3.0159824893343554
0.5262413776926418 3.0159824893343554
0.5262413776926418 3.0159824893343554
0.5262413776926418 3.0159824893343554
0.5262413776926418 3.0159824893343554
0.5262413776926418 3.0159824893343554
0.5262413776926418 3.0159824893343554
0.5262413776926418 3.0159824893343554
0.49308411891456566 3.0228874708959053
0.49308411891456566 3.0228874708959053
0.49308411891456566 3.0266844302897202
0.49308411891456566 3.0266844302897202
0.49308411891456566 3.0266844302897202
0.49308411891456566 3.0266844302897202
0.49308411891456566 3.035709157005172
0.49308411891456566 3.035709157005172
0.49308411891456566 3.035709157005172
0.49308411891456566 3.035709157005172
0.49308411891456566 3.035709157005172
0.49308411891456566 3.035709157005172
0.49308411891456566 3.035709157005172
0.49308411891456566 3.0592393517833636
0.49308411891456566 3.0592393517833636
0.49308411891456566 3.0592393517833636
0.49308411891456566 3.0592393517833636
0.49308411891456566 3.0592393517833636
0.49308411891456566 3.0592393517833636
0.49308411891456566 3.0592393517833636
0.49308411891456566 3.0592393517833636
0.49308411891456566 3.0592393517833636
0.49308411891456566 3.0592393517833636
0.49308411891456566 3.0592393517833636
0.49308411891456566 3.035709157005172
0.49308411891456566 3.071009824963913
0.49308411891456566 3.0266844302897202
0.49308411891456566 3.0266844302897202
0.49308411891456566 3.0228874708959053
0.49308411891456566 3.064827033788604
0.49308411891456566 3.061408886785318
0.49308411891456566 3.048543769742372
0.49308411891456566 3.071009824963913
0.5262413776926418 3.029746596491093
0.5262413776926418 3.0056655803202106
0.5262413776926418 2.9571194124218145
0.5262413776926418 3.014825388030537
0.5262413776926418 3.025199495231112
0.5262413776926418 3.025199495231112
0.5262413776926418 3.0098796039469713
0.44629153666798 2.886158676578281
0.44629153666798 2.886158676578281
0.44629153666798 2.886158676578281
0.44629153666798 2.886158676578281
0.44629153666798 2.886158676578281
0.40979332251564315 2.899509842544254
0.40979332251564315 2.899509842544254
0.40979332251564315 2.899509842544254
0.40979332251564315 2.899509842544254
0.40979332251564315 2.899509842544254
0.40979332251564315 2.899509842544254
0.37329510836330626 2.914795438865848
0.40979332251564315 2.899509842544254
0.40979332251564315 2.899509842544254
0.40979332251564315 2.899509842544254
0.40979332251564315 2.899509842544254
0.40979332251564315 2.899509842544254
0.40979332251564315 2.899509842544254
0.40979332251564315 2.899509842544254
0.40979332251564315 2.899509842544254
0.40979332251564315 2.899509842544254
0.40979332251564315 2.899509842544254
0.40979332251564315 2.899509842544254
0.40979332251564315 2.899509842544254
0.40979332251564315 2.899509842544254
0.3719135084324937 3.256629728086766
0.3719135084324937 3.23582780477562
0.3719135084324937 3.23582780477562
0.3719135084324937 3.192517982064298
0.3719135084324937 3.192517982064298
0.3719135084324937 3.192517982064298
0.3719135084324937 3.192517982064298
0.3719135084324937 3.192517982064298
0.3719135084324937 3.192517982064298
0.3719135084324937 3.192517982064298
0.3719135084324937 3.192517982064298
0.3719135084324937 3.192517982064298
0.3719135084324937 3.192517982064298
0.3719135084324937 3.192517982064298
0.3719135084324937 3.192517982064298
0.3719135084324937 3.23582780477562
0.3719135084324937 3.23582780477562
0.3719135084324937 3.23582780477562
0.3719135084324937 3.23582780477562
0.3719135084324937 3.23582780477562
0.3409636801821307 3.031606605446287
0.3409636801821307 3.031606605446287
0.3409636801821307 3.031606605446287
0.3409636801821307 3.031606605446287
0.3409636801821307 3.031606605446287
0.3409636801821307 3.031606605446287
0.3409636801821307 3.031606605446287
0.3409636801821307 3.031606605446287
0.3409636801821307 3.031606605446287
0.3409636801821307 3.031606605446287
0.3409636801821307 3.031606605446287
0.3409636801821307 3.031606605446287
0.3409636801821307 3.031606605446287
0.3409636801821307 3.031606605446287
0.3409636801821307 3.031606605446287
0.3409636801821307 3.031606605446287
0.3409636801821307 3.031606605446287
0.3409636801821307 3.031606605446287
0.3409636801821307 3.031606605446287
0.3409636801821307 3.031606605446287
0.3409636801821307 3.031606605446287
0.323338923116316 3.345918016727486
0.323338923116316 3.345918016727486
0.323338923116316 3.345918016727486
0.323338923116316 3.3128106180916435
0.323338923116316 3.296264993461369
0.323338923116316 3.296264993461369
0.323338923116316 3.296264993461369
0.323338923116316 3.3128106180916435
0.323338923116316 3.3128106180916435
0.323338923116316 3.3128106180916435
0.323338923116316 3.3128106180916435
0.323338923116316 3.3128106180916435
0.323338923116316 3.3128106180916435
0.323338923116316 3.3128106180916435
0.323338923116316 3.345918016727486
0.323338923116316 3.345918016727486
0.323338923116316 3.345918016727486
0.323338923116316 3.345918016727486
0.323338923116316 3.345918016727486
0.323338923116316 3.345918016727486
0.323338923116316 3.345918016727486
0.323338923116316 3.345918016727486
0.323338923116316 3.345918016727486
0.323338923116316 3.345918016727486
0.323338923116316 3.345918016727486
0.323338923116316 3.345918016727486
0.323338923116316 3.345918016727486
0.323338923116316 3.345918016727486
0.323338923116316 3.345918016727486
0.323338923116316 3.345918016727486
0.323338923116316 3.345918016727486
0.323338923116316 3.3128106180916435
0.323338923116316 3.3128106180916435
0.323338923116316 3.296264993461369
0.323338923116316 3.362479723083903
0.323338923116316 3.3629784912789464
0.323338923116316 3.3449988864104028
0.323338923116316 3.3521728062134035
0.323338923116316 3.3423955861642245
0.323338923116316 3.3423955861642245
0.323338923116316 3.3423955861642245
0.323338923116316 3.3490464874255523
0.323338923116316 3.3490464874255523
0.323338923116316 3.3346904386660654
0.323338923116316 3.3346904386660654
0.323338923116316 3.345918016727486
0.323338923116316 3.345918016727486
0.323338923116316 3.3646710066168284
0.323338923116316 3.3646710066168284
0.323338923116316 3.32916352756922
0.323338923116316 3.30213634605528
0.323338923116316 3.30213634605528
0.1935512821520016 3.517521464412046
0.1935512821520016 3.517521464412046
0.1935512821520016 3.517521464412046
0.1935512821520016 3.517521464412046
0.1935512821520016 3.517521464412046
0.1935512821520016 3.517521464412046
0.1935512821520016 3.517521464412046
0.1935512821520016 3.517521464412046
0.1935512821520016 3.5088990246884695
0.1935512821520016 3.4914467449555633
0.1935512821520016 3.4914467449555633
0.1935512821520016 3.448940702045225
0.1935512821520016 3.448940702045225
0.1935512821520016 3.354465697663358
0.1935512821520016 3.354465697663358
0.1935512821520016 3.354465697663358
0.1935512821520016 3.354465697663358
0.1935512821520016 3.354465697663358
0.1935512821520016 3.354465697663358
0.1935512821520016 3.354465697663358
0.1935512821520016 3.354465697663358
0.1935512821520016 3.354465697663358
0.1935512821520016 3.354465697663358
0.1935512821520016 3.354465697663358
0.1935512821520016 3.354465697663358
0.1935512821520016 3.354465697663358
0.1935512821520016 3.4400033815254756
0.1935512821520016 3.448940702045225
0.1935512821520016 3.448940702045225
0.1935512821520016 3.4642231218047645
0.12432326712583172 3.4798664996519717
0.12432326712583172 3.4798664996519717
0.12432326712583172 3.4798664996519717
0.12432326712583172 3.4798664996519717
0.12432326712583172 3.4798664996519717
0.12432326712583172 3.4798664996519717
0.12432326712583172 3.4798664996519717
0.12432326712583172 3.4798664996519717
0.12432326712583172 3.4798664996519717
0.12432326712583172 3.4626460449152794
0.12432326712583172 3.4626460449152794
0.12432326712583172 3.4626460449152794
0.12432326712583172 3.4614583655825655
0.12432326712583172 3.4614583655825655
0.12432326712583172 3.4607724940025544
0.12432326712583172 3.4607724940025544
0.12432326712583172 3.4577442376065024
0.12432326712583172 3.4577442376065024
0.12432326712583172 3.4577442376065024
0.12432326712583172 3.4577442376065024
0.12432326712583172 3.4577442376065024
0.12432326712583172 3.451678458755022
0.12432326712583172 3.451678458755022
0.12432326712583172 3.433177999230583
0.12432326712583172 3.4189948563752126
0.12432326712583172 3.4189948563752126
0.12432326712583172 3.4189948563752126
0.12432326712583172 3.4189948563752126
0.12432326712583172 3.4189948563752126
0.12432326712583172 3.4189948563752126
0.12432326712583172 3.433177999230583
0.12432326712583172 3.4614583655825655
0.12432326712583172 3.4626460449152794
0.12432326712583172 3.490695536382869
0.12432326712583172 3.413934695807284
0.12432326712583172 3.413934695807284
0.12432326712583172 3.413934695807284
0.12432326712583172 3.413934695807284
0.12432326712583172 3.39759895738875
0.12432326712583172 3.39759895738875
0.12432326712583172 3.39759895738875
0.12432326712583172 3.39759895738875
0.12432326712583172 3.39759895738875
0.1190153068808496 3.63909327963127
0.1190153068808496 3.63909327963127
0.1190153068808496 3.63909327963127
0.1190153068808496 3.63909327963127
0.1190153068808496 3.6751731909220595
0.10592241648585118 3.7104299493842867
0.10592241648585118 3.7104299493842867
0.10592241648585118 3.7104299493842867
0.10592241648585118 3.7104299493842867
0.10155811968751838 3.72203177888501
0.10155811968751838 3.72203177888501
0.08846522929251996 3.789318671396946
0.08846522929251996 3.789318671396946
0.08846522929251996 3.789318671396946
0.08846522929251996 3.789318671396946
0.08410093249418715 3.8103545754657118
0.07537233889752154 3.8539550928761455
0.07537233889752154 3.8539550928761455
0.07537233889752154 3.8539550928761455
0.06882589370002233 3.8662016484262565
0.06882589370002233 3.8662016484262565
0.06227944850252312 3.9109996016504285
0.06227944850252312 3.9109996016504285
0.04045796451085909 4.072722389997343
0.04045796451085909 4.072722389997343
0.04045796451085909 4.072722389997343
0.04045796451085909 4.072722389997343
0.04045796451085909 4.072722389997343
0.04045796451085909 4.072722389997343
0.008075706721097718 5.014202031677685
