0.28774066485627303 3.9945822842021577
0.7534823523931335 2.9210402706480103
0.9359495937303087 2.8174013333262953
0.28774066485627303 3.9710641472214285
0.9359495937303087 2.8099576740950853
0.9359495937303087 2.8099576740950853
0.3565957750199944 4.141517653181694
0.3565957750199944 4.141517653181694
0.3565957750199944 4.136528321923338
0.3565957750199944 4.136528321923338
0.3565957750199944 4.136528321923338
0.3565957750199944 4.136528321923338
0.3565957750199944 4.124258586488358
0.3565957750199944 4.086937106347437
0.3565957750199944 4.084528563959036
0.3565957750199944 4.084528563959036
0.3565957750199944 4.084528563959036
0.3565957750199944 4.084528563959036
0.3565957750199944 4.084528563959036
0.3565957750199944 4.084528563959036
0.40826641492871485 3.9866502894745386
0.40826641492871485 3.9866502894745386
0.40826641492871485 3.9866502894745386
0.40826641492871485 3.9866502894745386
0.40826641492871485 3.9866502894745386
0.40826641492871485 3.9724446301449623
0.40826641492871485 3.967861674466462
0.40826641492871485 3.9724446301449623
0.40826641492871485 3.9724446301449623
0.40826641492871485 3.9724446301449623
0.40826641492871485 3.963397804019741
0.40826641492871485 3.963397804019741
0.40826641492871485 3.956433973598162
0.40826641492871485 3.938974965563048
0.40826641492871485 3.938974965563048
0.40826641492871485 3.938974965563048
0.40826641492871485 3.938974965563048
0.7534823523931335 2.781703996903602
0.7534823523931335 2.781703996903602
0.7534823523931335 2.781703996903602
0.7534823523931335 2.781703996903602
0.7534823523931335 2.781703996903602
0.7534823523931335 2.781703996903602
0.7534823523931335 2.781703996903602
0.6803511757197793 3.5812627880736527
0.6803511757197793 3.5812627880736527
0.6803511757197793 3.5812627880736527
0.8613892382109307 2.722792799362726
0.8613892382109307 2.722792799362726
0.7534823523931335 2.7573425054750635
0.7534823523931335 2.7573425054750635
0.7534823523931335 2.7573425054750635
0.7534823523931335 2.7362358086583227
0.7534823523931335 2.7362358086583227
0.7534823523931335 2.7362358086583227
0.7534823523931335 2.7362358086583227
0.7534823523931335 2.7362358086583227
0.7534823523931335 2.7362358086583227
0.7534823523931335 2.7362358086583227
0.5129242875104643 3.095776930315779
0.5129242875104643 3.095776930315779
0.5129242875104643 3.095776930315779
0.5129242875104643 3.095776930315779
0.5129242875104643 3.095776930315779
0.5129242875104643 3.095776930315779
0.5129242875104643 3.095776930315779
0.5129242875104643 3.095776930315779
0.5129242875104643 3.095776930315779
0.5129242875104643 3.095776930315779
0.5129242875104643 3.095776930315779
0.5129242875104643 3.095776930315779
0.5129242875104643 3.095776930315779
0.5129242875104643 3.095776930315779
0.5129242875104643 3.095776930315779
0.5129242875104643 3.095776930315779
0.5129242875104643 3.095776930315779
0.5129242875104643 3.095776930315779
0.5129242875104643 3.095776930315779
0.5129242875104643 3.095776930315779
0.5129242875104643 3.095776930315779
0.5129242875104643 3.095776930315779
0.5129242875104643 3.095776930315779
0.5129242875104643 3.095776930315779
0.5129242875104643 3.095776930315779
0.5129242875104643 3.095776930315779
0.5129242875104643 3.095776930315779
0.5129242875104643 3.095776930315779
0.5129242875104643 3.095776930315779
0.5129242875104643 3.097193412168124
0.5129242875104643 3.0917001843236296
0.5129242875104643 3.0917001843236296
0.5129242875104643 3.095776930315779
0.5129242875104643 3.095776930315779
0.5129242875104643 3.097815464085567
0.5129242875104643 3.097815464085567
0.5129242875104643 3.085698569854901
0.5129242875104643 3.0932648347531604
0.5129242875104643 3.0740251786153996
0.5129242875104643 3.0770604152212773
0.5129242875104643 3.096485164776585
0.5129242875104643 3.0967461616729492
0.5129242875104643 3.09477890748796
0.5129242875104643 3.0962615429669724
0.5129242875104643 3.049421573005898
0.5129242875104643 3.0988347711268274
0.5129242875104643 3.0988347711268274
0.5129242875104643 3.0884555799705873
0.5129242875104643 3.0871820996560047
0.5129242875104643 3.091466859868264
0.5129242875104643 3.091466859868264
0.5129242875104643 3.0971557697687104
0.5129242875104643 3.0971557697687104
0.5129242875104643 3.0971557697687104
0.5129242875104643 3.0971557697687104
0.5129242875104643 3.093532372454724
0.5129242875104643 3.0976924514349626
0.587757636333019 2.922528983136978
0.587757636333019 2.922528983136978
0.587757636333019 2.922528983136978
0.587757636333019 2.922528983136978
0.587757636333019 2.922528983136978
0.587757636333019 2.922528983136978
0.587757636333019 2.922528983136978
0.5129242875104643 3.0303985986862627
0.5129242875104643 3.0303985986862627
0.5129242875104643 3.0303985986862627
0.5129242875104643 3.0126411484469138
0.5129242875104643 3.0126411484469138
0.5129242875104643 3.0126411484469138
0.5129242875104643 3.0126411484469138
0.5129242875104643 3.0303985986862627
0.5129242875104643 3.0303985986862627
0.5129242875104643 3.0303985986862627
0.5129242875104643 3.0303985986862627
0.5129242875104643 3.0303985986862627
0.5129242875104643 3.0303985986862627
0.5129242875104643 3.0303985986862627
0.5129242875104643 3.0303985986862627
0.5129242875104643 3.0303985986862627
0.5129242875104643 3.0303985986862627
0.5129242875104643 3.0303985986862627
0.5129242875104643 3.0303985986862627
0.5129242875104643 3.0303985986862627
0.5129242875104643 3.0303985986862627
0.5129242875104643 3.0303985986862627
0.5129242875104643 3.0303985986862627
0.5129242875104643 3.0303985986862627
0.5129242875104643 3.0303985986862627
0.5129242875104643 3.0303985986862627
0.5129242875104643 3.0303985986862627
0.5129242875104643 3.0303985986862627
0.5129242875104643 3.0303985986862627
0.5129242875104643 3.0303985986862627
0.5129242875104643 3.034133412176533
0.5129242875104643 3.034133412176533
0.5129242875104643 3.0126411484469138
0.5129242875104643 3.0303985986862627
0.5129242875104643 2.996139921460524
0.5129242875104643 3.028531330750493
0.5129242875104643 3.013677075052198
0.5129242875104643 3.0442541971563055
0.5129242875104643 3.013677075052198
0.5129242875104643 3.024751491804351
0.5129242875104643 3.0379797301513825
0.5129242875104643 3.0379797301513825
0.5129242875104643 3.017768569032183
0.5129242875104643 3.017768569032183
0.5129242875104643 3.028531330750493
0.5129242875104643 3.0350671733365755
0.5129242875104643 3.025675053173561
0.5129242875104643 3.0412483278942557
0.5129242875104643 3.033199674122956
0.5129242875104643 3.033199674122956
0.4259155019265076 2.7865405214878516
0.4259155019265076 2.7865405214878516
0.4259155019265076 2.7865405214878516
0.4259155019265076 2.7865405214878516
0.4259155019265076 2.7865405214878516
0.4259155019265076 2.7865405214878516
0.4259155019265076 2.7865405214878516
0.4259155019265076 2.7865405214878516
0.4259155019265076 2.7865405214878516
0.4259155019265076 2.7865405214878516
0.4259155019265076 2.7865405214878516
0.4259155019265076 2.7865405214878516
0.4259155019265076 2.7865405214878516
0.4259155019265076 2.7865405214878516
0.4259155019265076 2.7865405214878516
0.4259155019265076 2.7865405214878516
0.4259155019265076 2.7865405214878516
0.4259155019265076 2.7865405214878516
0.4259155019265076 2.7865405214878516
0.4117650958358504 2.9964776261098525
0.4117650958358504 2.9964776261098525
0.4117650958358504 2.9964776261098525
0.4117650958358504 2.9964776261098525
0.4117650958358504 2.9964776261098525
0.4117650958358504 2.9964776261098525
0.4117650958358504 2.9964776261098525
0.4117650958358504 2.9964776261098525
0.4117650958358504 2.9964776261098525
0.4117650958358504 2.9964776261098525
0.4117650958358504 2.9964776261098525
0.4117650958358504 2.9964776261098525
0.4117650958358504 2.9964776261098525
0.4117650958358504 2.9964776261098525
0.4117650958358504 2.9964776261098525
0.39429527449412405 3.115760846333993
0.39429527449412405 3.115760846333993
0.39429527449412405 3.115760846333993
0.39429527449412405 3.115760846333993
0.39429527449412405 3.115760846333993
0.39429527449412405 3.115760846333993
0.39429527449412405 3.115760846333993
0.39429527449412405 3.115760846333993
0.39429527449412405 3.115760846333993
0.39429527449412405 3.115760846333993
0.39429527449412405 3.115760846333993
0.39429527449412405 3.115760846333993
0.39429527449412405 3.115760846333993
0.39429527449412405 3.115760846333993
0.39429527449412405 3.115760846333993
0.39429527449412405 3.115760846333993
0.39429527449412405 3.115760846333993
0.39429527449412405 3.115760846333993
0.39429527449412405 3.115760846333993
0.39429527449412405 3.115760846333993
0.39429527449412405 3.115760846333993
0.39429527449412405 3.115760846333993
0.39429527449412405 3.115760846333993
0.39429527449412405 3.115760846333993
0.39429527449412405 3.115760846333993
0.39429527449412405 3.115760846333993
0.39429527449412405 3.115760846333993
0.39429527449412405 3.115760846333993
0.39429527449412405 3.115760846333993
0.39429527449412405 3.115760846333993
0.39429527449412405 3.119078360107481
0.39429527449412405 3.119078360107481
0.3743783766057982 3.1163914299446245
0.3743783766057982 3.1163914299446245
0.3743783766057982 3.1163914299446245
0.3743783766057982 3.1163914299446245
0.3743783766057982 3.1163914299446245
0.3743783766057982 3.1163914299446245
0.3743783766057982 3.1163914299446245
0.3743783766057982 3.1163914299446245
0.3743783766057982 3.1163914299446245
0.3743783766057982 3.1163914299446245
0.3743783766057982 3.1163914299446245
0.3743783766057982 3.1163914299446245
0.3743783766057982 3.1163914299446245
0.3743783766057982 3.1163914299446245
0.3743783766057982 3.1163914299446245
0.3743783766057982 3.1163914299446245
0.3545891220207962 3.1727426848900855
0.3545891220207962 3.1727426848900855
0.3545891220207962 3.1727426848900855
0.3545891220207962 3.1727426848900855
0.3545891220207962 3.1727426848900855
0.3545891220207962 3.1727426848900855
0.3545891220207962 3.1727426848900855
0.3545891220207962 3.1727426848900855
0.3545891220207962 3.1727426848900855
0.3545891220207962 3.1727426848900855
0.3545891220207962 3.1727426848900855
0.3161716167215446 3.175564679657067
0.3161716167215446 3.175564679657067
0.3161716167215446 3.172388864466362
0.3161716167215446 3.172388864466362
0.3161716167215446 3.1703002535205456
0.3161716167215446 3.1703002535205456
0.3161716167215446 3.1703002535205456
0.3161716167215446 3.1703002535205456
0.3161716167215446 3.1703002535205456
0.3161716167215446 3.1703002535205456
0.3161716167215446 3.1703002535205456
0.3161716167215446 3.1703002535205456
0.3161716167215446 3.166508329932599
0.3161716167215446 3.166508329932599
0.3161716167215446 3.166508329932599
0.3161716167215446 3.166508329932599
0.3161716167215446 3.166508329932599
0.3161716167215446 3.166508329932599
0.3161716167215446 3.166508329932599
0.3161716167215446 3.166508329932599
0.3161716167215446 3.166508329932599
0.3161716167215446 3.166508329932599
0.3161716167215446 3.166508329932599
0.3161716167215446 3.166508329932599
0.3161716167215446 3.166508329932599
0.3161716167215446 3.166508329932599
0.3161716167215446 3.166508329932599
0.3161716167215446 3.1703002535205456
0.3161716167215446 3.175564679657067
0.3161716167215446 3.175564679657067
0.3161716167215446 3.175564679657067
0.3161716167215446 3.172388864466362
0.3161716167215446 3.1703002535205456
0.3161716167215446 3.1703002535205456
0.3161716167215446 3.1703002535205456
0.3161716167215446 3.175564679657067
0.3161716167215446 3.175564679657067
0.3161716167215446 3.176594373848185
0.3161716167215446 3.1703002535205456
0.3161716167215446 3.1703002535205456
0.3161716167215446 3.1703002535205456
0.2651581171849573 3.234458762548585
0.2651581171849573 3.234458762548585
0.2651581171849573 3.234458762548585
0.2651581171849573 3.234458762548585
0.2651581171849573 3.2528877792805635
0.2651581171849573 3.234458762548585
0.2651581171849573 3.234458762548585
0.2651581171849573 3.234458762548585
0.2651581171849573 3.234458762548585
0.2651581171849573 3.234458762548585
0.2651581171849573 3.234458762548585
0.2651581171849573 3.234458762548585
0.2651581171849573 3.234458762548585
0.2651581171849573 3.234458762548585
0.2651581171849573 3.234458762548585
0.2651581171849573 3.234458762548585
0.2651581171849573 3.234458762548585
0.2651581171849573 3.234458762548585
0.2651581171849573 3.234458762548585
0.2651581171849573 3.234458762548585
0.2651581171849573 3.234458762548585
0.2651581171849573 3.234458762548585
0.2651581171849573 3.234458762548585
0.2651581171849573 3.234458762548585
0.2651581171849573 3.234458762548585
0.2651581171849573 3.234458762548585
0.22902918632437239 3.7392498708833473
0.22902918632437239 3.7392498708833473
0.22902918632437239 3.7392498708833473
0.22902918632437239 3.7392498708833473
0.22902918632437239 3.7392498708833473
0.22902918632437239 3.7268314494882984
0.22902918632437239 3.7268314494882984
0.22902918632437239 3.7268314494882984
0.2036270182391387 3.735919106431008
0.2036270182391387 3.7329537982442704
0.2036270182391387 3.7329537982442704
0.2036270182391387 3.68226022200769
0.2036270182391387 3.68226022200769
0.2036270182391387 3.68226022200769
0.2036270182391387 3.735919106431008
0.178224850153905 3.7452347745459025
0.178224850153905 3.7452347745459025
0.178224850153905 3.7452347745459025
0.178224850153905 3.7426820481087626
0.178224850153905 3.7426820481087626
0.178224850153905 3.7426820481087626
0.14926986095938877 3.7510235234168507
0.14926986095938877 3.7510235234168507
0.14926986095938877 3.7510235234168507
0.14926986095938877 3.7510235234168507
0.14926986095938877 3.693064463393661
0.14926986095938877 3.693064463393661
0.14926986095938877 3.693064463393661
0.14926986095938877 3.693064463393661
0.14926986095938877 3.7510235234168507
0.14926986095938877 3.7510235234168507
0.12031487176487254 3.8173458581973243
0.12031487176487254 3.8173458581973243
0.12031487176487254 3.8173458581973243
0.12031487176487254 3.8173458581973243
0.12031487176487254 3.8173458581973243
0.12031487176487254 3.8173458581973243
0.12031487176487254 3.8173458581973243
0.12031487176487254 3.8173458581973243
0.12031487176487254 3.8173458581973243
0.12031487176487254 3.8429623180362955
0.12031487176487254 3.8429623180362955
0.1288158695163409 4.124744772637467
0.09871993246674768 3.9587128986586015
0.09871993246674768 3.9587128986586015
0.09871993246674768 3.9587128986586015
0.09871993246674768 3.9587128986586015
0.09871993246674768 3.9587128986586015
0.06838682903636589 4.150759743592431
0.06838682903636589 4.150759743592431
0.06838682903636589 4.150759743592431
0.06838682903636589 4.150759743592431
0.06838682903636589 4.150759743592431
0.06838682903636589 4.150759743592431
0.06838682903636589 4.150759743592431
0.06838682903636589 4.150759743592431
0.06838682903636589 4.150759743592431
0.06838682903636589 4.150759743592431
0.06205003582956602 4.157930016590909
0.04937644941596628 4.161602490380877
0.04937644941596628 4.161602490380877
0.04937644941596628 4.161602490380877
0.04937644941596628 4.161602490380877
0.036702863002366526 4.172576478346438
0.036702863002366526 4.172576478346438
0.036702863002366526 4.172576478346438
0.036702863002366526 4.172576478346438
0.011355690175167035 4.2423157283191335
0.011355690175167035 4.2423157283191335
0.011355690175167035 4.2423157283191335
0.011355690175167035 4.2423157283191335
0.011355690175167035 4.2423157283191335
0.011355690175167035 4.2423157283191335
