0.4474685330007273 3.9864918673424743
0.4474685330007273 3.9864918673424743
0.4474685330007273 3.9581821058697773
0.4474685330007273 3.9581821058697773
0.4474685330007273 3.9347356802777043
0.4474685330007273 3.9347356802777043
0.4526384660431978 3.9218553015227657
0.4526384660431978 3.9218553015227657
0.4526384660431978 3.890015028873481
0.5258671344888934 3.774132284999342
0.5258671344888934 3.774132284999342
0.5258671344888934 3.774132284999342
0.5258671344888934 3.774132284999342
0.5258671344888934 3.774132284999342
0.5258671344888934 3.7728645371013787
0.5258671344888934 3.7728645371013787
0.5258671344888934 3.770051113739477
0.5258671344888934 3.712125771187703
0.5258671344888934 3.7082244521353935
0.5258671344888934 3.7082244521353935
0.5258671344888934 3.701131383510818
0.5258671344888934 3.701131383510818
0.5258671344888934 3.701131383510818
0.5258671344888934 3.701131383510818
0.5258671344888934 3.701131383510818
0.4526384660431978 3.844329504339277
0.5258671344888934 3.684844104401227
0.7876080936795098 2.6286111178921443
0.4526384660431978 3.835136973830483
0.4526384660431978 3.835136973830483
0.4526384660431978 3.812430382131004
0.4526384660431978 3.80152019325254
0.4526384660431978 3.80152019325254
0.4526384660431978 3.80152019325254
0.4526384660431978 3.80152019325254
0.4526384660431978 3.80152019325254
0.4526384660431978 3.80152019325254
0.4526384660431978 3.812430382131004
0.4526384660431978 3.812430382131004
0.4526384660431978 3.812430382131004
0.4526384660431978 3.812430382131004
0.4526384660431978 3.812430382131004
0.4526384660431978 3.812430382131004
0.4526384660431978 3.812430382131004
0.4526384660431978 3.812430382131004
0.4526384660431978 3.812430382131004
0.4526384660431978 3.812430382131004
0.4526384660431978 3.783436324116949
0.4526384660431978 3.783436324116949
0.4526384660431978 3.783436324116949
0.4526384660431978 3.783436324116949
0.4526384660431978 3.783436324116949
0.4526384660431978 3.783436324116949
0.4526384660431978 3.783436324116949
0.4526384660431978 3.783436324116949
0.4526384660431978 3.783436324116949
0.4526384660431978 3.783436324116949
0.4526384660431978 3.783436324116949
0.4607980986460257 3.7433555121095687
0.4607980986460257 3.7433555121095687
0.4607980986460257 3.7433555121095687
0.4607980986460257 3.7433555121095687
0.4607980986460257 3.7433555121095687
0.4607980986460257 3.7433555121095687
0.4607980986460257 3.7433555121095687
0.4607980986460257 3.7433555121095687
0.47938471672926963 3.6430444484503752
0.47938471672926963 3.6430444484503752
0.47938471672926963 3.6430444484503752
0.47938471672926963 3.6430444484503752
0.47938471672926963 3.6430444484503752
0.47938471672926963 3.6430444484503752
0.47938471672926963 3.6430444484503752
0.47938471672926963 3.6430444484503752
0.47938471672926963 3.6430444484503752
0.47938471672926963 3.6430444484503752
0.47938471672926963 3.6430444484503752
0.47938471672926963 3.6430444484503752
0.47938471672926963 3.6430444484503752
0.47938471672926963 3.6430444484503752
0.5144452193580716 3.5599491781780532
0.6948917149635023 2.9343069921687572
0.6948917149635023 2.9343069921687572
0.6948917149635023 2.9343069921687572
0.6948917149635023 2.9343069921687572
0.5792274185521937 2.947905652446461
0.5792274185521937 2.947905652446461
0.5792274185521937 2.947905652446461
0.5792274185521937 2.947905652446461
0.5792274185521937 2.947905652446461
0.5792274185521937 2.947905652446461
0.5792274185521937 2.947905652446461
0.5792274185521937 2.947905652446461
0.5792274185521937 2.947905652446461
0.5792274185521937 2.947905652446461
0.5792274185521937 2.947905652446461
0.5792274185521937 2.947905652446461
0.5792274185521937 2.947905652446461
0.5792274185521937 2.947905652446461
0.5792274185521937 2.947905652446461
0.5792274185521937 2.947905652446461
0.5792274185521937 2.947905652446461
0.5792274185521937 2.947905652446461
0.5792274185521937 2.947905652446461
0.5166017492934319 3.170188089240286
0.5166017492934319 3.170188089240286
0.5757273263961525 3.3665656000426583
0.5757273263961525 3.3665656000426583
0.5757273263961525 3.3665656000426583
0.3856629048656479 3.0978384607231453
0.3856629048656479 3.0978384607231453
0.3856629048656479 3.0978384607231453
0.3856629048656479 3.0978384607231453
0.3856629048656479 3.0978384607231453
0.3856629048656479 3.0978384607231453
0.3856629048656479 3.104247690880566
0.3856629048656479 3.0978384607231453
0.3856629048656479 3.0978384607231453
0.3856629048656479 3.0978384607231453
0.3856629048656479 3.0978384607231453
0.3856629048656479 3.0978384607231453
0.3856629048656479 3.0978384607231453
0.3856629048656479 3.0978384607231453
0.3856629048656479 3.0978384607231453
0.3856629048656479 3.0978384607231453
0.3856629048656479 3.0978384607231453
0.3856629048656479 3.0978384607231453
0.3856629048656479 3.0978384607231453
0.3856629048656479 3.0978384607231453
0.3856629048656479 3.0978384607231453
0.3856629048656479 3.0978384607231453
0.3856629048656479 3.0978384607231453
0.3856629048656479 3.0978384607231453
0.3856629048656479 3.0978384607231453
0.3856629048656479 3.0978384607231453
0.3856629048656479 3.0978384607231453
0.3856629048656479 3.0978384607231453
0.3856629048656479 3.0978384607231453
0.3856629048656479 3.0978384607231453
0.3856629048656479 3.1366700532022334
0.3856629048656479 3.080579143984141
0.3856629048656479 3.0692156898513896
0.3856629048656479 3.144716240102102
0.3856629048656479 3.1132291741988394
0.3856629048656479 3.0960440598600587
0.3856629048656479 3.0960440598600587
0.3856629048656479 3.0898009327215976
0.3856629048656479 3.0898009327215976
0.3856629048656479 3.0880773065914644
0.3856629048656479 3.148380730045924
0.3856629048656479 3.107225744737098
0.3856629048656479 3.088475410037743
0.3856629048656479 3.0978384607231453
0.3856629048656479 3.0947166540950666
0.3856629048656479 3.0947166540950666
0.3856629048656479 3.0938968821938566
0.3856629048656479 3.1179242280892585
0.3856629048656479 3.1365325152535943
0.3856629048656479 3.1065032938011887
0.3856629048656479 3.117460223249329
0.3856629048656479 3.1172029149781713
0.3856629048656479 3.1243659217564552
0.3856629048656479 3.107989138558373
0.3856629048656479 3.1214640478554667
0.3856629048656479 3.1214640478554667
0.3856629048656479 3.109042202556642
0.3856629048656479 3.109042202556642
0.3856629048656479 3.074726379144162
0.3856629048656479 3.074726379144162
0.5375250333443842 3.1902709298322613
0.5375250333443842 3.1902709298322613
0.5375250333443842 3.2122862082463657
0.5375250333443842 3.2122862082463657
0.5375250333443842 3.2122862082463657
0.4701847259491204 3.2217147931964756
0.4701847259491204 3.2079323245803653
0.4701847259491204 3.2079323245803653
0.4701847259491204 3.2079323245803653
0.4701847259491204 3.2079323245803653
0.4701847259491204 3.2079323245803653
0.4701847259491204 3.2079323245803653
0.4701847259491204 3.2079323245803653
0.4701847259491204 3.2079323245803653
0.4701847259491204 3.2079323245803653
0.4701847259491204 3.2079323245803653
0.6744897997437351 2.9531427876307075
0.6744897997437351 2.9531427876307075
0.673661530926626 2.975970163951275
0.6728332621095168 2.9829953092568906
0.6728332621095168 2.9829953092568906
0.4701847259491204 3.15254157045135
0.4701847259491204 3.15254157045135
0.4701847259491204 3.15254157045135
0.4701847259491204 3.15254157045135
0.4701847259491204 3.15254157045135
0.4701847259491204 3.15254157045135
0.4701847259491204 3.15254157045135
0.4701847259491204 3.1495508300779007
0.4701847259491204 3.1495508300779007
0.4701847259491204 3.1495508300779007
0.4701847259491204 3.1495508300779007
0.4701847259491204 3.144435774499983
0.4701847259491204 3.1263883866159663
0.4701847259491204 3.1263883866159663
0.4701847259491204 3.1263883866159663
0.4701847259491204 3.1263883866159663
0.4701847259491204 3.1263883866159663
0.4701847259491204 3.1263883866159663
0.4701847259491204 3.1263883866159663
0.4701847259491204 3.1263883866159663
0.4701847259491204 3.1263883866159663
0.4701847259491204 3.1263883866159663
0.4701847259491204 3.1263883866159663
0.4701847259491204 3.1263883866159663
0.4701847259491204 3.1263883866159663
0.4701847259491204 3.1263883866159663
0.4701847259491204 3.144435774499983
0.4701847259491204 3.15254157045135
0.4701847259491204 3.15254157045135
0.4701847259491204 3.15254157045135
0.4701847259491204 3.161784647579299
0.4701847259491204 3.161784647579299
0.4701847259491204 3.15254157045135
0.4701847259491204 3.157648727624924
0.4701847259491204 3.1675024342232363
0.4701847259491204 3.178856689061847
0.4701847259491204 3.1495508300779007
0.4701847259491204 3.15254157045135
0.4701847259491204 3.15254157045135
0.4701847259491204 3.161784647579299
0.4701847259491204 3.15104617300085
0.4701847259491204 3.1263883866159663
0.4701847259491204 3.1291066798470415
0.4701847259491204 3.1263883866159663
0.4701847259491204 3.1509505354010203
0.4701847259491204 3.1509505354010203
0.4701847259491204 3.1280084173269005
0.4701847259491204 3.151650405980806
0.4701847259491204 3.151650405980806
0.4701847259491204 3.1449301119153685
0.41943583989327404 3.2341149888862484
0.41943583989327404 3.2341149888862484
0.41943583989327404 3.2341149888862484
0.41943583989327404 3.232026976079027
0.41943583989327404 3.232026976079027
0.41943583989327404 3.232026976079027
0.41943583989327404 3.232026976079027
0.41943583989327404 3.2150800960876866
0.41943583989327404 3.2341149888862484
0.41943583989327404 3.2341149888862484
0.41943583989327404 3.2341149888862484
0.41943583989327404 3.2341149888862484
0.41943583989327404 3.2341149888862484
0.41943583989327404 3.2341149888862484
0.41943583989327404 3.2341149888862484
0.41943583989327404 3.2341149888862484
0.41943583989327404 3.2341149888862484
0.41943583989327404 3.2341149888862484
0.41943583989327404 3.2341149888862484
0.41943583989327404 3.2341149888862484
0.41943583989327404 3.2341149888862484
0.41943583989327404 3.2341149888862484
0.41943583989327404 3.2341149888862484
0.41943583989327404 3.2341149888862484
0.41943583989327404 3.2341149888862484
0.41943583989327404 3.2341149888862484
0.41943583989327404 3.2341149888862484
0.41943583989327404 3.2341149888862484
0.41943583989327404 3.2341149888862484
0.30105360609617526 2.893592088358034
0.30105360609617526 2.893592088358034
0.30105360609617526 2.893592088358034
0.30105360609617526 2.893592088358034
0.30105360609617526 2.893592088358034
0.30105360609617526 2.893592088358034
0.30105360609617526 2.893592088358034
0.30105360609617526 2.893592088358034
0.30105360609617526 2.893592088358034
0.30105360609617526 2.893592088358034
0.30105360609617526 2.893592088358034
0.30105360609617526 2.893592088358034
0.30105360609617526 2.893592088358034
0.30105360609617526 2.893592088358034
0.30105360609617526 2.893592088358034
0.30105360609617526 2.893592088358034
0.30105360609617526 2.893592088358034
0.30105360609617526 2.893592088358034
0.30105360609617526 2.7615085370314443
0.30105360609617526 2.893592088358034
0.30105360609617526 2.893592088358034
0.30105360609617526 2.893592088358034
0.30105360609617526 2.893592088358034
0.30105360609617526 2.893592088358034
0.30105360609617526 2.893592088358034
0.30105360609617526 2.893592088358034
0.30105360609617526 2.893592088358034
0.30105360609617526 2.893592088358034
0.30105360609617526 2.893592088358034
0.30105360609617526 2.893592088358034
0.30105360609617526 2.9021552838820157
0.30105360609617526 2.8893111261610933
0.30105360609617526 2.89147371302135
0.30105360609617526 2.89147371302135
0.30105360609617526 2.8484476822506166
0.30105360609617526 2.8680727800818553
0.30105360609617526 2.8871588210016013
0.30105360609617526 2.775469319508137
0.27542852202303236 3.091393164695183
0.27542852202303236 3.091393164695183
0.27542852202303236 3.091393164695183
0.27542852202303236 3.091393164695183
0.27542852202303236 3.091393164695183
0.27542852202303236 3.091393164695183
0.27542852202303236 3.091393164695183
0.27542852202303236 3.091393164695183
0.27542852202303236 3.091393164695183
0.27542852202303236 3.091393164695183
0.2654864978822582 3.1992331525317153
0.2654864978822582 3.1992331525317153
0.2654864978822582 3.1992331525317153
0.2654864978822582 3.1992331525317153
0.2654864978822582 3.1992331525317153
0.2654864978822582 3.1992331525317153
0.2654864978822582 3.1992331525317153
0.26300099184706466 3.22267859318462
0.2605154858118711 3.260529946862845
0.2605154858118711 3.260529946862845
0.2605154858118711 3.260529946862845
0.2605154858118711 3.260529946862845
0.2580299797766776 3.2984691832906594
0.2580299797766776 3.2984691832906594
0.2580299797766776 3.2984691832906594
0.2580299797766776 3.2984691832906594
0.25554447374148404 3.3364964295171364
0.25430172072388724 3.341807256325743
0.25430172072388724 3.341807256325743
0.25430172072388724 3.3592282302101446
0.25430172072388724 3.3592282302101446
0.25430172072388724 3.3592282302101446
0.25430172072388724 3.3592282302101446
0.25185505072049363 3.402714999503885
0.14872935997286274 3.135452713956733
0.14872935997286274 3.1054036076395533
0.14872935997286274 3.1054036076395533
0.14872935997286274 3.1028137693180193
0.14872935997286274 3.1028137693180193
0.14872935997286274 3.0953091620526445
0.14872935997286274 3.0953091620526445
0.14872935997286274 3.0953091620526445
0.14872935997286274 3.0953091620526445
0.14872935997286274 3.1028137693180193
0.14872935997286274 3.1028137693180193
0.14872935997286274 3.1028137693180193
0.14872935997286274 3.1028137693180193
0.14872935997286274 3.1028137693180193
0.14872935997286274 3.1028137693180193
0.14872935997286274 3.1028137693180193
0.14872935997286274 3.1028137693180193
0.14872935997286274 3.1028137693180193
0.14233445284075125 3.2212399863666956
0.14233445284075125 3.2212399863666956
0.14233445284075125 3.2212399863666956
0.14233445284075125 3.2212399863666956
0.14233445284075125 3.2212399863666956
0.14233445284075125 3.2212399863666956
0.14233445284075125 3.2212399863666956
0.14233445284075125 3.2212399863666956
0.1391369992746955 3.273227989623984
0.1391369992746955 3.273227989623984
0.1391369992746955 3.273227989623984
0.13593954570863975 3.3616008727894373
0.13593954570863975 3.3616008727894373
0.13593954570863975 3.3616008727894373
0.13593954570863975 3.3616008727894373
0.13593954570863975 3.3616008727894373
0.10149684600278377 3.4168737420782924
0.11821227739713747 3.375289089585999
0.11821227739713747 3.375289089585999
0.11821227739713747 3.375289089585999
0.11821227739713747 3.375289089585999
0.11821227739713747 3.375289089585999
0.11821227739713747 3.375289089585999
0.11821227739713747 3.375289089585999
0.11821227739713747 3.375289089585999
0.11821227739713747 3.375289089585999
0.11821227739713747 3.375289089585999
0.11821227739713747 3.375289089585999
0.11821227739713747 3.375289089585999
0.11821227739713747 3.375289089585999
0.11821227739713747 3.375289089585999
0.11175391490220221 3.4202157738947454
0.11175391490220221 3.4202157738947454
0.11175391490220221 3.4202157738947454
0.10852473365473458 3.4291491278962196
0.10852473365473458 3.4291491278962196
0.0988371899123317 3.484544537471951
0.0988371899123317 3.484544537471951
0.0988371899123317 3.484544537471951
0.0988371899123317 3.484544537471951
0.0988371899123317 3.512249375835268
0.0988371899123317 3.5417962823384097
0.0988371899123317 3.5491379456417516
0.0462162882595937 3.8748979179280365
0.0462162882595937 3.8748979179280365
0.039534202897971604 3.9266561692136936
0.039534202897971604 3.9266561692136936
