0.0237337258667919 5.82984835197285
0.669635047651396 3.7986151128065577
0.669635047651396 3.7982412580603633
0.669635047651396 3.7982412580603633
0.669635047651396 3.7982412580603633
0.669635047651396 3.7982412580603633
0.6748457380626787 3.751656316707643
0.6748457380626787 3.751656316707643
0.6748457380626787 3.751656316707643
0.6748457380626787 3.751656316707643
0.6748457380626787 3.751656316707643
0.6748457380626787 3.751656316707643
0.7292698750951276 3.3094716125634487
0.7292698750951276 3.3094716125634487
0.7292698750951276 3.2895643134167716
0.7292698750951276 3.2895643134167716
0.7292698750951276 3.2424264043118116
0.7292698750951276 3.2424264043118116
0.7292698750951276 3.2369885531797404
0.7292698750951276 3.2369885531797404
0.7292698750951276 3.2369885531797404
0.7292698750951276 3.2309806692530305
0.7292698750951276 3.2309806692530305
0.7292698750951276 3.2309806692530305
0.7292698750951276 3.2309806692530305
0.7292698750951276 3.2309806692530305
0.7292698750951276 3.2309806692530305
0.7292698750951276 3.2309806692530305
0.7292698750951276 3.2309806692530305
0.7292698750951276 3.2309806692530305
0.7292698750951276 3.2309806692530305
0.7292698750951276 3.211722207800061
0.7292698750951276 3.211722207800061
0.7292698750951276 3.195133032252665
0.7292698750951276 3.195133032252665
0.7292698750951276 3.195133032252665
0.7292698750951276 3.195133032252665
0.7292698750951276 3.168923528376933
0.7292698750951276 3.168923528376933
0.7292698750951276 3.168923528376933
0.7292698750951276 3.168923528376933
0.7292698750951276 3.168923528376933
0.7292698750951276 3.168923528376933
0.7292698750951276 3.168923528376933
0.7292698750951276 3.168923528376933
0.7292698750951276 3.168923528376933
0.8578386847847574 2.9931059160679703
0.8578386847847574 2.9931059160679703
0.8578386847847574 2.9931059160679703
0.8578386847847574 2.9931059160679703
0.8578386847847574 2.9931059160679703
0.8578386847847574 2.9931059160679703
0.8578386847847574 2.9931059160679703
0.8578386847847574 2.9931059160679703
0.8578386847847574 2.9931059160679703
0.8578386847847574 2.9931059160679703
0.8578386847847574 2.9931059160679703
0.8578386847847574 2.9931059160679703
0.8578386847847574 2.9931059160679703
0.8578386847847574 2.9931059160679703
0.8578386847847574 2.9931059160679703
0.8578386847847574 2.9931059160679703
0.8578386847847574 2.9931059160679703
0.8578386847847574 2.9931059160679703
0.8578386847847574 2.9931059160679703
0.8578386847847574 2.9931059160679703
0.8578386847847574 2.9931059160679703
0.8578386847847574 2.9931059160679703
0.8578386847847574 2.9931059160679703
0.8578386847847574 2.9931059160679703
0.8578386847847574 2.9931059160679703
0.8965474390330397 2.5395295284016965
0.8965474390330397 2.5395295284016965
0.8965474390330397 2.5395295284016965
0.8965474390330397 2.5395295284016965
0.8965474390330397 2.5395295284016965
0.8965474390330397 2.5395295284016965
0.8965474390330397 2.5395295284016965
0.8965474390330397 2.5395295284016965
0.8965474390330397 2.5395295284016965
0.8965474390330397 2.5395295284016965
0.8965474390330397 2.5395295284016965
0.8965474390330397 2.5395295284016965
0.8965474390330397 2.5395295284016965
0.8965474390330397 2.5395295284016965
0.8965474390330397 2.5395295284016965
0.8965474390330397 2.5395295284016965
0.8965474390330397 2.5395295284016965
0.8965474390330397 2.5395295284016965
0.8965474390330397 2.5395295284016965
0.8965474390330397 2.5395295284016965
0.8965474390330397 2.5395295284016965
0.8965474390330397 2.5395295284016965
0.8965474390330397 2.5395295284016965
0.4227871573555806 3.17978126447795
0.4227871573555806 3.17978126447795
0.4227871573555806 3.17978126447795
0.4227871573555806 3.17978126447795
0.4227871573555806 3.17978126447795
0.4227871573555806 3.17978126447795
0.4227871573555806 3.17978126447795
0.4227871573555806 3.17978126447795
0.4227871573555806 3.17978126447795
0.4227871573555806 3.17978126447795
0.4227871573555806 3.17978126447795
0.4227871573555806 3.17978126447795
0.4227871573555806 3.17978126447795
0.4227871573555806 3.17978126447795
0.4227871573555806 3.17978126447795
0.4227871573555806 3.17978126447795
0.4227871573555806 3.17978126447795
0.4227871573555806 3.17978126447795
0.4227871573555806 3.17978126447795
0.4227871573555806 3.1596806278393625
0.4227871573555806 3.17978126447795
0.4227871573555806 3.17978126447795
0.4227871573555806 3.17978126447795
0.4227871573555806 3.17978126447795
0.4227871573555806 3.1954221145871697
0.4227871573555806 3.17978126447795
0.4227871573555806 3.1939727435668144
0.4227871573555806 3.1678267211723936
0.4227871573555806 3.2131113244002294
0.4227871573555806 3.17978126447795
0.4227871573555806 3.1939727435668144
0.4227871573555806 3.1738035782929783
0.4227871573555806 3.1738035782929783
0.4227871573555806 3.21045340994261
0.4227871573555806 3.21045340994261
0.4227871573555806 3.1368120754437947
0.4227871573555806 3.17978126447795
0.4227871573555806 3.162176152057417
0.4227871573555806 3.1728626338605883
0.4227871573555806 3.1727182291057776
0.4227871573555806 3.203857748417737
0.4227871573555806 3.203857748417737
0.4227871573555806 3.176792317872459
0.4227871573555806 3.1838153823097395
0.4227871573555806 3.1468545110199506
0.4227871573555806 3.1625576353160034
0.4227871573555806 3.1860787878442487
0.4227871573555806 3.184721870084426
0.4227871573555806 3.1825468293557617
0.4227871573555806 3.149869375907439
0.4227871573555806 3.2638213635927387
0.4227871573555806 3.2638213635927387
0.4195103061593072 3.2020285646758158
0.4195103061593072 3.2020285646758158
0.4195103061593072 3.2020285646758158
0.4195103061593072 3.2020285646758158
0.4195103061593072 3.2020285646758158
0.4195103061593072 3.2020285646758158
0.4195103061593072 3.2020285646758158
0.4195103061593072 3.2020285646758158
0.37425751183905154 3.0211566776966006
0.37425751183905154 3.0211566776966006
0.37425751183905154 3.0211566776966006
0.37425751183905154 3.0211566776966006
0.37425751183905154 3.0211566776966006
0.37425751183905154 3.0211566776966006
0.37425751183905154 3.0211566776966006
0.37425751183905154 3.0211566776966006
0.301949867411141 3.0519890483020977
0.301949867411141 3.0519890483020977
0.301949867411141 3.0519890483020977
0.30017622240088015 3.1366657843986214
0.30017622240088015 3.1366657843986214
0.30017622240088015 3.1366657843986214
0.30017622240088015 3.1366657843986214
0.30017622240088015 3.1366657843986214
0.30017622240088015 3.1366657843986214
0.30017622240088015 3.1366657843986214
0.30017622240088015 3.1366657843986214
0.30017622240088015 3.1366657843986214
0.30017622240088015 3.1366657843986214
0.19646579549237386 2.9920035710522135
0.19646579549237386 2.9920035710522135
0.19646579549237386 2.9920035710522135
0.19646579549237386 2.9920035710522135
0.19646579549237386 2.9920035710522135
0.19646579549237386 2.9920035710522135
0.19646579549237386 2.9920035710522135
0.19646579549237386 2.9920035710522135
0.19646579549237386 2.9920035710522135
0.19646579549237386 2.9920035710522135
0.19646579549237386 2.9973049920677384
0.19646579549237386 2.9920035710522135
0.19646579549237386 2.9920035710522135
0.19646579549237386 2.9920035710522135
0.19646579549237386 2.9920035710522135
0.19646579549237386 2.9920035710522135
0.19646579549237386 2.9920035710522135
0.19646579549237386 2.9920035710522135
0.19646579549237386 2.9920035710522135
0.19646579549237386 2.9920035710522135
0.19646579549237386 2.9920035710522135
0.19646579549237386 2.9920035710522135
0.19646579549237386 2.9920035710522135
0.19646579549237386 2.9920035710522135
0.19646579549237386 2.9920035710522135
0.19646579549237386 2.9920035710522135
0.19646579549237386 2.9920035710522135
0.19646579549237386 2.9920035710522135
0.19646579549237386 2.9920035710522135
0.19646579549237386 2.9920035710522135
0.19646579549237386 2.9920035710522135
0.19646579549237386 2.991183226564809
0.19646579549237386 2.991183226564809
0.19646579549237386 2.991183226564809
0.19646579549237386 2.991183226564809
0.19646579549237386 2.991183226564809
0.19646579549237386 2.9920035710522135
0.19646579549237386 2.9973049920677384
0.19646579549237386 2.991593397248731
0.19646579549237386 2.9960460536562623
0.19646579549237386 3.0082045237011745
0.19646579549237386 2.9745042841719442
0.19646579549237386 2.9920035710522135
0.19646579549237386 2.9865551637278607
0.19646579549237386 2.9865551637278607
0.19646579549237386 2.9868933186408295
0.19646579549237386 2.9868933186408295
0.19646579549237386 2.9754904755343894
0.19646579549237386 2.9930957444204465
0.19646579549237386 2.97334014947019
0.19646579549237386 3.0142349554926433
0.19646579549237386 2.972981090448473
0.19646579549237386 2.9784101272184267
0.19646579549237386 2.9784101272184267
0.19646579549237386 2.9885327516888167
0.19646579549237386 2.9882904817402727
0.19646579549237386 2.9800245342469793
0.19646579549237386 2.9977915247852724
0.19646579549237386 2.959982214056938
0.19646579549237386 2.959982214056938
0.19646579549237386 2.959982214056938
0.19646579549237386 2.9799498565845206
0.19646579549237386 2.9799498565845206
0.19646579549237386 2.9799498565845206
0.19646579549237386 2.963645779969724
0.19646579549237386 2.973175264716742
0.19646579549237386 2.971395647993302
0.19646579549237386 2.97992470912025
0.19646579549237386 3.029750396384729
0.19646579549237386 2.9566724053239337
0.19646579549237386 2.9566724053239337
0.19646579549237386 2.9566724053239337
0.19646579549237386 2.9766075645553998
0.19646579549237386 2.976410603781025
0.19646579549237386 2.9684464312096157
0.19646579549237386 2.943228637771452
0.19646579549237386 2.943228637771452
0.19646579549237386 3.1571518592148893
0.19646579549237386 3.0183703834462294
0.19646579549237386 2.95478104329012
0.19646579549237386 2.95478104329012
0.19646579549237386 3.028093326282722
0.19646579549237386 3.028093326282722
0.19646579549237386 2.946153732375644
0.19646579549237386 2.938745009687898
0.19646579549237386 3.0183829661115884
0.19646579549237386 2.9788361405829944
0.19646579549237386 3.0275485556803083
0.19646579549237386 3.0275485556803083
0.19646579549237386 3.082851530361512
0.19646579549237386 3.082851530361512
0.19646579549237386 3.0217339493476865
0.19646579549237386 2.971974319077229
0.19646579549237386 3.1337397093478803
0.19646579549237386 3.2217060148454886
0.19646579549237386 3.009472777615567
0.19646579549237386 3.242443928842508
0.19646579549237386 3.1230243596092397
0.19646579549237386 3.1896535885688
0.19646579549237386 3.1896535885688
0.19646579549237386 3.1621837631484517
0.19646579549237386 3.1621837631484517
0.19646579549237386 3.1621837631484517
0.19646579549237386 3.259166049343534
0.19646579549237386 3.2470778469113335
0.19646579549237386 3.1109912316736654
0.19646579549237386 3.237979698076697
0.19646579549237386 3.2600594823478515
0.19646579549237386 3.2600594823478515
0.19646579549237386 3.2600594823478515
0.19646579549237386 3.1601558387744997
0.19646579549237386 3.19293383612751
0.19646579549237386 3.008381257836976
0.19646579549237386 3.1120097338636272
0.19646579549237386 3.131442669928236
0.19646579549237386 3.0685828854111508
0.19646579549237386 3.2283194549193333
0.19646579549237386 3.259119613716398
0.19646579549237386 3.259119613716398
0.19646579549237386 3.1452968142629745
0.19646579549237386 3.1452968142629745
0.19646579549237386 3.1979214908285085
0.19646579549237386 3.1979214908285085
0.19646579549237386 3.255509263997758
0.19646579549237386 3.15361155733528
0.19646579549237386 3.2493707455762113
0.19646579549237386 3.2304299073574305
0.19646579549237386 3.2304299073574305
0.19646579549237386 3.2304299073574305
0.19646579549237386 3.2304299073574305
0.19646579549237386 3.197562138569673
0.19646579549237386 3.247437496132747
0.19646579549237386 3.178386603473797
0.19646579549237386 3.2443032430702705
0.19646579549237386 3.2443032430702705
0.19646579549237386 3.2311316100720258
0.19646579549237386 3.3763826920380198
0.19646579549237386 3.3763826920380198
0.19646579549237386 3.3190814100741637
0.19646579549237386 3.4149227706199716
0.19646579549237386 3.3309222826184213
0.19646579549237386 3.266987259690624
0.19646579549237386 3.266987259690624
0.19646579549237386 3.266987259690624
0.1649092069421828 3.3592916698102324
0.1649092069421828 3.3592916698102324
0.1649092069421828 3.3592916698102324
0.1649092069421828 3.3592916698102324
0.1649092069421828 3.3592916698102324
0.1649092069421828 3.3592916698102324
0.1649092069421828 3.3592916698102324
0.1649092069421828 3.3592916698102324
0.1649092069421828 3.3592916698102324
0.1649092069421828 3.3592916698102324
0.1649092069421828 3.3592916698102324
0.1649092069421828 3.3592916698102324
0.1649092069421828 3.3592916698102324
0.1649092069421828 3.3592916698102324
0.1649092069421828 3.3592916698102324
0.1649092069421828 3.3592916698102324
0.1649092069421828 3.3592916698102324
0.1649092069421828 3.3592916698102324
0.1649092069421828 3.3592916698102324
0.1649092069421828 3.3592916698102324
0.1649092069421828 3.3592916698102324
0.1649092069421828 3.3592916698102324
0.1649092069421828 3.3592916698102324
0.1649092069421828 3.3592916698102324
0.1649092069421828 3.3592916698102324
0.1649092069421828 3.3592916698102324
0.1649092069421828 3.3592916698102324
0.1649092069421828 3.3592916698102324
0.1649092069421828 3.3592916698102324
0.1649092069421828 3.3592916698102324
0.1649092069421828 3.3592916698102324
0.1649092069421828 3.3592916698102324
0.1649092069421828 3.3609683936659804
0.1649092069421828 3.3609683936659804
0.16864735611052417 3.8993758567378833
0.16864735611052417 3.8993758567378833
0.16864735611052417 3.9281224814000413
0.13598288204447362 3.9555051037736146
0.13598288204447362 3.9555051037736146
0.13598288204447362 3.9555051037736146
0.13598288204447362 3.9555051037736146
0.13598288204447362 3.9555051037736146
0.13598288204447362 3.9555051037736146
0.13598288204447362 3.9555051037736146
0.13598288204447362 3.9555051037736146
0.12237268451695253 3.9365923291072753
0.12237268451695253 3.9365923291072753
0.12237268451695253 3.9365923291072753
0.12509472402245675 3.9096292211714427
0.12237268451695253 3.9365923291072753
0.12237268451695253 3.9365923291072753
0.12237268451695253 3.9365923291072753
0.11036800042555166 3.974728811993916
0.11206927511649178 3.9740096543225616
0.11036800042555166 3.974728811993916
0.11036800042555166 3.974728811993916
0.11036800042555166 3.974728811993916
0.11036800042555166 3.974728811993916
0.10446141963467115 4.103407421304462
0.10446141963467115 4.103730958313202
0.10446141963467115 4.103730958313202
0.09855483884379063 4.1904491270500905
0.09855483884379063 4.1904491270500905
0.06455766128872642 4.199373633725225
0.06455766128872642 4.199373633725225
0.06455766128872642 4.199373633725225
0.06455766128872642 4.199373633725225
0.06455766128872642 4.199373633725225
0.06455766128872642 4.199373633725225
0.06455766128872642 4.199373633725225
0.06455766128872642 4.199373633725225
0.06455766128872642 4.199373633725225
0.06455766128872642 4.199373633725225
0.019308256929151765 3.967772597805186
0.019308256929151765 3.967772597805186
0.019308256929151765 3.967772597805186
0.019308256929151765 3.967772597805186
0.019308256929151765 3.967772597805186
0.019308256929151765 3.967772597805186
0.019308256929151765 3.967772597805186
0.019308256929151765 3.967772597805186
0.019308256929151765 3.967772597805186
0.019308256929151765 3.967772597805186
0.02344072088165161 4.608145919471219
0.02344072088165161 4.608145919471219
0.010714527439374281 5.753576640301789
0.010714527439374281 5.753576640301789
