0.9927617959174511 2.5990741837089604
0.9927617959174511 2.5990741837089604
0.9927617959174511 2.598102969530857
0.9927617959174511 2.585557125009554
0.9927617959174511 2.585557125009554
0.9927617959174511 2.585557125009554
0.9927617959174511 2.581943828849342
0.9927617959174511 2.581943828849342
0.9927617959174511 2.581943828849342
0.9947678187606341 2.579691864269811
0.9947678187606341 2.579691864269811
0.9947678187606341 2.579691864269811
0.9927617959174511 2.5784009536008896
0.9947678187606341 2.5663528467613492
0.9947678187606341 2.5663528467613492
0.9947678187606341 2.5663528467613492
0.9947678187606341 2.5663528467613492
0.9493622420810148 2.557876364564338
0.9493622420810148 2.5335379481359674
0.9493622420810148 2.5335379481359674
0.9493622420810148 2.509723998041858
0.9493622420810148 2.509723998041858
0.9493622420810148 2.509723998041858
0.9493622420810148 2.4762715488400326
0.9493622420810148 2.4762715488400326
0.9493622420810148 2.4762715488400326
0.9493622420810148 2.4762715488400326
0.9493622420810148 2.4762715488400326
0.9493622420810148 2.4680493697069688
0.9493622420810148 2.4680493697069688
0.9493622420810148 2.4680493697069688
0.9493622420810148 2.4487353463850026
0.9493622420810148 2.4487353463850026
0.7287359025027491 2.4182043654733465
0.7287359025027491 2.4182043654733465
0.8554042653670603 2.413019916465534
0.8554042653670603 2.413019916465534
0.7092915434071713 2.3785628690433662
0.7092915434071713 2.3785628690433662
0.7092915434071713 2.3410432164353114
0.7092915434071713 2.3410432164353114
0.7092915434071713 2.3410432164353114
0.7092915434071713 2.3410432164353114
0.7092915434071713 2.3410432164353114
0.8328387160356308 2.32084533744384
0.8328387160356308 2.32084533744384
0.8328387160356308 2.32084533744384
0.8328387160356308 2.274058798440877
0.8328387160356308 2.274058798440877
0.8328387160356308 2.274058798440877
0.8328387160356308 2.274058798440877
0.8328387160356308 2.2708290323686118
0.8328387160356308 2.2708290323686118
0.8328387160356308 2.2708290323686118
0.8328387160356308 2.2708290323686118
0.8328387160356308 2.2708290323686118
0.8328387160356308 2.266297790456767
0.8328387160356308 2.266297790456767
0.8328387160356308 2.259872639043665
0.8328387160356308 2.2684172444693345
0.8328387160356308 2.2708290323686118
0.6693936175306581 2.2125817699653996
0.6693936175306581 2.2125817699653996
0.6693936175306581 2.2125817699653996
0.6693936175306581 2.2125817699653996
0.6693936175306581 2.2125817699653996
0.6693936175306581 2.2125817699653996
0.6693936175306581 2.2125817699653996
0.6693936175306581 2.2125817699653996
0.6693936175306581 2.2125817699653996
0.6693936175306581 2.2125817699653996
0.6693936175306581 2.2125817699653996
0.6693936175306581 2.2125817699653996
0.6693936175306581 2.2125817699653996
0.6693936175306581 2.2753619784987715
0.6693936175306581 2.2753619784987715
0.6693936175306581 2.2753619784987715
0.6693936175306581 2.2753619784987715
0.5429922021723594 2.2856496517554437
0.5429922021723594 2.2856496517554437
0.5429922021723594 2.275617029587595
0.5673549847861455 2.2608862580709763
0.5673549847861455 2.2608862580709763
0.5673549847861455 2.2608862580709763
0.5589796850499915 2.2725789179274267
0.5589796850499915 2.2725789179274267
0.5429922021723594 2.275617029587595
0.5429922021723594 2.275617029587595
0.5429922021723594 2.275617029587595
0.5319558290758396 2.274504094972588
0.5319558290758396 2.274504094972588
0.5319558290758396 2.274504094972588
0.5319558290758396 2.274504094972588
0.5225263688755347 2.283871343232309
0.5143219745036196 2.2840688996912095
0.5143219745036196 2.2840688996912095
0.5018741573065272 2.285208247677222
0.5018741573065272 2.2756249279889946
0.5018741573065272 2.285208247677222
0.5018741573065272 2.285208247677222
0.5018741573065272 2.285208247677222
0.5018741573065272 2.285208247677222
0.492721752636483 2.2943613010428296
0.47670675220142233 2.28889730734452
0.47670675220142233 2.28889730734452
0.47670675220142233 2.28889730734452
0.47670675220142233 2.28889730734452
0.47670675220142233 2.28889730734452
0.4764760672536973 2.2980210122655174
0.4764760672536973 2.2980210122655174
0.4764760672536973 2.2980210122655174
0.4745109220252933 2.304096653848119
0.4745109220252933 2.304096653848119
0.4745109220252933 2.304096653848119
0.46197221612630457 2.3029614211783076
0.46197221612630457 2.3029614211783076
0.46197221612630457 2.3029614211783076
0.46197221612630457 2.3029614211783076
0.46197221612630457 2.3029614211783076
0.46197221612630457 2.3029614211783076
0.4497626866452392 2.320343872942234
0.4497626866452392 2.320343872942234
0.4497626866452392 2.320343872942234
0.4497626866452392 2.320343872942234
0.4497626866452392 2.320343872942234
0.4497626866452392 2.320343872942234
0.4461526139388604 2.3271082654224444
0.4461526139388604 2.3271082654224444
0.4397406837281804 2.328493853596579
0.4397406837281804 2.3309880085329433
0.43243868929775364 2.3327869303043363
0.43243868929775364 2.3327869303043363
0.43243868929775364 2.3327869303043363
0.4268895624540854 2.3282717729056293
0.4268895624540854 2.3282717729056293
0.4268895624540854 2.3282717729056293
0.4268895624540854 2.3282717729056293
0.4268895624540854 2.3282717729056293
0.4223902724920462 2.34404168038314
0.42162534393759143 2.333726208692658
0.42162534393759143 2.333726208692658
0.42162534393759143 2.333726208692658
0.42162534393759143 2.333726208692658
0.42030928930846795 2.3535154431829666
0.41899323467934446 2.3566329862235635
0.41899323467934446 2.3566329862235635
0.41899323467934446 2.3566329862235635
0.41899323467934446 2.3566329862235635
0.4129339401719642 2.3491702927206015
0.4129339401719642 2.3491702927206015
0.4129339401719642 2.3491702927206015
0.4129339401719642 2.3491702927206015
0.4129339401719642 2.3491702927206015
0.4129339401719642 2.3491702927206015
0.41129510336756103 2.3746913600271755
0.41129510336756103 2.3746913600271755
0.41129510336756103 2.3746913600271755
0.41129510336756103 2.3746913600271755
0.40883684816095617 2.386121462213428
0.40883684816095617 2.386121462213428
0.40883684816095617 2.386121462213428
0.40883684816095617 2.386121462213428
0.40883684816095617 2.386121462213428
0.40883684816095617 2.386121462213428
0.40883684816095617 2.386121462213428
0.40883684816095617 2.386121462213428
0.4078125751582041 2.4077141143182885
0.4078125751582041 2.4077141143182885
0.407685712710285 2.412643601700734
0.40730043865682813 2.416004192266591
0.40730043865682813 2.416004192266591
0.40730043865682813 2.416004192266591
0.40678830215545214 2.4242985384161573
0.4021932696800909 2.4259536048691603
0.4021932696800909 2.4259536048691603
0.3999278982348788 2.429412096984271
0.3833659065658429 2.421942943890383
0.3833659065658429 2.421942943890383
0.3833659065658429 2.421942943890383
0.3833659065658429 2.421942943890383
0.3806670743953677 2.4219685738626855
0.3806670743953677 2.4219685738626855
0.3770056709384721 2.4143939246225674
0.3770056709384721 2.4143939246225674
0.3770056709384721 2.4143939246225674
0.3738191354685334 2.4391251366612967
0.3738191354685334 2.4391251366612967
0.3738191354685334 2.4391251366612967
0.3738191354685334 2.4391251366612967
0.3659347441080756 2.449443375468428
0.3659347441080756 2.449443375468428
0.3659347441080756 2.449443375468428
0.3659347441080756 2.449443375468428
0.3659347441080756 2.449443375468428
0.3659347441080756 2.449443375468428
0.36427697438520334 2.4632101661433623
0.36427697438520334 2.4632101661433623
0.3629806542907917 2.4674161987959513
0.3629806542907917 2.4674161987959513
0.36201986419930965 2.4747728882344977
0.36201986419930965 2.4747728882344977
0.3617955808614728 2.4794688605503414
0.3617955808614728 2.4794688605503414
0.3559044797765555 2.4861303100835035
0.3524736201669707 2.460792043815401
0.3502128470480801 2.482599381902247
0.3502128470480801 2.482599381902247
0.3502128470480801 2.4901351016798583
0.3502128470480801 2.4901351016798583
0.3502128470480801 2.4901351016798583
0.3502128470480801 2.4901351016798583
0.3502128470480801 2.4901351016798583
0.3502128470480801 2.4901351016798583
0.334118887167796 2.507197231536921
0.334118887167796 2.507197231536921
0.334118887167796 2.507197231536921
0.334118887167796 2.507197231536921
0.334118887167796 2.507197231536921
0.334118887167796 2.507197231536921
0.33336132715808436 2.5153145262149925
0.33336132715808436 2.517612302566216
0.33336132715808436 2.517612302566216
0.33336132715808436 2.517612302566216
0.33336132715808436 2.517612302566216
0.33336132715808436 2.517612302566216
0.33184620713866114 2.538465246213025
0.3313676524491689 2.53312546139499
0.3283995726072136 2.544784881894688
0.3283995726072136 2.544784881894688
0.3283995726072136 2.544784881894688
0.32672717124009576 2.551370040730537
0.3216081353415303 2.554333670145433
0.3216081353415303 2.554333670145433
0.3216081353415303 2.554333670145433
0.3216081353415303 2.554333670145433
0.3193353389484815 2.5653615185869283
0.3173718813944405 2.5668259376133826
0.3173718813944405 2.5668259376133826
0.3053547392966377 2.543760407983392
0.3053547392966377 2.543760407983392
0.3053547392966377 2.543760407983392
0.3053547392966377 2.543760407983392
0.3053547392966377 2.543760407983392
0.29813639260992175 2.5780457714611673
0.29813639260992175 2.5780457714611673
0.29813639260992175 2.5780457714611673
0.29781803766216075 2.581412178188392
0.29781803766216075 2.581412178188392
0.29781803766216075 2.581412178188392
0.29781803766216075 2.581412178188392
0.29781803766216075 2.581412178188392
0.29118998142445685 2.605133396761899
0.29118998142445685 2.605133396761899
0.29118998142445685 2.605133396761899
0.29118998142445685 2.605133396761899
0.2651272562130521 2.609350160392411
0.2651272562130521 2.609350160392411
0.27217252207737885 2.5993413784987
0.27217252207737885 2.5993413784987
0.2721725220773788 2.599554626520113
0.23113356814588532 2.60591969577294
0.26160462328088874 2.594375483485138
0.26160462328088874 2.594375483485138
0.23113356814588532 2.60591969577294
0.18286517684474063 2.5952507957446302
0.18286517684474063 2.5952507957446302
0.18286517684474063 2.5952507957446302
0.18286517684474063 2.5905452959282043
0.17960511892494244 2.54973948161517
0.17960511892494244 2.54973948161517
0.17960511892494244 2.54973948161517
0.17960511892494244 2.54973948161517
0.17960511892494244 2.54973948161517
0.17960511892494244 2.54973948161517
0.17960511892494244 2.54973948161517
0.17960511892494244 2.54973948161517
0.17960511892494244 2.5262251025597715
0.18286517684474063 2.525575813662703
0.18286517684474063 2.5163307251005556
0.18286517684474063 2.525575813662703
0.17960511892494244 2.5262251025597715
0.17960511892494244 2.5262251025597715
0.17960511892494244 2.5262251025597715
0.17402731530906007 2.535348313938757
0.17402731530906007 2.535348313938757
0.17402731530906007 2.535348313938757
0.17402731530906007 2.535348313938757
0.17402731530906007 2.535348313938757
0.17402731530906007 2.535348313938757
0.17402731530906007 2.535348313938757
0.172397286349161 2.5560033679068903
0.1642080837655559 2.556634707286937
0.1642080837655559 2.556634707286937
0.1642080837655559 2.556634707286937
0.1642080837655559 2.556634707286937
0.1642080837655559 2.556634707286937
0.1642080837655559 2.556634707286937
0.15043127155755032 2.5457489685453627
0.15043127155755032 2.5457489685453627
0.15043127155755032 2.5457489685453627
0.15043127155755032 2.5457489685453627
0.15043127155755032 2.5457489685453627
0.15043127155755032 2.5457489685453627
0.15043127155755032 2.5457489685453627
0.15043127155755032 2.5457489685453627
0.1483868891884109 2.5731398893968387
0.1479085896145704 2.574724803885966
0.1479085896145704 2.574724803885966
0.1479085896145704 2.574724803885966
0.1479085896145704 2.574724803885966
0.14687047357343286 2.5997259478790875
0.1413869202037728 2.603373893264672
0.1379659691998605 2.5384120981967895
0.1379659691998605 2.5384120981967895
0.1379659691998605 2.5384120981967895
0.1379659691998605 2.5384120981967895
0.1379659691998605 2.5384120981967895
0.1379659691998605 2.5384120981967895
0.13669795780131808 2.6180168248138216
0.1251404703709721 2.6069231469514396
0.1251404703709721 2.6069231469514396
0.1251404703709721 2.6069231469514396
0.1251404703709721 2.6069231469514396
0.1251404703709721 2.6069231469514396
0.1251404703709721 2.6069231469514396
0.1251404703709721 2.6069231469514396
0.1251404703709721 2.6069231469514396
0.1251404703709721 2.6069231469514396
0.1251404703709721 2.6069231469514396
0.11656460515955973 2.6526936638007323
0.11656460515955973 2.6526936638007323
0.11264207354220163 2.623648082800099
0.11264207354220163 2.623648082800099
0.11264207354220163 2.623648082800099
0.11264207354220163 2.623648082800099
0.11264207354220163 2.623648082800099
0.11264207354220163 2.623648082800099
0.11264207354220163 2.623648082800099
0.11264207354220163 2.623648082800099
0.11264207354220163 2.623648082800099
0.11216721914321702 2.698067586926074
0.11216721914321702 2.698067586926074
0.11216721914321702 2.698067586926074
0.10790063126706723 2.7272939542034806
0.10790063126706723 2.7272939542034806
0.1006905453255223 2.7299056827884063
0.1006905453255223 2.7299056827884063
0.1006905453255223 2.7299056827884063
0.1006905453255223 2.7299056827884063
0.1006905453255223 2.7299056827884063
0.1006905453255223 2.7299056827884063
0.10050661196091727 2.756825377356883
0.094918613397056 2.7322347321777922
0.094918613397056 2.7322347321777922
0.08896274810398466 2.762090306058967
0.08896274810398466 2.762090306058967
0.08896274810398466 2.762090306058967
0.08896274810398466 2.762090306058967
0.08583006792418575 2.776516636470165
0.08583006792418575 2.776516636470165
0.08583006792418575 2.776516636470165
0.06477390424484154 2.7907850066396875
0.06477390424484154 2.7907850066396875
0.06477390424484154 2.7907850066396875
0.06477390424484154 2.7907850066396875
0.06477390424484154 2.7907850066396875
0.06477390424484154 2.7907850066396875
0.06477390424484154 2.7907850066396875
0.06477390424484154 2.7907850066396875
0.06477390424484154 2.7907850066396875
0.06477390424484154 2.7907850066396875
0.06477390424484154 2.7907850066396875
0.05347893244228147 2.8016855776029583
0.05347893244228147 2.8016855776029583
0.05347893244228147 2.8016855776029583
0.05347893244228147 2.8016855776029583
0.054245822405169425 2.7658090424737445
0.05347893244228147 2.8016855776029583
0.05347893244228147 2.8016855776029583
0.04218396063972139 2.855734776221283
0.04218396063972139 2.855734776221283
0.04218396063972139 2.855734776221283
0.04218396063972139 2.855734776221283
0.04218396063972139 2.855734776221283
0.04218396063972139 2.855734776221283
0.04218396063972139 2.855734776221283
0.04065018071394547 2.895142085845568
0.04065018071394547 2.9228509306064963
0.021344208780512755 2.965244765120197
0.021344208780512755 2.965244765120197
0.021344208780512755 2.965244765120197
0.021344208780512755 2.965244765120197
0.021344208780512755 2.965244765120197
0.021344208780512755 2.965244765120197
0.021344208780512755 2.965244765120197
0.021344208780512755 2.965244765120197
0.021344208780512755 2.965244765120197
0.021344208780512755 2.965244765120197
0.021344208780512755 2.965244765120197
0.019436762625273885 3.063745863321846
0.013815869174640439 3.100292070635726
0.013815869174640439 3.100292070635726
0.013815869174640439 3.100292070635726
0.011755475818903287 3.468936719025719
0.008744849181281999 3.7556395052737135
0.006538837837185804 4.417993316616803
0.05799529370221712 6.318293825712766
