0.3301188797647635 4.380626545922644
0.16299234779290284 5.026575246553704
0.16299234779290284 5.026575246553704
0.3301188797647635 4.380626545922644
0.3301188797647635 4.380626545922644
0.3301188797647635 4.380626545922644
0.3301188797647635 4.380626545922644
0.3301188797647635 4.380626545922644
0.3301188797647635 4.368626102306967
0.6810376368352992 3.722189457879655
0.6810376368352992 3.716259965491973
0.6810376368352992 3.716259965491973
0.6810376368352992 3.716259965491973
0.6810376368352992 3.693409911822079
0.6810376368352992 3.6695110212754765
0.6810376368352992 3.6695110212754765
0.6810376368352992 3.6695110212754765
0.6810376368352992 3.6695110212754765
0.6810376368352992 3.6548757359929156
0.6810376368352992 3.6548757359929156
0.6810376368352992 3.6548757359929156
0.6810376368352992 3.6548757359929156
0.6810376368352992 3.6548757359929156
0.6810376368352992 3.6548757359929156
0.6810376368352992 3.6548757359929156
0.6810376368352992 3.6548757359929156
0.6810376368352992 3.631365108145279
0.6810376368352992 3.631365108145279
0.6810376368352992 3.631365108145279
0.6810376368352992 3.631365108145279
0.6810376368352992 3.631365108145279
0.6810376368352992 3.631365108145279
0.6810376368352992 3.631365108145279
0.6810376368352992 3.631365108145279
0.6810376368352992 3.631365108145279
0.6810376368352992 3.631365108145279
0.6810376368352992 3.631365108145279
0.6810376368352992 3.631365108145279
0.6810376368352992 3.631365108145279
0.6810376368352992 3.631365108145279
0.6810376368352992 3.631365108145279
0.6810376368352992 3.631365108145279
0.6810376368352992 3.631365108145279
0.6810376368352992 3.631365108145279
0.6810376368352992 3.631365108145279
0.6810376368352992 3.631365108145279
0.6810376368352992 3.631365108145279
0.6810376368352992 3.631365108145279
0.6810376368352992 3.631365108145279
0.6758884542192103 3.6404345619076173
0.6758884542192103 3.6404345619076173
0.6707392716031215 3.6162427722004478
0.6707392716031215 3.582192460177248
0.6707392716031215 3.582192460177248
0.6707392716031215 3.582192460177248
0.6707392716031215 3.582192460177248
0.6707392716031215 3.582192460177248
0.6707392716031215 3.582192460177248
0.6707392716031215 3.5436665721601166
0.6707392716031215 3.5436665721601166
0.6707392716031215 3.5436665721601166
0.6707392716031215 3.5436665721601166
0.6707392716031215 3.5436665721601166
0.6707392716031215 3.5436665721601166
0.6707392716031215 3.5436665721601166
0.8102811622510401 3.0626465420390008
0.8102811622510401 3.0626465420390008
0.8102811622510401 3.0626465420390008
0.8102811622510401 3.0626465420390008
0.8102811622510401 3.0626465420390008
0.8102811622510401 2.9967147731912647
0.8102811622510401 2.9967147731912647
0.8102811622510401 2.9967147731912647
0.8102811622510401 2.9967147731912647
0.8102811622510401 2.9967147731912647
0.8102811622510401 2.9967147731912647
0.8102811622510401 2.9967147731912647
0.8102811622510401 2.9967147731912647
0.8102811622510401 2.9967147731912647
0.8102811622510401 2.9967147731912647
0.8102811622510401 2.9967147731912647
0.8102811622510401 2.9967147731912647
0.8102811622510401 2.9967147731912647
0.8102811622510401 2.9967147731912647
0.8102811622510401 2.9967147731912647
0.8102811622510401 2.9967147731912647
0.218041529097734 3.4339068503774035
0.218041529097734 3.4339068503774035
0.218041529097734 3.4315640515456134
0.218041529097734 3.4315640515456134
0.218041529097734 3.415773043090907
0.218041529097734 3.415773043090907
0.218041529097734 3.415773043090907
0.218041529097734 3.415773043090907
0.44755102473200903 3.108286068458449
0.44755102473200903 3.108286068458449
0.44755102473200903 3.108286068458449
0.44755102473200903 3.108286068458449
0.44755102473200903 3.108286068458449
0.44755102473200903 3.108286068458449
0.44755102473200903 3.108286068458449
0.44755102473200903 3.108286068458449
0.4284060500581758 3.1210873532524555
0.4284060500581758 3.1210873532524555
0.4284060500581758 3.1210873532524555
0.4284060500581758 3.1210873532524555
0.4284060500581758 3.1210873532524555
0.4284060500581758 3.1210873532524555
0.41883356272125916 3.1388208587027617
0.41883356272125916 3.1388208587027617
0.41883356272125916 3.1388208587027617
0.41883356272125916 3.1388208587027617
0.41883356272125916 3.1388208587027617
0.41883356272125916 3.1388208587027617
0.40926107538434253 3.156742735803528
0.40926107538434253 3.156742735803528
0.40926107538434253 3.156742735803528
0.40926107538434253 3.156742735803528
0.40926107538434253 3.156742735803528
0.40926107538434253 3.156742735803528
0.40926107538434253 3.156742735803528
0.40926107538434253 3.156742735803528
0.40926107538434253 3.156742735803528
0.40926107538434253 3.156742735803528
0.40926107538434253 3.156742735803528
0.4082305574538213 3.0773524258353944
0.4082305574538213 3.0773524258353944
0.4082305574538213 3.0773524258353944
0.4082305574538213 3.0773524258353944
0.4082305574538213 3.0773524258353944
0.4082305574538213 3.0773524258353944
0.4000669800795562 3.083736610098596
0.4000669800795562 3.083736610098596
0.4000669800795562 3.083736610098596
0.4000669800795562 3.083736610098596
0.4000669800795562 3.083736610098596
0.4000669800795562 3.083736610098596
0.4000669800795562 3.083736610098596
0.4000669800795562 3.083736610098596
0.4000669800795562 3.0943314124274717
0.4000669800795562 3.0943314124274717
0.4000669800795562 3.0943314124274717
0.4000669800795562 3.0943314124274717
0.4000669800795562 3.0943314124274717
0.4000669800795562 3.0943314124274717
0.4000669800795562 3.0943314124274717
0.4000669800795562 3.0943314124274717
0.4000669800795562 3.0943314124274717
0.4000669800795562 3.0943314124274717
0.4000669800795562 3.0943314124274717
0.4000669800795562 3.0943314124274717
0.4000669800795562 3.0943314124274717
0.4000669800795562 3.094438775045472
0.4000669800795562 3.0943314124274717
0.4000669800795562 3.0943314124274717
0.4000669800795562 3.0943314124274717
0.4000669800795562 3.0943314124274717
0.4000669800795562 3.0899863192864143
0.4000669800795562 3.0965041256748465
0.4000669800795562 3.0965041256748465
0.4000669800795562 3.0921588102658735
0.4000669800795562 3.096433252065955
0.4000669800795562 3.1028285491743888
0.690058273264136 2.804942230013592
0.5555020403532738 2.8765136411041605
0.5555020403532738 2.8765136411041605
0.5555020403532738 2.8765136411041605
0.5555020403532738 2.8765136411041605
0.5555020403532738 2.8765136411041605
0.5555020403532738 2.8570578890800316
0.5555020403532738 2.8570578890800316
0.5555020403532738 2.8562464392691074
0.5555020403532738 2.8562464392691074
0.5555020403532738 2.8562464392691074
0.5555020403532738 2.845627628445659
0.5555020403532738 2.839687398864005
0.5555020403532738 2.8292441639898995
0.5555020403532738 2.8292441639898995
0.5555020403532738 2.7926792315807227
0.5555020403532738 2.7926792315807227
0.5555020403532738 2.7926792315807227
0.5555020403532738 2.7926792315807227
0.5555020403532738 2.8292441639898995
0.5555020403532738 2.8292441639898995
0.5555020403532738 2.8292441639898995
0.5555020403532738 2.8292441639898995
0.5555020403532738 2.8292441639898995
0.5555020403532738 2.8292441639898995
0.5555020403532738 2.839687398864005
0.5555020403532738 2.839687398864005
0.5555020403532738 2.839687398864005
0.5555020403532738 2.845627628445659
0.5555020403532738 2.845627628445659
0.5555020403532738 2.845627628445659
0.5555020403532738 2.845627628445659
0.5555020403532738 2.845627628445659
0.5555020403532738 2.8562464392691074
0.5555020403532738 2.8570578890800316
0.5555020403532738 2.8570578890800316
0.5555020403532738 2.8562464392691074
0.5555020403532738 2.8562464392691074
0.5555020403532738 2.8604073269541463
0.5555020403532738 2.8604073269541463
0.5555020403532738 2.845627628445659
0.5555020403532738 2.839687398864005
0.5555020403532738 2.8292441639898995
0.5555020403532738 2.8448221354896455
0.5555020403532738 2.7926792315807227
0.5555020403532738 2.8578844695662666
0.5555020403532738 2.8578844695662666
0.5555020403532738 2.8448755918094224
0.5555020403532738 2.8540866356392955
0.5555020403532738 2.8713868097467943
0.5555020403532738 2.8282167758249916
0.5555020403532738 2.846136510759406
0.5555020403532738 2.8692266955075914
0.5555020403532738 2.8682783104046083
0.5555020403532738 2.8339758525011844
0.5555020403532738 2.8399139529132897
0.5555020403532738 2.8399139529132897
0.5555020403532738 2.8747263727487002
0.5555020403532738 2.8747263727487002
0.5555020403532738 2.864821466246642
0.5555020403532738 2.853225722715915
0.5555020403532738 2.862519915404097
0.5555020403532738 2.862519915404097
0.5555020403532738 2.911927107713763
0.5555020403532738 2.911927107713763
0.3820380801753406 3.0942972297881925
0.5555020403532738 2.82328315463249
0.5555020403532738 2.8314029427569802
0.5555020403532738 2.817539541052098
0.5555020403532738 2.817539541052098
0.313789190718065 3.150835565979031
0.313789190718065 3.150835565979031
0.313789190718065 3.150835565979031
0.313789190718065 3.150835565979031
0.313789190718065 3.150835565979031
0.313789190718065 3.150835565979031
0.313789190718065 3.150835565979031
0.313789190718065 3.150835565979031
0.313789190718065 3.150835565979031
0.313789190718065 3.150835565979031
0.313789190718065 3.150835565979031
0.313789190718065 3.161576634294485
0.313789190718065 3.150835565979031
0.313789190718065 3.150835565979031
0.313789190718065 3.150835565979031
0.313789190718065 3.150835565979031
0.313789190718065 3.150835565979031
0.313789190718065 3.150835565979031
0.313789190718065 3.150835565979031
0.313789190718065 3.150835565979031
0.313789190718065 3.150835565979031
0.313789190718065 3.150835565979031
0.313789190718065 3.150835565979031
0.313789190718065 3.150835565979031
0.23621724272571362 3.4308678687687215
0.23621724272571362 3.4308678687687215
0.23621724272571362 3.4225728475320025
0.23621724272571362 3.4225728475320025
0.23621724272571362 3.4225728475320025
0.23621724272571362 3.4075346730182337
0.23621724272571362 3.4075346730182337
0.23621724272571362 3.3728362934045593
0.23621724272571362 3.3728362934045593
0.23621724272571362 3.3728362934045593
0.23621724272571362 3.4075346730182337
0.23621724272571362 3.4075346730182337
0.23621724272571362 3.4075346730182337
0.23621724272571362 3.4225728475320025
0.23621724272571362 3.4225728475320025
0.23621724272571362 3.4308678687687215
0.23621724272571362 3.4308678687687215
0.23621724272571362 3.4308678687687215
0.23621724272571362 3.4474613123680022
0.23621724272571362 3.4474613123680022
0.23621724272571362 3.4474613123680022
0.23621724272571362 3.4474613123680022
0.23621724272571362 3.4474613123680022
0.23621724272571362 3.47699135068013
0.23621724272571362 3.4754014524007557
0.23621724272571362 3.4775611277452367
0.23621724272571362 3.4775611277452367
0.23621724272571362 3.48592240417994
0.23621724272571362 3.4806617047239796
0.23621724272571362 3.4474613123680022
0.23621724272571362 3.4862132155005354
0.23621724272571362 3.4225728475320025
0.23621724272571362 3.451610379236723
0.23621724272571362 3.432173212980001
0.23621724272571362 3.4075346730182337
0.23621724272571362 3.3728362934045593
0.23621724272571362 3.3728362934045593
0.2828362864460131 3.4763961835584385
0.2828362864460131 3.4763961835584385
0.2828362864460131 3.4763961835584385
0.2828362864460131 3.4763961835584385
0.2828362864460131 3.4763961835584385
0.2828362864460131 3.4763961835584385
0.2828362864460131 3.4736240550972663
0.2828362864460131 3.4736240550972663
0.2828362864460131 3.4736240550972663
0.2828362864460131 3.4736240550972663
0.2828362864460131 3.4736240550972663
0.2828362864460131 3.4736240550972663
0.2828362864460131 3.4763961835584385
0.2828362864460131 3.4763961835584385
0.23621724272571362 3.3379456008159196
0.23176192582027055 3.558681439582271
0.23176192582027055 3.558681439582271
0.23176192582027055 3.558681439582271
0.23176192582027055 3.558681439582271
0.23176192582027055 3.558681439582271
0.23176192582027055 3.558681439582271
0.229534267367549 3.738124615147065
0.229534267367549 3.738124615147065
0.229534267367549 3.738124615147065
0.229534267367549 3.738124615147065
0.229534267367549 3.738124615147065
0.229534267367549 3.738124615147065
0.21244643978507072 3.7867378852170703
0.21244643978507072 3.7867378852170703
0.21244643978507072 3.7867378852170703
0.21244643978507072 3.7867378852170703
0.21244643978507072 3.7867378852170703
0.21244643978507072 3.7867378852170703
0.21244643978507072 3.7867378852170703
0.21244643978507072 3.7867378852170703
0.21244643978507072 3.7867378852170703
0.21752173538297243 3.665753690976823
0.21752173538297243 3.665753690976823
0.21752173538297243 3.665753690976823
0.21752173538297243 3.665753690976823
0.21752173538297243 3.665753690976823
0.21752173538297243 3.665753690976823
0.21752173538297243 3.665753690976823
0.21752173538297243 3.665753690976823
0.21752173538297243 3.665753690976823
0.21752173538297243 3.665753690976823
0.21752173538297243 3.665753690976823
0.21752173538297243 3.665753690976823
0.21752173538297243 3.665753690976823
0.21752173538297243 3.665753690976823
0.21752173538297243 3.665753690976823
0.21752173538297243 3.665753690976823
0.21752173538297243 3.665753690976823
0.21752173538297243 3.665753690976823
0.20713792661162891 3.722490085208124
0.20713792661162891 3.722490085208124
0.20713792661162891 3.722490085208124
0.20713792661162891 3.722490085208124
0.20713792661162891 3.722490085208124
0.20713792661162891 3.722490085208124
0.20713792661162891 3.722490085208124
0.13794657087932438 4.092500244396692
0.13794657087932438 4.092500244396692
0.13794657087932438 4.092500244396692
0.13794657087932438 4.092500244396692
0.13794657087932438 4.075318210734454
0.13794657087932438 4.075318210734454
0.18103600812856194 4.085616862187066
0.18103600812856194 4.085616862187066
0.18103600812856194 4.085616862187066
0.18103600812856194 4.085616862187066
0.18103600812856194 4.091014198388254
0.18103600812856194 4.101809870682662
0.18103600812856194 4.101809870682662
0.18103600812856194 4.101809870682662
0.12488730521593845 4.211985755198266
0.12488730521593845 4.211985755198266
0.12488730521593845 4.206087235935098
0.12488730521593845 4.204654643608633
0.12488730521593845 4.204654643608633
0.12488730521593845 4.204654643608633
0.12488730521593845 4.204654643608633
0.14315422465583164 4.111576921347034
0.14315422465583164 4.111576921347034
0.1324985216492273 4.1622749149546685
0.1324985216492273 4.1622749149546685
0.1324985216492273 4.1622749149546685
0.12793179178925398 4.172773619029348
0.12793179178925398 4.172773619029348
0.12488730521593845 4.204654643608633
0.10596288274421944 4.236880086475113
0.10596288274421944 4.236880086475113
0.10596288274421944 4.236880086475113
0.10596288274421944 4.236880086475113
0.10596288274421944 4.236880086475113
0.1005314126294142 4.274195956271554
0.1005314126294142 4.274195956271554
0.09655731133865181 4.281753182893166
0.09258321004788939 4.289756624616966
0.09258321004788939 4.2969293708348815
0.07617552004288994 4.346734292983705
0.07617552004288994 4.346734292983705
0.07617552004288994 4.346734292983705
0.07617552004288994 4.346734292983705
0.07617552004288994 4.346734292983705
0.07008654689625887 4.400387253341759
0.0639975737496278 4.4075239640654384
0.0639975737496278 4.4075239640654384
0.0639975737496278 4.4075239640654384
0.0639975737496278 4.4075239640654384
0.06110677081908156 6.071250078571645
0.06110677081908156 6.069433547221461
