0.2139212090176097 4.7310135505906965
0.11755471082302249 4.526494586649164
0.06402604768901599 4.748419797710037
0.2139212090176097 4.7310135505906965
0.11755471082302249 4.49160361251522
0.06402604768901599 4.748419797710037
0.2139212090176097 4.729151331685101
0.11755471082302249 4.446589445799535
0.2139212090176097 4.729151331685101
0.2139212090176097 4.728027268522222
0.11755471082302249 4.446589445799535
0.2139212090176097 4.728027268522222
0.2139212090176097 4.728027268522222
0.2139212090176097 4.704750272590259
0.2139212090176097 4.672331487600727
0.2139212090176097 4.672331487600727
0.2139212090176097 4.672331487600727
0.2139212090176097 4.672331487600727
0.2139212090176097 4.672331487600727
0.2139212090176097 4.665439220321346
0.2139212090176097 4.658736685495626
0.2139212090176097 4.658736685495626
0.2139212090176097 4.658736685495626
0.2139212090176097 4.658736685495626
0.2139212090176097 4.658736685495626
0.8647950996459635 3.431645904887668
0.4905623371191138 4.077838183547708
0.4905623371191138 4.077838183547708
0.4905623371191138 4.077838183547708
0.4905623371191138 4.077838183547708
0.4905623371191138 4.037685422998822
0.4905623371191138 4.037685422998822
0.4905623371191138 4.037685422998822
0.4905623371191138 4.037685422998822
0.4905623371191138 4.037685422998822
0.4905623371191138 4.037685422998822
0.4905623371191138 4.037685422998822
0.4905623371191138 4.037685422998822
0.4905623371191138 4.037685422998822
0.4905623371191138 4.0077391427585844
0.4905623371191138 4.006266135433349
0.4905623371191138 4.006266135433349
0.4905623371191138 4.037685422998822
0.4905623371191138 4.037685422998822
0.4905623371191138 4.037685422998822
0.4905623371191138 4.037685422998822
0.4905623371191138 4.037685422998822
0.46562864858787106 3.98820676438957
0.46562864858787106 3.98820676438957
0.46562864858787106 3.98820676438957
0.46562864858787106 3.98820676438957
0.46562864858787106 3.98820676438957
0.46562864858787106 3.98820676438957
0.46562864858787106 3.98820676438957
0.46562864858787106 3.98820676438957
0.46562864858787106 3.98820676438957
0.46562864858787106 3.98820676438957
0.46562864858787106 3.98820676438957
0.3978053023133159 3.6880160715619903
0.3978053023133159 3.6880160715619903
0.3978053023133159 3.6880160715619903
0.3978053023133159 3.6880160715619903
0.3978053023133159 3.6880160715619903
0.3978053023133159 3.6880160715619903
0.3978053023133159 3.6880160715619903
0.3978053023133159 3.6880160715619903
0.3978053023133159 3.6880160715619903
0.3978053023133159 3.6880160715619903
0.3978053023133159 3.6880160715619903
0.3978053023133159 3.6880160715619903
0.3978053023133159 3.6880160715619903
0.3978053023133159 3.6880160715619903
0.6488523672388484 3.228255437892094
0.6488523672388484 3.228255437892094
0.6488523672388484 3.228255437892094
0.6488523672388484 3.228255437892094
0.6488523672388484 3.228255437892094
0.6488523672388484 3.228255437892094
0.6488523672388484 3.228255437892094
0.6488523672388484 3.228255437892094
0.6488523672388484 3.228255437892094
0.6488523672388484 3.228255437892094
0.6488523672388484 3.228255437892094
0.6488523672388484 3.228255437892094
0.6488523672388484 3.228255437892094
0.6431080510201181 3.1107492862587613
0.6431080510201181 3.1107492862587613
0.6431080510201181 3.1107492862587613
0.6431080510201181 3.1107492862587613
0.6431080510201181 3.1107492862587613
0.6431080510201181 3.1107492862587613
0.6431080510201181 3.1107492862587613
0.6431080510201181 3.1107492862587613
0.6431080510201181 3.1107492862587613
0.6431080510201181 3.1107492862587613
0.6431080510201181 3.1107492862587613
0.6431080510201181 3.1107492862587613
0.6431080510201181 3.1107492862587613
0.6431080510201181 3.1107492862587613
0.6431080510201181 3.1107492862587613
0.6431080510201181 3.1107492862587613
0.6431080510201181 3.1107492862587613
0.6431080510201181 3.1107492862587613
0.6431080510201181 3.1107492862587613
0.6431080510201181 3.1107492862587613
0.6431080510201181 3.1107492862587613
0.6431080510201181 3.1107492862587613
0.6431080510201181 3.1107492862587613
0.6258751023639275 3.2368793945669267
0.6258751023639275 3.2368793945669267
0.6258751023639275 3.2410172487915996
0.6258751023639275 3.2368793945669267
0.6258751023639275 3.2368793945669267
0.6258751023639275 3.2368793945669267
0.6258751023639275 3.2368793945669267
0.6258751023639275 3.2368793945669267
0.6258751023639275 3.2368793945669267
0.6258751023639275 3.2368793945669267
0.6258751023639275 3.2368793945669267
0.6258751023639275 3.2368793945669267
0.6258751023639275 3.2368793945669267
0.6258751023639275 3.2368793945669267
0.6258751023639275 3.2368793945669267
0.6258751023639275 3.2368793945669267
0.6258751023639275 3.2368793945669267
0.6258751023639275 3.2368793945669267
0.6258751023639275 3.2368793945669267
0.6258751023639275 3.2368793945669267
0.6258751023639275 3.2368793945669267
0.6258751023639275 3.2368793945669267
0.6258751023639275 3.2368793945669267
0.6258751023639275 3.2368793945669267
0.6258751023639275 3.2368793945669267
0.6258751023639275 3.2368793945669267
0.6258751023639275 3.2368793945669267
0.6258751023639275 3.2368793945669267
0.6258751023639275 3.2368793945669267
0.6258751023639275 3.2368793945669267
0.6258751023639275 3.2389482659803144
0.6258751023639275 3.2368793945669267
0.6258751023639275 3.242396927149616
0.6061189962613186 3.2522389946929513
0.6061189962613186 3.2522389946929513
0.6061189962613186 3.2522389946929513
0.6061189962613186 3.2522389946929513
0.6061189962613186 3.2522389946929513
0.6061189962613186 3.2522389946929513
0.6061189962613186 3.2522389946929513
0.6061189962613186 3.2522389946929513
0.6061189962613186 3.2522389946929513
0.6061189962613186 3.2522389946929513
0.6061189962613186 3.2522389946929513
0.6061189962613186 3.2522389946929513
0.6061189962613186 3.2522389946929513
0.6061189962613186 3.2522389946929513
0.6061189962613186 3.2522389946929513
0.5418164519612634 3.2685827397635623
0.5418164519612634 3.2685827397635623
0.5418164519612634 3.2685827397635623
0.5418164519612634 3.2685827397635623
0.5418164519612634 3.2685827397635623
0.5418164519612634 3.2685827397635623
0.5418164519612634 3.2685827397635623
0.5418164519612634 3.2685827397635623
0.2596711547362882 2.8826053079660756
0.2596711547362882 2.8266972113124345
0.2596711547362882 2.8266972113124345
0.2596711547362882 2.8266972113124345
0.2596711547362882 2.8266972113124345
0.2596711547362882 2.8826053079660756
0.2596711547362882 2.8826053079660756
0.2596711547362882 2.8826053079660756
0.2596711547362882 2.8826053079660756
0.2596711547362882 2.8826053079660756
0.2596711547362882 2.8826053079660756
0.2596711547362882 2.8826053079660756
0.2596711547362882 2.8826053079660756
0.2596711547362882 2.8826053079660756
0.2596711547362882 2.8826053079660756
0.2596711547362882 2.8826053079660756
0.2596711547362882 2.8826053079660756
0.2596711547362882 2.8826053079660756
0.2596711547362882 2.8826053079660756
0.2596711547362882 2.8826053079660756
0.2596711547362882 2.8826053079660756
0.2596711547362882 2.8826053079660756
0.2596711547362882 2.8826053079660756
0.2596711547362882 2.8826053079660756
0.2596711547362882 2.8826053079660756
0.2596711547362882 2.8826053079660756
0.2596711547362882 2.8826053079660756
0.2596711547362882 2.8826053079660756
0.2596711547362882 2.8826053079660756
0.2596711547362882 2.8826053079660756
0.2596711547362882 2.8266972113124345
0.2596711547362882 2.7996288958808093
0.2596711547362882 2.8553835219658055
0.2596711547362882 2.8553835219658055
0.2596711547362882 2.8644937922771807
0.2596711547362882 2.6735958997339573
0.2596711547362882 2.6735958997339573
0.2596711547362882 2.6735958997339573
0.2596711547362882 2.6735958997339573
0.2596711547362882 2.6735958997339573
0.2596711547362882 2.6735958997339573
0.2596711547362882 2.6735958997339573
0.2596711547362882 2.6735958997339573
0.2596711547362882 2.6569493469350767
0.2596711547362882 2.6569493469350767
0.2596711547362882 2.6569493469350767
0.2596711547362882 2.6735958997339573
0.2596711547362882 2.6735958997339573
0.2596711547362882 2.8781002377095324
0.2596711547362882 2.8710748906172414
0.2596711547362882 2.8715626263101037
0.2596711547362882 2.8757983299385863
0.2596711547362882 2.832843000393127
0.2596711547362882 2.8731597599526104
0.2596711547362882 2.872656321139142
0.2596711547362882 2.872656321139142
0.2596711547362882 2.6735958997339573
0.2596711547362882 2.6735958997339573
0.2596711547362882 2.870658249486244
0.2596711547362882 2.8615374037486383
0.2596711547362882 2.8707719232186673
0.2596711547362882 2.8449010754281683
0.2596711547362882 2.6735958997339573
0.2596711547362882 2.8680969717354685
0.2596711547362882 2.8680969717354685
0.2596711547362882 2.7807181350760968
0.2596711547362882 2.7807181350760968
0.2596711547362882 2.6759467826127015
0.2596711547362882 2.6759467826127015
0.2596711547362882 2.6759467826127015
0.2596711547362882 2.6569493469350767
0.2596711547362882 2.7531453186957915
0.2596711547362882 2.803268289684394
0.2596711547362882 2.7811308948068834
0.2596711547362882 2.7811308948068834
0.2596711547362882 2.6960371457260113
0.2596711547362882 2.8674071191062676
0.2596711547362882 2.8758127208122577
0.2596711547362882 2.739082711365453
0.2596711547362882 2.7619688185952027
0.2596711547362882 2.676941313806343
0.2596711547362882 2.8254568387683623
0.2596711547362882 2.8254568387683623
0.2596711547362882 2.8254568387683623
0.2596711547362882 2.820902751630464
0.2596711547362882 2.820902751630464
0.2596711547362882 2.9224635318296928
0.2596711547362882 2.9224635318296928
0.2596711547362882 2.8421555957162834
0.2596711547362882 2.894006198564968
0.2596711547362882 2.7815763401210525
0.2596711547362882 2.7815763401210525
0.2596711547362882 2.826263203130458
0.2596711547362882 2.826263203130458
0.2596711547362882 2.6842001871991314
0.2596711547362882 2.869058976443501
0.2596711547362882 2.7476662641446494
0.2596711547362882 2.699595565978367
0.2596711547362882 2.7876698592577234
0.2596711547362882 2.8591607543050372
0.2596711547362882 2.8591607543050372
0.2596711547362882 2.8591607543050372
0.2596711547362882 2.8169894991916826
0.2596711547362882 2.6511592978850187
0.2596711547362882 2.8440616189632864
0.2596711547362882 2.933854375754423
0.2596711547362882 2.882891328910066
0.2596711547362882 2.882891328910066
0.2596711547362882 2.882891328910066
0.2596711547362882 2.719294773969266
0.2596711547362882 2.719294773969266
0.2596711547362882 2.9255762560220893
0.2596711547362882 2.9255762560220893
0.2596711547362882 2.959481957375888
0.40621876557288183 3.123516895544434
0.40621876557288183 3.123516895544434
0.40621876557288183 3.123516895544434
0.40621876557288183 3.123516895544434
0.40621876557288183 3.123516895544434
0.40621876557288183 3.123516895544434
0.40621876557288183 3.123516895544434
0.40621876557288183 3.123516895544434
0.40621876557288183 3.1351806240812605
0.40621876557288183 3.1351806240812605
0.40621876557288183 3.1351806240812605
0.40621876557288183 3.1544478507384612
0.40621876557288183 3.158517556316392
0.40621876557288183 3.158517556316392
0.40621876557288183 3.158517556316392
0.40621876557288183 3.158517556316392
0.40621876557288183 3.158517556316392
0.40621876557288183 3.158517556316392
0.40621876557288183 3.158517556316392
0.40621876557288183 3.158517556316392
0.40621876557288183 3.1544478507384612
0.40621876557288183 3.167181720692417
0.40621876557288183 3.1351806240812605
0.40621876557288183 3.146125785793527
0.40621876557288183 3.146125785793527
0.40621876557288183 3.1741553783212115
0.40621876557288183 3.123516895544434
0.40621876557288183 3.2006202875625114
0.40621876557288183 3.1542019929823577
0.40621876557288183 3.1542019929823577
0.40621876557288183 3.125597144778037
0.40621876557288183 3.125597144778037
0.40621876557288183 3.1400200843278325
0.40621876557288183 3.148612985341071
0.40621876557288183 3.148612985341071
0.40621876557288183 3.164140464421911
0.40621876557288183 3.153486022928166
0.40621876557288183 3.172657993405397
0.40621876557288183 3.179114359674629
0.40621876557288183 3.167353432946652
0.40621876557288183 3.160701547919706
0.40621876557288183 3.1449194086848
0.40621876557288183 3.1744186577006617
0.40621876557288183 3.174815661080617
0.40621876557288183 3.2301746271824805
0.40621876557288183 3.222914907413657
0.40621876557288183 3.203488945204748
0.40621876557288183 3.203488945204748
0.40621876557288183 3.1429946226293994
0.40621876557288183 3.2055620761007586
0.40621876557288183 3.1619122100359407
0.35568128253014186 3.4931816021912883
0.35568128253014186 3.4931816021912883
0.35568128253014186 3.4931816021912883
0.35568128253014186 3.4931816021912883
0.35568128253014186 3.4702466417860154
0.35568128253014186 3.4702466417860154
0.35568128253014186 3.4702466417860154
0.35568128253014186 3.4702466417860154
0.35568128253014186 3.4702466417860154
0.35568128253014186 3.4702466417860154
0.35568128253014186 3.4702466417860154
0.35568128253014186 3.4702466417860154
0.35568128253014186 3.4702466417860154
0.35568128253014186 3.4702466417860154
0.35568128253014186 3.4702466417860154
0.35568128253014186 3.4702466417860154
0.34918594005547854 3.51476121617429
0.34918594005547854 3.51476121617429
0.34918594005547854 3.51476121617429
0.3459382688181469 3.541694401609802
0.3459382688181469 3.541694401609802
0.3459382688181469 3.541694401609802
0.3426905975808152 3.5686944190066954
0.3426905975808152 3.5686944190066954
0.3402548441528165 3.584241400724107
0.3402548441528165 3.584241400724107
0.3402548441528165 3.584241400724107
0.33457141948748603 3.6367844022554214
0.33457141948748603 3.6367844022554214
0.3307148098931547 3.640033750053302
0.3307148098931547 3.640033750053302
0.3307148098931547 3.640033750053302
0.32969991263148857 3.668139179701285
0.32969991263148857 3.668139179701285
0.32969991263148857 3.668139179701285
0.2994247658280435 3.2284553833265095
0.1008895683134797 3.7440442242000294
0.1008895683134797 3.7440442242000294
0.1008895683134797 3.7440442242000294
0.1008895683134797 3.7440442242000294
0.1008895683134797 3.7440442242000294
0.1008895683134797 3.7440442242000294
0.1008895683134797 3.743730182537506
0.1008895683134797 3.743730182537506
0.1008895683134797 3.743730182537506
0.1008895683134797 3.743730182537506
0.1008895683134797 3.743730182537506
0.1008895683134797 3.7440442242000294
0.1008895683134797 3.782206938475732
0.1008895683134797 3.7955400948345517
0.1008895683134797 3.791239729157738
0.1008895683134797 3.7925573894470697
0.24667974282172017 3.7223898996581335
0.24667974282172017 3.7223898996581335
0.24667974282172017 3.7223898996581335
0.24667974282172017 3.7223898996581335
0.24667974282172017 3.7733772217642865
0.23561343796051396 3.823907405808462
0.23561343796051396 3.823907405808462
0.23561343796051396 3.823907405808462
0.22510138337781654 3.898419147385017
0.22510138337781654 3.898419147385017
0.22510138337781654 3.898419147385017
0.1012620623110362 4.290978167082748
0.1012620623110362 4.290978167082748
0.1012620623110362 4.290978167082748
0.1012620623110362 4.290978167082748
0.1012620623110362 4.290978167082748
0.1012620623110362 4.290978167082748
0.1012620623110362 4.290978167082748
0.1012620623110362 4.290978167082748
0.1012620623110362 4.290978167082748
0.1012620623110362 4.290978167082748
0.1012620623110362 4.290978167082748
0.1012620623110362 4.290978167082748
0.1012620623110362 4.290978167082748
0.1012620623110362 4.290978167082748
