0.6833349736380507 3.6121704156920784
0.2542776302381148 4.371892863740887
0.7511854234916835 3.1609517551277473
0.6833349736380507 3.592990510640354
0.2542776302381148 4.308206578741434
0.2542776302381148 4.308206578741434
0.691751478501662 3.5500814033867814
0.691751478501662 3.5500814033867814
0.18680135597061953 4.251160934783164
0.18680135597061953 4.251160934783164
0.18680135597061953 4.251160934783164
0.18680135597061953 4.251160934783164
0.691751478501662 3.5500814033867814
0.691751478501662 3.5093348186755464
0.691751478501662 3.5093348186755464
0.691751478501662 3.5093348186755464
0.691751478501662 3.5093348186755464
0.691751478501662 3.5093348186755464
0.5320951658133382 3.1229570750029274
0.5320951658133382 3.1229570750029274
0.5320951658133382 3.1229570750029274
0.5320951658133382 3.1229570750029274
0.5320951658133382 3.1229570750029274
0.5320951658133382 3.1229570750029274
0.5320951658133382 3.1229570750029274
0.5320951658133382 3.1229570750029274
0.5320951658133382 3.113189343244366
0.5320951658133382 3.113189343244366
0.5320951658133382 3.113189343244366
0.5320951658133382 3.113189343244366
0.5320951658133382 3.113189343244366
0.5320951658133382 3.1130126072425406
0.5320951658133382 3.1229570750029274
0.5320951658133382 3.1229570750029274
0.5320951658133382 3.1229570750029274
0.5320951658133382 3.1229570750029274
0.5320951658133382 3.1229570750029274
0.5320951658133382 3.1229570750029274
0.5320951658133382 3.1229570750029274
0.5320951658133382 2.9803482941165
0.5320951658133382 2.9803482941165
0.5320951658133382 2.9803482941165
0.5320951658133382 2.9803482941165
0.5320951658133382 2.9803482941165
0.5320951658133382 2.9948265910793803
0.5320951658133382 2.9948265910793803
0.5320951658133382 2.9948265910793803
0.5320951658133382 2.9948265910793803
0.5320951658133382 2.9948265910793803
0.5320951658133382 2.9948265910793803
0.5320951658133382 2.9948265910793803
0.5320951658133382 2.9948265910793803
0.5320951658133382 2.9948265910793803
0.5320951658133382 2.9948265910793803
0.5320951658133382 2.9948265910793803
0.5320951658133382 2.9948265910793803
0.5320951658133382 2.9948265910793803
0.5320951658133382 2.9948265910793803
0.5320951658133382 2.9948265910793803
0.5320951658133382 2.9948265910793803
0.5320951658133382 2.9948265910793803
0.5320951658133382 2.9948265910793803
0.5320951658133382 2.9948265910793803
0.5320951658133382 2.9948265910793803
0.5320951658133382 2.9948265910793803
0.5320951658133382 2.9948265910793803
0.5320951658133382 2.9948265910793803
0.5320951658133382 2.9948265910793803
0.5320951658133382 2.9948265910793803
0.5320951658133382 2.9948265910793803
0.5320951658133382 2.9948265910793803
0.5320951658133382 2.9948265910793803
0.5320951658133382 2.9948265910793803
0.5320951658133382 2.9948265910793803
0.5320951658133382 2.9948265910793803
0.5320951658133382 2.9948265910793803
0.5320951658133382 2.996445450722087
0.5320951658133382 2.9969628827156507
0.5320951658133382 2.9969628827156507
0.5320951658133382 2.9948265910793803
0.5320951658133382 2.9948265910793803
0.5320951658133382 2.996568683369144
0.5320951658133382 2.996568683369144
0.5320951658133382 2.996568683369144
0.5320951658133382 2.996568683369144
0.5320951658133382 2.996568683369144
0.5320951658133382 3.0018454068776492
0.5320951658133382 3.0018454068776492
0.5320951658133382 3.0052045507145633
0.5320951658133382 2.9948265910793803
0.5320951658133382 2.9948265910793803
0.5320951658133382 2.9941594028020333
0.5320951658133382 2.9941594028020333
0.5320951658133382 2.9948265910793803
0.5320951658133382 2.9948265910793803
0.5320951658133382 2.9948265910793803
0.5320951658133382 3.029114924218011
0.5320951658133382 3.0291310421546593
0.5320951658133382 2.9934249061055844
0.5320951658133382 3.023639237181374
0.5320951658133382 3.023639237181374
0.5320951658133382 2.9978339525593585
0.5320951658133382 2.9999324438763724
0.5320951658133382 3.011958716887185
0.5320951658133382 3.002040084680713
0.5320951658133382 2.9951351333119125
0.5320951658133382 3.0193116846795007
0.5320951658133382 3.0193116846795007
0.5320951658133382 3.0193116846795007
0.5320951658133382 3.0193116846795007
0.5320951658133382 2.9925337231488944
0.5320951658133382 3.0182866804638997
0.5320951658133382 3.0182866804638997
0.5320951658133382 2.993289931620129
0.5320951658133382 2.993289931620129
0.5320951658133382 3.0036295582837993
0.5320951658133382 3.0084144364320324
0.5320951658133382 2.993988671708313
0.5212697000402478 2.9936296818731063
0.5212697000402478 2.9936296818731063
0.5212697000402478 2.9936296818731063
0.5212697000402478 2.9936296818731063
0.5212697000402478 2.9936296818731063
0.5212697000402478 2.9936296818731063
0.5212697000402478 2.9936296818731063
0.5212697000402478 2.9936296818731063
0.5212697000402478 2.9936296818731063
0.5212697000402478 2.9936296818731063
0.5212697000402478 2.9936296818731063
0.5212697000402478 2.9936296818731063
0.5212697000402478 2.9936296818731063
0.5212697000402478 2.9936296818731063
0.5212697000402478 2.9936296818731063
0.5212697000402478 2.9936296818731063
0.5212697000402478 2.9936296818731063
0.5212697000402478 2.9936296818731063
0.5212697000402478 2.9936296818731063
0.5212697000402478 2.9936296818731063
0.5212697000402478 2.9936296818731063
0.5212697000402478 2.9936296818731063
0.5212697000402478 2.9936296818731063
0.5212697000402478 2.9936296818731063
0.5212697000402478 2.9936296818731063
0.5212697000402478 2.9936296818731063
0.5212697000402478 2.9936296818731063
0.5212697000402478 2.9936296818731063
0.5212697000402478 2.9936296818731063
0.5212697000402478 2.9936296818731063
0.5212697000402478 2.986926564366426
0.5212697000402478 2.9936296818731063
0.5212697000402478 2.9936296818731063
0.5212697000402478 2.99211226786674
0.5212697000402478 2.9924661027258983
0.5212697000402478 2.992870967054208
0.5212697000402478 2.992870967054208
0.5212697000402478 2.9936296818731063
0.5212697000402478 2.9402439789732555
0.5212697000402478 2.9953276565851055
0.5212697000402478 2.9936296818731063
0.5050955420263011 2.5265948327121697
0.5050955420263011 2.5265948327121697
0.5050955420263011 2.5265948327121697
0.5050955420263011 2.5265948327121697
0.5040005039048647 2.8076947851820444
0.5050955420263011 2.5265948327121697
0.5050955420263011 2.5531412242925513
0.5050955420263011 2.5531412242925513
0.5941683196758595 2.8400564454297084
0.5941683196758595 2.851084249721568
0.5941683196758595 2.8227810177375767
0.5941683196758595 2.838754994786511
0.3604058317396054 3.0891816696397654
0.3604058317396054 3.0891816696397654
0.3604058317396054 3.0891816696397654
0.3604058317396054 3.0891816696397654
0.3604058317396054 3.0891816696397654
0.3604058317396054 3.0891816696397654
0.3604058317396054 3.0891816696397654
0.3604058317396054 3.0891816696397654
0.3604058317396054 3.0891816696397654
0.3604058317396054 3.0891816696397654
0.49089695390695554 2.9397460357592236
0.49089695390695554 2.9397460357592236
0.49089695390695554 2.9397460357592236
0.49089695390695554 2.9397460357592236
0.49089695390695554 2.9397460357592236
0.49089695390695554 2.9397460357592236
0.49089695390695554 2.9397460357592236
0.49089695390695554 2.9397460357592236
0.49089695390695554 2.9397460357592236
0.49089695390695554 2.9397460357592236
0.49089695390695554 2.9397460357592236
0.49089695390695554 2.9397460357592236
0.49089695390695554 2.9397460357592236
0.49089695390695554 2.9397460357592236
0.49089695390695554 2.9397460357592236
0.49089695390695554 2.9397460357592236
0.49089695390695554 2.9397460357592236
0.49089695390695554 2.9397460357592236
0.49089695390695554 2.9397460357592236
0.49089695390695554 2.9397460357592236
0.49089695390695554 2.9397460357592236
0.49089695390695554 2.9397460357592236
0.49089695390695554 2.9397460357592236
0.49089695390695554 2.9397460357592236
0.49089695390695554 2.9397460357592236
0.49089695390695554 2.9397460357592236
0.49089695390695554 2.9397460357592236
0.49089695390695554 2.9397460357592236
0.49089695390695554 2.9397460357592236
0.49089695390695554 2.9397460357592236
0.49089695390695554 2.909513542384745
0.49089695390695554 2.9254266590307774
0.3972504799438661 2.8258889134069913
0.3972504799438661 2.8258889134069913
0.3972504799438661 2.8258889134069913
0.3972504799438661 2.8258889134069913
0.3972504799438661 2.8258889134069913
0.37386948116730745 2.897016222143895
0.37386948116730745 2.897016222143895
0.37386948116730745 2.897016222143895
0.37386948116730745 2.897016222143895
0.37386948116730745 2.897016222143895
0.37386948116730745 2.897016222143895
0.37386948116730745 2.897016222143895
0.37386948116730745 2.897016222143895
0.37386948116730745 2.897016222143895
0.37386948116730745 2.897016222143895
0.37386948116730745 2.897016222143895
0.37386948116730745 2.897016222143895
0.44261552708860874 3.0249999663384597
0.44261552708860874 3.0249999663384597
0.44261552708860874 3.0249999663384597
0.44261552708860874 3.0249999663384597
0.44261552708860874 3.0249999663384597
0.44261552708860874 3.0249999663384597
0.44261552708860874 3.0249999663384597
0.44261552708860874 3.0249999663384597
0.44261552708860874 3.0249999663384597
0.44261552708860874 3.0249999663384597
0.44261552708860874 3.0249999663384597
0.44261552708860874 3.0249999663384597
0.44261552708860874 3.0249999663384597
0.44261552708860874 3.0249999663384597
0.44261552708860874 3.0249999663384597
0.44261552708860874 3.0249999663384597
0.44261552708860874 3.0249999663384597
0.3511621625227037 2.9203167957988376
0.3511621625227037 2.9203167957988376
0.3511621625227037 2.9203167957988376
0.3511621625227037 2.9203167957988376
0.3511621625227037 2.9203167957988376
0.3511621625227037 2.9203167957988376
0.3511621625227037 2.9203167957988376
0.3511621625227037 2.9203167957988376
0.3511621625227037 2.9203167957988376
0.3511621625227037 2.9203167957988376
0.3511621625227037 2.9203167957988376
0.3511621625227037 2.9203167957988376
0.3511621625227037 2.9203167957988376
0.42687837565516107 2.9602707532792647
0.42687837565516107 2.9602707532792647
0.42687837565516107 2.9602707532792647
0.42687837565516107 2.9602707532792647
0.42687837565516107 2.9602707532792647
0.42687837565516107 2.9602707532792647
0.42687837565516107 2.9602707532792647
0.42687837565516107 2.9602707532792647
0.42687837565516107 2.9602707532792647
0.42687837565516107 2.9602707532792647
0.42687837565516107 2.9602707532792647
0.42687837565516107 2.9602707532792647
0.42687837565516107 2.9602707532792647
0.42687837565516107 2.9602707532792647
0.42687837565516107 2.9602707532792647
0.42687837565516107 2.9602707532792647
0.42687837565516107 2.9602707532792647
0.42687837565516107 2.9602707532792647
0.42687837565516107 2.9602707532792647
0.42687837565516107 2.9602707532792647
0.42687837565516107 2.9602707532792647
0.42687837565516107 2.9602707532792647
0.42687837565516107 2.9602707532792647
0.42687837565516107 2.9602707532792647
0.42687837565516107 2.9602707532792647
0.42687837565516107 2.9602707532792647
0.42687837565516107 2.9602707532792647
0.42687837565516107 2.9602707532792647
0.42687837565516107 2.9602707532792647
0.3239367052620009 3.3367206230283792
0.3239367052620009 3.3367206230283792
0.3239367052620009 3.3367206230283792
0.3239367052620009 3.3367206230283792
0.3239367052620009 3.3367206230283792
0.2670826709675964 3.4484063181040967
0.2670826709675964 3.4484063181040967
0.2670826709675964 3.4484063181040967
0.2670826709675964 3.441728301217975
0.2670826709675964 3.4315905778774556
0.2670826709675964 3.4315905778774556
0.2670826709675964 3.4315905778774556
0.2670826709675964 3.4315905778774556
0.2670826709675964 3.4092151365640446
0.2670826709675964 3.3931845373126754
0.2670826709675964 3.3931845373126754
0.2670826709675964 3.3931845373126754
0.2670826709675964 3.3931845373126754
0.2587585871922004 3.3266251511270655
0.2587585871922004 3.3266251511270655
0.2809682261065286 3.236123873865714
0.2809682261065286 3.236123873865714
0.2809682261065286 3.211448869055731
0.2809682261065286 3.211448869055731
0.2809682261065286 3.211448869055731
0.2809682261065286 3.17858498169689
0.2809682261065286 3.17858498169689
0.2809682261065286 3.17858498169689
0.2809682261065286 3.17858498169689
0.2809682261065286 3.17858498169689
0.2809682261065286 3.17858498169689
0.2809682261065286 3.17858498169689
0.2809682261065286 3.17858498169689
0.2809682261065286 3.17858498169689
0.2809682261065286 3.17858498169689
0.2809682261065286 3.17858498169689
0.2809682261065286 3.1488283303028775
0.2809682261065286 3.146138772493266
0.2809682261065286 3.146138772493266
0.2809682261065286 3.1488283303028775
0.2809682261065286 3.1488283303028775
0.2809682261065286 3.1488283303028775
0.2809682261065286 3.1488283303028775
0.2809682261065286 3.17858498169689
0.2809682261065286 3.17858498169689
0.2809682261065286 3.17858498169689
0.2809682261065286 3.17858498169689
0.2809682261065286 3.211448869055731
0.2809682261065286 3.211448869055731
0.2809682261065286 3.211448869055731
0.2809682261065286 3.236123873865714
0.2238798615881591 3.4798249142548605
0.21516018018714878 3.5186118301529166
0.21516018018714878 3.5186118301529166
0.21516018018714878 3.5186118301529166
0.21516018018714878 3.5186118301529166
0.21516018018714878 3.5577774761047154
0.21516018018714878 3.5577774761047154
0.20644049878613846 3.5870548474905357
0.20644049878613846 3.5870548474905357
0.20644049878613846 3.5870548474905357
0.20644049878613846 3.5870548474905357
0.20644049878613846 3.5870548474905357
0.21839486034043085 3.4528308306775566
0.19554089703487554 3.604950239571049
0.19554089703487554 3.604950239571049
0.19554089703487554 3.604950239571049
0.19554089703487554 3.604950239571049
0.19118105633437038 3.627963877421976
0.19118105633437038 3.627963877421976
0.19118105633437038 3.627963877421976
0.19016989486630756 3.5289635590240676
0.19016989486630756 3.5289635590240676
0.19016989486630756 3.5289635590240676
0.17790169186266813 3.4687526013594305
0.17790169186266813 3.4687526013594305
0.17790169186266813 3.4687526013594305
0.17790169186266813 3.4687526013594305
0.17790169186266813 3.4687526013594305
0.17790169186266813 3.4687526013594305
0.17790169186266813 3.4687526013594305
0.16563348885902868 3.511844608160941
0.16563348885902868 3.511844608160941
0.1717675903608484 3.4322167353035717
0.16563348885902868 3.511844608160941
0.16563348885902868 3.511844608160941
0.16563348885902868 3.511844608160941
0.16563348885902868 3.511844608160941
0.15796586198175402 3.5571937494079053
0.15796586198175402 3.5571937494079053
0.15796586198175402 3.5571937494079053
0.15796586198175402 3.5571937494079053
0.15029823510447937 3.5977044588407785
0.15029823510447937 3.5977044588407785
0.15029823510447937 3.5977044588407785
0.15029823510447937 3.5977044588407785
0.15029823510447937 3.5977044588407785
0.1472311843535695 3.681824852026594
0.14109708285174977 3.6838502647665035
0.14109708285174977 3.6838502647665035
0.14109708285174977 3.6838502647665035
0.13726326941311245 3.7048033580247495
0.13726326941311245 3.7048033580247495
0.13649650672538496 3.754263593445709
0.13017071455163337 3.8311548711246446
0.13017071455163337 3.8311548711246446
0.13017071455163337 3.8311548711246446
0.12959564253583777 3.9073973922216108
0.12499506640947297 3.955042943050513
0.1225030876743587 3.97650045797311
0.11924434625151697 3.9801234713837172
0.11924434625151697 3.9801234713837172
0.11924434625151697 3.9801234713837172
0.11924434625151697 3.9801234713837172
0.026336557397532538 5.171524049794023
0.026336557397532538 5.171524049794023
0.026336557397532538 5.171524049794023
