0.40629112949677426 3.139365848674646
0.40629112949677426 3.133295235640644
0.27017668434167874 4.8427511194445385
0.40629112949677426 3.133295235640644
0.40629112949677426 3.1280386618478637
0.27017668434167874 4.8427511194445385
0.40629112949677426 3.1280386618478637
0.40629112949677426 3.1280386618478637
0.40629112949677426 3.1280386618478637
0.40629112949677426 3.1163644837662496
0.40629112949677426 3.1126794062761323
0.40629112949677426 3.1126794062761323
0.40629112949677426 3.092732171842181
0.40629112949677426 3.079540578777815
0.40629112949677426 3.079540578777815
0.40629112949677426 3.079540578777815
0.40629112949677426 3.079540578777815
0.40629112949677426 3.072789108693936
0.40629112949677426 3.058655937524416
0.40629112949677426 3.058655937524416
0.40629112949677426 3.058655937524416
0.40629112949677426 3.05267389424577
0.40629112949677426 3.05267389424577
0.40629112949677426 3.05267389424577
0.40629112949677426 3.05267389424577
0.40629112949677426 3.05267389424577
0.40629112949677426 3.05267389424577
0.40629112949677426 3.0491867623894473
0.40629112949677426 3.0491867623894473
0.40629112949677426 3.0491867623894473
0.38221998789267636 4.328485381126451
0.38221998789267636 4.328485381126451
0.38221998789267636 4.328485381126451
0.38221998789267636 4.294466923172529
0.38221998789267636 4.294466923172529
0.38221998789267636 4.294466923172529
0.38221998789267636 4.294466923172529
0.38221998789267636 4.278587822798438
0.38221998789267636 4.278587822798438
0.38221998789267636 4.278587822798438
0.40629112949677426 3.0226758586688223
0.40629112949677426 3.0226758586688223
0.40629112949677426 3.0226758586688223
0.40629112949677426 3.0226758586688223
0.40629112949677426 3.0226758586688223
0.40629112949677426 3.0226758586688223
0.40629112949677426 3.0226758586688223
0.40629112949677426 3.0226758586688223
0.40629112949677426 3.0226758586688223
0.40629112949677426 3.0226758586688223
0.40629112949677426 3.0226758586688223
0.40629112949677426 3.0226758586688223
0.40629112949677426 3.0226758586688223
0.40629112949677426 3.0226758586688223
0.40629112949677426 3.0226758586688223
0.40629112949677426 3.0226758586688223
0.40629112949677426 3.0089674704407097
0.40629112949677426 3.0226758586688223
0.40629112949677426 3.0049916747311496
0.40629112949677426 3.0049916747311496
0.40629112949677426 3.0049916747311496
0.40629112949677426 3.0049916747311496
0.40629112949677426 3.0089674704407097
0.40629112949677426 3.0049916747311496
0.40629112949677426 3.0049916747311496
0.40629112949677426 3.0089674704407097
0.40629112949677426 3.0089674704407097
0.40629112949677426 3.0049916747311496
0.44620866901225537 2.9178114347757065
0.44620866901225537 2.9178114347757065
0.44620866901225537 2.9178114347757065
0.43955574575967515 2.9417286752496543
0.43955574575967515 2.9417286752496543
0.43955574575967515 2.9417286752496543
0.43955574575967515 2.9417286752496543
0.4362292841333851 2.9546119400545896
0.4362292841333851 2.9546119400545896
0.4362292841333851 2.9546119400545896
0.4362292841333851 2.9546119400545896
0.4362292841333851 2.9546119400545896
0.4362292841333851 2.9546119400545896
0.4362292841333851 2.9546119400545896
0.4362292841333851 2.9546119400545896
0.432902822507095 2.9675277223464454
0.432902822507095 2.9675277223464454
0.432902822507095 2.9675277223464454
0.432902822507095 2.9675277223464454
0.432902822507095 2.9675277223464454
0.432902822507095 2.9675277223464454
0.432902822507095 2.9675277223464454
0.432902822507095 2.9675277223464454
0.432902822507095 2.9675277223464454
0.432902822507095 2.9675277223464454
0.432902822507095 2.9675277223464454
0.432902822507095 2.9675277223464454
0.432902822507095 2.9675277223464454
0.432902822507095 2.9675277223464454
0.432902822507095 2.9737664280875586
0.432902822507095 2.9737664280875586
0.432902822507095 2.9737664280875586
0.432902822507095 2.9737664280875586
0.432902822507095 2.9737664280875586
0.25571137233351626 3.288718083749646
0.25571137233351626 3.288718083749646
0.25571137233351626 3.288718083749646
0.25571137233351626 3.288718083749646
0.25571137233351626 3.288718083749646
0.25571137233351626 3.288718083749646
0.25571137233351626 3.288718083749646
0.25571137233351626 3.288718083749646
0.25571137233351626 3.288718083749646
0.25571137233351626 3.288718083749646
0.25571137233351626 3.288718083749646
0.25571137233351626 3.288718083749646
0.25571137233351626 3.288718083749646
0.25571137233351626 3.288718083749646
0.25571137233351626 3.288718083749646
0.25571137233351626 3.288718083749646
0.25571137233351626 3.288718083749646
0.25571137233351626 3.288718083749646
0.25571137233351626 3.288718083749646
0.25571137233351626 3.288718083749646
0.25571137233351626 3.288718083749646
0.25571137233351626 3.288718083749646
0.25571137233351626 3.288718083749646
0.25571137233351626 3.288718083749646
0.25571137233351626 3.288718083749646
0.25571137233351626 3.288718083749646
0.25571137233351626 3.288718083749646
0.25571137233351626 3.288718083749646
0.25571137233351626 3.288718083749646
0.25571137233351626 3.2650762851583446
0.25571137233351626 3.2742498054231723
0.25571137233351626 3.288718083749646
0.25571137233351626 3.288718083749646
0.25571137233351626 3.288718083749646
0.25571137233351626 3.2860276963097315
0.25571137233351626 3.28139734677691
0.25571137233351626 3.2650762851583446
0.25571137233351626 3.2755946951273796
0.25571137233351626 3.295465519512903
0.25571137233351626 3.288718083749646
0.25571137233351626 3.2732792644488082
0.25571137233351626 3.284528612589748
0.25571137233351626 3.2650762851583446
0.25571137233351626 3.2650762851583446
0.25571137233351626 3.2732792644488082
0.3357209942320264 3.1466366743960887
0.3357209942320264 3.1466366743960887
0.3357209942320264 3.1466366743960887
0.3357209942320264 3.1466366743960887
0.44717117799565487 3.2574233715100824
0.44717117799565487 3.253918077796599
0.44717117799565487 3.253918077796599
0.44717117799565487 3.250435596056812
0.44717117799565487 3.250435596056812
0.44717117799565487 3.250435596056812
0.44717117799565487 3.2398793093421854
0.44717117799565487 3.250435596056812
0.44717117799565487 3.250435596056812
0.4457612259577314 3.2518384497950286
0.4457612259577314 3.2518384497950286
0.4457612259577314 3.2518384497950286
0.4457612259577314 3.2518384497950286
0.4457612259577314 3.2518384497950286
0.4457612259577314 3.2518384497950286
0.44435127391980783 3.2596004236505856
0.44435127391980783 3.2596004236505856
0.443205687888995 3.2542447274154798
0.4420601018581822 3.255107470378285
0.4420601018581822 3.255107470378285
0.4420601018581822 3.2640153003027486
0.4420601018581822 3.2640153003027486
0.4420601018581822 3.2640153003027486
0.4420601018581822 3.2640153003027486
0.4420601018581822 3.2640153003027486
0.4420601018581822 3.2640153003027486
0.4420601018581822 3.2640153003027486
0.4420601018581822 3.2640153003027486
0.4420601018581822 3.2640153003027486
0.4420601018581822 3.2640153003027486
0.4420601018581822 3.2640153003027486
0.4420601018581822 3.2640153003027486
0.4420601018581822 3.2640153003027486
0.4420601018581822 3.2640153003027486
0.4420601018581822 3.2640153003027486
0.4420601018581822 3.2640153003027486
0.4420601018581822 3.2640153003027486
0.4420601018581822 3.2640153003027486
0.4420601018581822 3.2640153003027486
0.4420601018581822 3.2640153003027486
0.4420601018581822 3.2640153003027486
0.36313866432202757 3.158185697646607
0.3891874560702906 3.2433205438900097
0.3891874560702906 3.2433205438900097
0.3891874560702906 3.2433205438900097
0.3891874560702906 3.2433205438900097
0.3891874560702906 3.2433205438900097
0.3891874560702906 3.2433205438900097
0.3891874560702906 3.2433205438900097
0.3891874560702906 3.2433205438900097
0.3891874560702906 3.2433205438900097
0.3891874560702906 3.2433205438900097
0.3891874560702906 3.2433205438900097
0.3891874560702906 3.2433205438900097
0.3891874560702906 3.2433205438900097
0.3891874560702906 3.2433205438900097
0.3891874560702906 3.2433205438900097
0.3891874560702906 3.2433205438900097
0.3891874560702906 3.2433205438900097
0.3891874560702906 3.2433205438900097
0.3891874560702906 3.2433205438900097
0.3891874560702906 3.2433205438900097
0.3891874560702906 3.2433205438900097
0.3891874560702906 3.2433205438900097
0.3891874560702906 3.2433205438900097
0.3891874560702906 3.2433205438900097
0.3891874560702906 3.2433205438900097
0.3891874560702906 3.2433205438900097
0.3891874560702906 3.2433205438900097
0.3891874560702906 3.20612545862877
0.3891874560702906 3.2433205438900097
0.3891874560702906 3.2525339553044272
0.3891874560702906 3.251080029324752
0.3891874560702906 3.245335209474902
0.3891874560702906 3.242313244303069
0.3891874560702906 3.242313244303069
0.3891874560702906 3.2433205438900097
0.3891874560702906 3.2433205438900097
0.3891874560702906 3.2382162354788653
0.3891874560702906 3.260649910696328
0.3891874560702906 3.253529714524075
0.3891874560702906 3.2798363302891156
0.3891874560702906 3.2433205438900097
0.3891874560702906 3.2849738878892243
0.3891874560702906 3.2341874511699706
0.3891874560702906 3.2341874511699706
0.3891874560702906 3.2592087531956104
0.3891874560702906 3.2592087531956104
0.3891874560702906 3.285177517166352
0.3891874560702906 3.285177517166352
0.3891874560702906 3.285177517166352
0.3891874560702906 3.2323993743782866
0.3891874560702906 3.29350948466687
0.3891874560702906 3.259875737322862
0.3891874560702906 3.2961606943228894
0.3891874560702906 3.2961606943228894
0.3325622256517489 3.412817027453892
0.3325622256517489 3.412817027453892
0.3325622256517489 3.412817027453892
0.3325622256517489 3.412817027453892
0.3325622256517489 3.412817027453892
0.3325622256517489 3.412817027453892
0.3325622256517489 3.412817027453892
0.3325622256517489 3.412817027453892
0.3325622256517489 3.412817027453892
0.3325622256517489 3.412817027453892
0.3325622256517489 3.412817027453892
0.3325622256517489 3.412817027453892
0.3325622256517489 3.412817027453892
0.3325622256517489 3.412817027453892
0.3325622256517489 3.412817027453892
0.3325622256517489 3.412817027453892
0.3325622256517489 3.412817027453892
0.3325622256517489 3.412817027453892
0.3325622256517489 3.412817027453892
0.3325622256517489 3.412817027453892
0.30136767883075843 3.527825082113351
0.30136767883075843 3.527825082113351
0.30136767883075843 3.527825082113351
0.30136767883075843 3.527825082113351
0.30136767883075843 3.527825082113351
0.30136767883075843 3.527825082113351
0.30136767883075843 3.527825082113351
0.30136767883075843 3.527825082113351
0.30136767883075843 3.527825082113351
0.30136767883075843 3.527825082113351
0.30136767883075843 3.527825082113351
0.30136767883075843 3.527825082113351
0.30136767883075843 3.527825082113351
0.30136767883075843 3.527825082113351
0.30136767883075843 3.527825082113351
0.30136767883075843 3.527825082113351
0.30136767883075843 3.527825082113351
0.30136767883075843 3.527825082113351
0.30136767883075843 3.527825082113351
0.30136767883075843 3.527825082113351
0.30136767883075843 3.527825082113351
0.30136767883075843 3.527825082113351
0.30136767883075843 3.527825082113351
0.30136767883075843 3.527825082113351
0.30136767883075843 3.527825082113351
0.30136767883075843 3.527825082113351
0.30136767883075843 3.527825082113351
0.30136767883075843 3.527825082113351
0.30136767883075843 3.527825082113351
0.30136767883075843 3.527825082113351
0.30136767883075843 3.527825082113351
0.30136767883075843 3.527825082113351
0.30136767883075843 3.5248529833911144
0.30136767883075843 3.527825082113351
0.343182589726119 3.436454010798855
0.343182589726119 3.436454010798855
0.343182589726119 3.436454010798855
0.343182589726119 3.436454010798855
0.343182589726119 3.4145229064795126
0.343182589726119 3.3910108434738944
0.343182589726119 3.3910108434738944
0.343182589726119 3.3910108434738944
0.343182589726119 3.4145229064795126
0.343182589726119 3.4145229064795126
0.343182589726119 3.436454010798855
0.343182589726119 3.4466321607456925
0.343182589726119 3.4466321607456925
0.343182589726119 3.4623224623486597
0.343182589726119 3.4623224623486597
0.343182589726119 3.4803438095603405
0.343182589726119 3.493717049267195
0.343182589726119 3.493717049267195
0.343182589726119 3.493717049267195
0.343182589726119 3.4803438095603405
0.343182589726119 3.4803438095603405
0.343182589726119 3.4803438095603405
0.25166958466257294 3.963850643042401
0.30136767883075843 3.557588074361223
0.19566326066743933 3.714380683712321
0.19566326066743933 3.714380683712321
0.19566326066743933 3.714380683712321
0.19566326066743933 3.7114372289239284
0.19566326066743933 3.7114372289239284
0.19566326066743933 3.714380683712321
0.19566326066743933 3.714380683712321
0.19566326066743933 3.714380683712321
0.19566326066743933 3.714380683712321
0.19566326066743933 3.714380683712321
0.19566326066743933 3.714380683712321
0.19566326066743933 3.714380683712321
0.19566326066743933 3.714380683712321
0.19566326066743933 3.714380683712321
0.19566326066743933 3.714380683712321
0.19566326066743933 3.714380683712321
0.19566326066743933 3.714380683712321
0.19566326066743933 3.714380683712321
0.19566326066743933 3.714380683712321
0.19566326066743933 3.714380683712321
0.19566326066743933 3.714380683712321
0.19566326066743933 3.714380683712321
0.19566326066743933 3.714380683712321
0.19566326066743933 3.714380683712321
0.19566326066743933 3.714380683712321
0.19566326066743933 3.714380683712321
0.11578689965855965 4.088543374169956
0.11578689965855965 4.088543374169956
0.11578689965855965 4.088543374169956
0.11578689965855965 4.067538414589413
0.11578689965855965 4.067538414589413
0.11578689965855965 4.067538414589413
0.11578689965855965 4.061175382553258
0.11578689965855965 4.0422536754347425
0.11578689965855965 4.019116476894066
0.11578689965855965 4.019116476894066
0.11578689965855965 4.019116476894066
0.11578689965855965 4.019116476894066
0.11578689965855965 4.019116476894066
0.11578689965855965 4.007366222038932
0.11578689965855965 4.007366222038932
0.11578689965855965 4.007366222038932
0.11578689965855965 4.007366222038932
0.11578689965855965 4.007366222038932
0.11578689965855965 4.007366222038932
0.11578689965855965 4.007366222038932
0.11578689965855965 4.007366222038932
0.11578689965855965 4.007366222038932
0.11578689965855965 4.007366222038932
0.11578689965855965 4.019116476894066
0.11578689965855965 4.0422536754347425
0.11067515807737185 4.104539802039282
0.11067515807737185 4.104539802039282
0.11067515807737185 4.104539802039282
0.11067515807737185 4.104539802039282
0.11067515807737185 4.104539802039282
0.10556341649618406 4.255213258248834
0.10556341649618406 4.255213258248834
0.10556341649618406 4.255213258248834
0.10556341649618406 4.255213258248834
0.10556341649618406 4.255213258248834
0.09533993333380845 4.419804173671384
0.09533993333380845 4.419804173671384
0.09533993333380845 4.419804173671384
0.09533993333380845 4.42531856653181
0.09533993333380845 4.42531856653181
0.09533993333380845 4.42531856653181
0.07489296700905726 4.768882188796576
0.07489296700905726 4.768882188796576
0.07489296700905726 4.768882188796576
0.07489296700905726 4.768882188796576
0.07489296700905726 4.768882188796576
0.07489296700905726 4.768882188796576
0.07489296700905726 4.768882188796576
0.04828976512673266 4.847263633715747
0.04828976512673266 4.847263633715747
0.03399903435955487 5.529266129062216
0.03399903435955487 5.529266129062216
0.03399903435955487 5.529266129062216
0.03399903435955487 5.529266129062216
0.03399903435955487 5.529266129062216
