0.7785115611869339 3.7015654977906265
0.25131186935664995 3.9697275510498655
0.25131186935664995 3.9547286378631648
0.7785115611869339 3.6643088204678165
0.7785115611869339 3.644868236954596
0.7785115611869339 3.644868236954596
0.7785115611869339 3.644868236954596
0.7785115611869339 3.644868236954596
0.7764785803605883 3.764194961372466
0.7764785803605883 3.764194961372466
0.7764785803605883 3.764194961372466
0.7764785803605883 3.764194961372466
0.7764785803605883 3.7536778904072787
0.7764785803605883 3.7404313297427825
0.7764785803605883 3.7404313297427825
0.7764785803605883 3.7404313297427825
0.7764785803605883 3.7404313297427825
0.7764785803605883 3.7404313297427825
0.7764785803605883 3.7357512209665487
0.7764785803605883 3.7357512209665487
0.7764785803605883 3.7357512209665487
0.7764785803605883 3.7086413792823314
0.7764785803605883 3.7086413792823314
0.7764785803605883 3.7086413792823314
0.7764785803605883 3.7086413792823314
0.7764785803605883 3.7086413792823314
0.35944672587170234 3.6609589978797445
0.35944672587170234 3.6609589978797445
0.35944672587170234 3.6609589978797445
0.35944672587170234 3.6609589978797445
0.35381816503590935 3.623606669005261
0.35381816503590935 3.623606669005261
0.6355025439405748 3.448243730154624
0.6355025439405748 3.448243730154624
0.6355025439405748 3.448243730154624
0.6355025439405748 3.448243730154624
0.6355025439405748 3.448243730154624
0.6355025439405748 3.448243730154624
0.6355025439405748 3.448243730154624
0.6355025439405748 3.448243730154624
0.6355025439405748 3.448243730154624
0.6355025439405748 3.448243730154624
0.6355025439405748 3.448243730154624
0.6355025439405748 3.448243730154624
0.6355025439405748 3.448243730154624
0.6355025439405748 3.448243730154624
0.6355025439405748 3.448243730154624
0.6355025439405748 3.448243730154624
0.6355025439405748 3.448243730154624
0.6355025439405748 3.448243730154624
0.6355025439405748 3.448243730154624
0.6355025439405748 3.448243730154624
0.6355025439405748 3.448243730154624
0.6355025439405748 3.448243730154624
0.6355025439405748 3.448243730154624
0.6355025439405748 3.448243730154624
0.7101447259016858 3.2442911667846994
0.7101447259016858 3.2442911667846994
0.7101447259016858 3.2442911667846994
0.7101447259016858 3.2442911667846994
0.7101447259016858 3.2442911667846994
0.6414437053928121 3.3543716281611853
0.6414437053928121 3.3543716281611853
0.666942340081468 2.7966596974866387
0.666942340081468 2.7966596974866387
0.666942340081468 2.7966596974866387
0.666942340081468 2.7966596974866387
0.666942340081468 2.7966596974866387
0.666942340081468 2.7966596974866387
0.666942340081468 2.7966596974866387
0.666942340081468 2.7966596974866387
0.666942340081468 2.7966596974866387
0.666942340081468 2.7966596974866387
0.666942340081468 2.7966596974866387
0.666942340081468 2.7966596974866387
0.666942340081468 2.7966596974866387
0.666942340081468 2.7966596974866387
0.666942340081468 2.7966596974866387
0.666942340081468 2.7966596974866387
0.666942340081468 2.7966596974866387
0.666942340081468 2.7966596974866387
0.666942340081468 2.7966596974866387
0.666942340081468 2.7966596974866387
0.666942340081468 2.7966596974866387
0.666942340081468 2.7966596974866387
0.666942340081468 2.7966596974866387
0.666942340081468 2.7966596974866387
0.666942340081468 2.7966596974866387
0.666942340081468 2.7966596974866387
0.666942340081468 2.7966596974866387
0.666942340081468 2.7966596974866387
0.666942340081468 2.7966596974866387
0.666942340081468 2.7966596974866387
0.5621465224790612 3.1274791158043014
0.5529499342011484 3.127289501551415
0.5529499342011484 3.127289501551415
0.5529499342011484 3.127289501551415
0.5529499342011484 3.127289501551415
0.5529499342011484 3.127289501551415
0.5529499342011484 3.127289501551415
0.5549206316892725 3.11580186465375
0.5529499342011484 3.127289501551415
0.5529499342011484 3.127289501551415
0.5529499342011484 3.127289501551415
0.5529499342011484 3.127289501551415
0.5529499342011484 3.127289501551415
0.5529499342011484 3.127289501551415
0.5490085392249 3.1389273726642637
0.5490085392249 3.1389273726642637
0.5490085392249 3.1389273726642637
0.5490085392249 3.1389273726642637
0.5490085392249 3.1389273726642637
0.5490085392249 3.150304979316069
0.5490085392249 3.150304979316069
0.5490085392249 3.150304979316069
0.5490085392249 3.150304979316069
0.5490085392249 3.1389273726642637
0.5490085392249 3.1389273726642637
0.5490085392249 3.1389273726642637
0.5490085392249 3.1389273726642637
0.5490085392249 3.1389273726642637
0.5490085392249 3.1389273726642637
0.5490085392249 3.1389273726642637
0.5490085392249 3.1389273726642637
0.5490085392249 3.1389273726642637
0.5490085392249 3.1389273726642637
0.5490085392249 3.1389273726642637
0.5490085392249 3.1389273726642637
0.5490085392249 3.1389273726642637
0.5490085392249 3.1389273726642637
0.5490085392249 3.1389273726642637
0.5490085392249 3.144402830499826
0.5490085392249 3.142580715644875
0.5490085392249 3.1540006079374967
0.5490085392249 3.148745444513327
0.5490085392249 3.148745444513327
0.5490085392249 3.148745444513327
0.5490085392249 3.1521545962927724
0.5490085392249 3.1389273726642637
0.5490085392249 3.1438360968083785
0.5490085392249 3.127710500811531
0.5490085392249 3.147850128724684
0.5490085392249 3.156889933239799
0.5490085392249 3.1479076111832947
0.5490085392249 3.156889933239799
0.5490085392249 3.156889933239799
0.5490085392249 3.14155497124163
0.5490085392249 3.14155497124163
0.5490085392249 3.1344380369529685
0.5575352855676478 2.936618944091046
0.5575352855676478 2.936618944091046
0.5575352855676478 2.936618944091046
0.5575352855676478 2.936618944091046
0.5575352855676478 2.936618944091046
0.5575352855676478 2.936618944091046
0.5575352855676478 2.936618944091046
0.5575352855676478 2.936618944091046
0.5575352855676478 2.936618944091046
0.5575352855676478 2.936618944091046
0.5575352855676478 2.936618944091046
0.5575352855676478 2.936618944091046
0.49787547646090846 3.0210948277938883
0.49787547646090846 3.019650318715752
0.49787547646090846 3.019650318715752
0.49787547646090846 3.019650318715752
0.49787547646090846 3.004182294894856
0.49787547646090846 3.004182294894856
0.49787547646090846 3.004182294894856
0.49787547646090846 3.004182294894856
0.4896679030655552 3.0039297140073664
0.4896679030655552 3.0039297140073664
0.4896679030655552 3.0062718429482564
0.4896679030655552 3.0062718429482564
0.4896679030655552 3.0062718429482564
0.4896679030655552 3.0062718429482564
0.4896679030655552 3.0062718429482564
0.4896679030655552 3.0062718429482564
0.4896679030655552 3.0062718429482564
0.4896679030655552 3.0062718429482564
0.4896679030655552 3.0062718429482564
0.4896679030655552 3.0062718429482564
0.4896679030655552 3.0062718429482564
0.4896679030655552 3.0062718429482564
0.4896679030655552 3.0062718429482564
0.4896679030655552 3.0062718429482564
0.4896679030655552 3.0062718429482564
0.4896679030655552 3.0062718429482564
0.4896679030655552 3.0062718429482564
0.4896679030655552 3.0062718429482564
0.4896679030655552 3.0062718429482564
0.4896679030655552 3.0062718429482564
0.4896679030655552 3.0062718429482564
0.4896679030655552 3.0062718429482564
0.4896679030655552 3.0062718429482564
0.4896679030655552 3.0062718429482564
0.4896679030655552 3.0062718429482564
0.4896679030655552 3.0062718429482564
0.4896679030655552 3.0062718429482564
0.4896679030655552 3.0039297140073664
0.4896679030655552 3.005398031690428
0.4896679030655552 3.005398031690428
0.4896679030655552 3.0516289001972505
0.4896679030655552 3.0516289001972505
0.4896679030655552 3.027673146069988
0.4896679030655552 3.028943653864856
0.4896679030655552 3.028943653864856
0.4896679030655552 3.028943653864856
0.4896679030655552 3.028943653864856
0.4896679030655552 3.054870239364687
0.4896679030655552 3.054870239364687
0.4896679030655552 2.9902178872510525
0.4896679030655552 3.017270288333893
0.4896679030655552 3.0051007603717976
0.4896679030655552 3.0111860944261806
0.4896679030655552 3.0189574640208767
0.4896679030655552 3.033189797027727
0.4896679030655552 3.0098245956500076
0.4896679030655552 3.008657467791412
0.4435790807028189 2.833442312149317
0.4435790807028189 2.833442312149317
0.4435790807028189 2.833442312149317
0.4435790807028189 2.833442312149317
0.4435790807028189 2.833442312149317
0.4435790807028189 2.833442312149317
0.4435790807028189 2.833442312149317
0.4435790807028189 2.833442312149317
0.4435790807028189 2.833442312149317
0.4435790807028189 2.833442312149317
0.4435790807028189 2.833442312149317
0.4435790807028189 2.833442312149317
0.4435790807028189 2.833442312149317
0.4435790807028189 2.833442312149317
0.4435790807028189 2.833442312149317
0.4435790807028189 2.833442312149317
0.4435790807028189 2.833442312149317
0.4435790807028189 2.833442312149317
0.4435790807028189 2.833442312149317
0.4435790807028189 2.833442312149317
0.4435790807028189 2.833442312149317
0.4435790807028189 2.833442312149317
0.4435790807028189 2.833442312149317
0.4435790807028189 2.833442312149317
0.4435790807028189 2.833442312149317
0.4435790807028189 2.833442312149317
0.4435790807028189 2.833442312149317
0.4435790807028189 2.833442312149317
0.4435790807028189 2.833442312149317
0.4435790807028189 2.833442312149317
0.39099168081828445 3.0074702144638734
0.39099168081828445 3.0074702144638734
0.31410510151877663 3.1365253303763763
0.31410510151877663 3.1365253303763763
0.31410510151877663 3.1365253303763763
0.31410510151877663 3.1365253303763763
0.31410510151877663 3.1365253303763763
0.31410510151877663 3.1365253303763763
0.31410510151877663 3.1295707589159085
0.31410510151877663 3.1138493322754526
0.31410510151877663 3.1138493322754526
0.31410510151877663 3.1138493322754526
0.31410510151877663 3.1138493322754526
0.31410510151877663 3.1138493322754526
0.3351142220466946 3.048571769386256
0.3351142220466946 3.048571769386256
0.3351142220466946 3.048571769386256
0.3351142220466946 3.048571769386256
0.3351142220466946 3.048571769386256
0.3351142220466946 3.048571769386256
0.3351142220466946 3.048571769386256
0.3351142220466946 3.048571769386256
0.3351142220466946 3.048571769386256
0.3351142220466946 3.048571769386256
0.3351142220466946 3.048571769386256
0.3351142220466946 3.048571769386256
0.3351142220466946 3.048571769386256
0.3351142220466946 3.048571769386256
0.3351142220466946 3.048571769386256
0.3351142220466946 3.048571769386256
0.2726455999947156 3.4238517870244944
0.2726455999947156 3.4238517870244944
0.27961112141215433 3.4166788566903277
0.2830938821208737 3.401066441243295
0.2830938821208737 3.401066441243295
0.2830938821208737 3.401066441243295
0.2830938821208737 3.401066441243295
0.2830938821208737 3.401066441243295
0.2830938821208737 3.401066441243295
0.2830938821208737 3.401066441243295
0.2830938821208737 3.401066441243295
0.2830938821208737 3.401066441243295
0.2830938821208737 3.401066441243295
0.2830938821208737 3.401066441243295
0.2830938821208737 3.401066441243295
0.28135250176651405 3.4141199724176414
0.27961112141215433 3.4166788566903277
0.27961112141215433 3.4166788566903277
0.2726455999947156 3.4238517870244944
0.2726455999947156 3.4238517870244944
0.2726455999947156 3.4238517870244944
0.2726455999947156 3.4238517870244944
0.26524473348868693 3.4400663795874857
0.26524473348868693 3.4400663795874857
0.26524473348868693 3.4400663795874857
0.26524473348868693 3.4400663795874857
0.26524473348868693 3.4400663795874857
0.26524473348868693 3.4400663795874857
0.26524473348868693 3.4400663795874857
0.2534904160967591 3.478454630121545
0.2534904160967591 3.478454630121545
0.2534904160967591 3.478454630121545
0.2534904160967591 3.478454630121545
0.2534904160967591 3.478454630121545
0.2495723102994498 3.4840121760940272
0.2495723102994498 3.4840121760940272
0.24663373095146784 3.491679579808828
0.24663373095146784 3.491679579808828
0.24320538837882222 3.4983663939007412
0.23324686947732776 3.5029246008370127
0.23324686947732776 3.5029246008370127
0.23324686947732776 3.5029246008370127
0.23324686947732776 3.5029246008370127
0.23324686947732776 3.5029246008370127
0.22736971078136384 3.51872368426197
0.22736971078136384 3.51872368426197
0.22736971078136384 3.51872368426197
0.22736971078136384 3.51872368426197
0.22736971078136384 3.51872368426197
0.22736971078136384 3.51872368426197
0.22736971078136384 3.51872368426197
0.22736971078136384 3.51872368426197
0.22736971078136384 3.51872368426197
0.22736971078136384 3.51872368426197
0.22736971078136384 3.51872368426197
0.22736971078136384 3.5329986139594913
0.22736971078136384 3.5329986139594913
0.22736971078136384 3.5329986139594913
0.22736971078136384 3.5329986139594913
0.22736971078136384 3.5329986139594913
0.21137678651781672 3.7016204490543916
0.21137678651781672 3.7016204490543916
0.20758057127525065 3.6741482429389207
0.20758057127525065 3.6741482429389207
0.20758057127525065 3.6522610096036994
0.20758057127525065 3.6741482429389207
0.21137678651781672 3.7016204490543916
0.20098419143987956 3.701951533712524
0.20098419143987956 3.701951533712524
0.20098419143987956 3.701951533712524
0.19464678209366748 3.723282482827867
0.19464678209366748 3.723282482827867
0.19464678209366748 3.723282482827867
0.19464678209366748 3.723282482827867
0.19130078120883762 3.7426480278997847
0.19130078120883762 3.7426480278997847
0.1896277807664227 3.745023294235341
0.18460877943917792 3.7603132707634295
0.18460877943917792 3.7603132707634295
0.18460877943917792 3.767055838382344
0.18209927877555554 3.7931701332028034
0.18209927877555554 3.7931701332028034
0.18209927877555554 3.7931701332028034
0.18209927877555554 3.7931701332028034
0.09277257885332249 3.7758901981875885
0.09277257885332249 3.7758901981875885
0.09277257885332249 3.7758901981875885
0.09277257885332249 3.7758901981875885
0.09277257885332249 3.7758901981875885
0.09277257885332249 3.7758901981875885
0.09277257885332249 3.7527305583315385
0.09277257885332249 3.722271540063323
0.09277257885332249 3.722271540063323
0.09277257885332249 3.722271540063323
0.09277257885332249 3.722271540063323
0.09277257885332249 3.722271540063323
0.09277257885332249 3.722271540063323
0.09277257885332249 3.7758901981875885
0.10500468488785017 3.820063997005232
0.10500468488785017 3.820063997005232
0.10500468488785017 3.820063997005232
0.10500468488785017 3.820063997005232
0.10500468488785017 3.820063997005232
0.10500468488785017 3.820063997005232
0.10500468488785017 3.820063997005232
0.10500468488785017 3.820063997005232
0.10500468488785017 3.820063997005232
0.10500468488785017 3.820063997005232
0.10500468488785017 3.820063997005232
0.10500468488785017 3.9963982013478385
0.10500468488785017 3.9963982013478385
0.10500468488785017 3.9963982013478385
0.10500468488785017 3.9963982013478385
0.10500468488785017 3.9963982013478385
0.05239668513662789 4.302602716929958
0.05239668513662789 4.302602716929958
0.05239668513662789 4.302602716929958
0.05239668513662789 4.320871392854672
0.05928205615640224 4.570057218639593
0.05928205615640224 4.570057218639593
0.05928205615640224 4.570057218639593
0.04560312592297799 4.638505852092233
0.04560312592297799 4.638505852092233
0.04560312592297799 4.638505852092233
0.04104348251183655 4.645335122544698
0.02280490886727088 4.744397427185129
0.02280490886727088 4.744397427185129
0.02280490886727088 4.744397427185129
