0.12084866366008828 4.407451864507647
0.33775698105495744 3.882830149747595
0.33775698105495744 3.882830149747595
0.12084866366008828 4.407451864507647
0.33775698105495744 3.862986601444917
0.13548167713510956 3.969341544905159
0.12084866366008828 4.407451864507647
0.33775698105495744 3.831874531777024
0.13548167713510956 3.9495469549041062
0.13548167713510956 3.9495469549041062
0.13548167713510956 3.9495469549041062
0.13548167713510956 3.9495469549041062
0.13548167713510956 3.9495469549041062
0.13548167713510956 3.9446170338469697
0.13548167713510956 3.9446170338469697
0.13548167713510956 3.9446170338469697
0.6436496968378032 3.3663119716073737
0.6436496968378032 3.3663119716073737
0.5024608192607625 3.2054044080093567
0.5024608192607625 3.2054044080093567
0.5024608192607625 3.2054044080093567
0.5024608192607625 3.2054044080093567
0.5024608192607625 3.2054044080093567
0.5024608192607625 3.2054044080093567
0.5024608192607625 3.2054044080093567
0.5024608192607625 3.2054044080093567
0.5024608192607625 3.2054044080093567
0.5024608192607625 3.2054044080093567
0.5024608192607625 3.191987439880364
0.5024608192607625 3.191987439880364
0.5024608192607625 3.2054044080093567
0.5024608192607625 3.2054044080093567
0.5024608192607625 3.2054044080093567
0.5024608192607625 3.1843711176779532
0.5024608192607625 3.1843711176779532
0.5024608192607625 3.1843711176779532
0.5024608192607625 3.1843711176779532
0.5024608192607625 3.1843711176779532
0.5024608192607625 3.1843711176779532
0.5024608192607625 3.1843711176779532
0.5024608192607625 3.1843711176779532
0.5024608192607625 3.1843711176779532
0.5024608192607625 3.1843711176779532
0.5024608192607625 3.1843711176779532
0.5024608192607625 3.1843711176779532
0.5024608192607625 3.2054044080093567
0.5024608192607625 3.198800592299665
0.5024608192607625 3.2054044080093567
0.5024608192607625 3.2054044080093567
0.5024608192607625 3.2054044080093567
0.5024608192607625 3.2054044080093567
0.5024608192607625 3.198800592299665
0.5024608192607625 3.198800592299665
0.5024608192607625 3.2087067152776747
0.5024608192607625 3.2087067152776747
0.5024608192607625 3.2087067152776747
0.5949067069622728 3.0402614200108906
0.5949067069622728 3.0402614200108906
0.5949067069622728 3.0402614200108906
0.5949067069622728 3.0402614200108906
0.5949067069622728 3.0402614200108906
0.5949067069622728 3.0402614200108906
0.5949067069622728 3.0402614200108906
0.5949067069622728 3.0402614200108906
0.5949067069622728 3.0402614200108906
0.5949067069622728 3.0402614200108906
0.5949067069622728 3.0402614200108906
0.5949067069622728 3.0402614200108906
0.5949067069622728 3.0402614200108906
0.5949067069622728 3.0402614200108906
0.5949067069622728 3.0402614200108906
0.5949067069622728 3.0402614200108906
0.5949067069622728 2.90638024222088
0.5949067069622728 2.90638024222088
0.486961174226523 3.0858189302544745
0.486961174226523 3.0858189302544745
0.486961174226523 3.07997861768407
0.486961174226523 3.1027509840393903
0.486961174226523 3.0434448584580314
0.486961174226523 3.113316319139216
0.486961174226523 3.121387779090115
0.486961174226523 3.060183526241589
0.486961174226523 3.0434448584580314
0.486961174226523 3.035394600408743
0.486961174226523 3.0434448584580314
0.486961174226523 3.0434448584580314
0.486961174226523 3.090862728793692
0.486961174226523 3.090862728793692
0.486961174226523 3.1154462290662623
0.486961174226523 3.071371308585163
0.486961174226523 3.071371308585163
0.486961174226523 3.1265388647759527
0.486961174226523 3.1265388647759527
0.486961174226523 3.081958149420266
0.486961174226523 3.081958149420266
0.486961174226523 3.0804922065706397
0.486961174226523 3.0880564974887803
0.486961174226523 3.0711067476762373
0.486961174226523 3.0711067476762373
0.486961174226523 3.035394600408743
0.486961174226523 3.085742715959507
0.486961174226523 3.0986807264727525
0.486961174226523 3.0986807264727525
0.486961174226523 3.1063048539206273
0.486961174226523 3.0416242832386264
0.486961174226523 3.0827161454454544
0.486961174226523 3.0827161454454544
0.486961174226523 3.1001729589213354
0.486961174226523 3.1001729589213354
0.486961174226523 3.1001729589213354
0.486961174226523 3.0809173952534152
0.486961174226523 3.0809173952534152
0.486961174226523 3.0809173952534152
0.486961174226523 3.0792564932649706
0.486961174226523 3.0792564932649706
0.486961174226523 3.0792564932649706
0.486961174226523 3.08780040335584
0.486961174226523 3.052219245749062
0.486961174226523 3.0709744678932442
0.486961174226523 3.1444302842021234
0.486961174226523 3.091669735998333
0.486961174226523 3.091669735998333
0.486961174226523 3.0593679798850477
0.486961174226523 3.0987169648556923
0.486961174226523 3.142196809203962
0.486961174226523 3.140902130475427
0.486961174226523 3.140902130475427
0.486961174226523 3.080796762147446
0.486961174226523 3.080796762147446
0.486961174226523 3.0691411007554152
0.486961174226523 3.119094381570834
0.486961174226523 3.1001512806972515
0.486961174226523 3.042072615697608
0.486961174226523 3.064575405295816
0.486961174226523 3.081489619791674
0.486961174226523 3.081489619791674
0.486961174226523 3.0352349118119224
0.486961174226523 3.1346268234782912
0.486961174226523 3.047860280971298
0.486961174226523 3.1409024769223084
0.486961174226523 3.109278087947256
0.486961174226523 3.0902004728514667
0.486961174226523 3.0482064517019762
0.486961174226523 3.0482064517019762
0.486961174226523 3.120795589085102
0.486961174226523 3.120795589085102
0.486961174226523 3.092204723067139
0.486961174226523 3.092204723067139
0.486961174226523 3.0863825369187112
0.486961174226523 3.096785446486481
0.486961174226523 3.0974318926994444
0.486961174226523 3.1075040661860074
0.486961174226523 3.1075040661860074
0.486961174226523 3.1130163462481764
0.486961174226523 3.1130163462481764
0.486961174226523 3.0867655597481995
0.486961174226523 3.133671064277837
0.486961174226523 3.0806207291933885
0.486961174226523 3.1108276165820623
0.486961174226523 3.1123830203883918
0.486961174226523 3.173434832200498
0.486961174226523 3.036358788569605
0.486961174226523 3.174651023934561
0.486961174226523 3.1210231135528574
0.486961174226523 3.1210231135528574
0.486961174226523 3.1581287514421157
0.486961174226523 3.1581287514421157
0.486961174226523 3.1228351151872786
0.486961174226523 3.14009533962181
0.486961174226523 3.1073721597551494
0.486961174226523 3.092558034836318
0.486961174226523 3.19644485636169
0.486961174226523 3.19644485636169
0.42609302546257954 2.776272007579617
0.42609302546257954 2.776272007579617
0.42609302546257954 2.776272007579617
0.486961174226523 3.2596837895906017
0.486961174226523 3.222391228239427
0.486961174226523 3.222391228239427
0.486961174226523 3.125090174803902
0.486961174226523 3.2323503357765238
0.486961174226523 3.1578542140919983
0.486961174226523 3.243614089029785
0.486961174226523 3.243614089029785
0.486961174226523 3.0129573864604247
0.48406370082946376 3.276431609690285
0.48406370082946376 3.276431609690285
0.48406370082946376 3.276431609690285
0.48406370082946376 3.276431609690285
0.48406370082946376 3.276431609690285
0.34930218616331393 2.894282060200483
0.34930218616331393 2.894282060200483
0.34930218616331393 2.894282060200483
0.34930218616331393 2.894282060200483
0.34930218616331393 2.894282060200483
0.34930218616331393 2.894282060200483
0.34930218616331393 2.894282060200483
0.3301044763384975 2.9411789120063054
0.3301044763384975 2.9411789120063054
0.3301044763384975 2.9411789120063054
0.3301044763384975 2.9411789120063054
0.3013079116012729 2.96216640113775
0.3013079116012729 2.9468093546619953
0.3013079116012729 2.934370065932677
0.3013079116012729 2.934370065932677
0.3013079116012729 2.934370065932677
0.3013079116012729 2.9468093546619953
0.3013079116012729 2.9468093546619953
0.3013079116012729 2.9468093546619953
0.3013079116012729 2.9468093546619953
0.3013079116012729 2.9468093546619953
0.3013079116012729 2.96216640113775
0.3013079116012729 2.96216640113775
0.3013079116012729 2.96216640113775
0.3013079116012729 2.96216640113775
0.3013079116012729 2.96216640113775
0.3013079116012729 2.96216640113775
0.3013079116012729 2.96216640113775
0.3013079116012729 2.96216640113775
0.3013079116012729 2.96216640113775
0.3013079116012729 2.96216640113775
0.3013079116012729 2.96216640113775
0.3013079116012729 2.96216640113775
0.3013079116012729 2.96216640113775
0.3013079116012729 2.96216640113775
0.3013079116012729 2.96216640113775
0.3013079116012729 2.96216640113775
0.3013079116012729 2.96216640113775
0.3013079116012729 2.96216640113775
0.3013079116012729 2.96216640113775
0.3013079116012729 2.96216640113775
0.3013079116012729 2.9468093546619953
0.3013079116012729 2.934370065932677
0.3013079116012729 2.986028866931965
0.3013079116012729 2.9774360105555346
0.3013079116012729 2.9534507633075457
0.3013079116012729 2.9700517546209517
0.3013079116012729 2.96216640113775
0.3013079116012729 2.96216640113775
0.3013079116012729 2.9705210926325276
0.3013079116012729 2.936945040872835
0.3013079116012729 2.9936670723919403
0.3013079116012729 3.013991488132583
0.3013079116012729 2.9736228660830335
0.3013079116012729 2.957646623233279
0.3013079116012729 2.9441142005496994
0.3013079116012729 2.9441142005496994
0.3013079116012729 2.973479396502855
0.3013079116012729 2.9565109771678713
0.3013079116012729 2.9636708316785123
0.3013079116012729 2.9924324854797
0.3013079116012729 2.963507007946753
0.3013079116012729 2.9562414200645377
0.3013079116012729 2.9225873153828883
0.2878825591540145 3.0910572380449066
0.2878825591540145 3.0910572380449066
0.2878825591540145 3.0910572380449066
0.2878825591540145 3.0910572380449066
0.2878825591540145 3.0910572380449066
0.2878825591540145 3.0910572380449066
0.2878825591540145 3.0910572380449066
0.2878825591540145 3.0910572380449066
0.2744572067067561 3.14053603055012
0.2744572067067561 3.14053603055012
0.2744572067067561 3.14053603055012
0.2744572067067561 3.14053603055012
0.2744572067067561 3.14053603055012
0.2744572067067561 3.14053603055012
0.2744572067067561 3.150538822284451
0.2744572067067561 3.150538822284451
0.2744572067067561 3.159338608677328
0.2744572067067561 3.159338608677328
0.2744572067067561 3.159338608677328
0.2744572067067561 3.159338608677328
0.26060799157417647 3.179485801315318
0.26060799157417647 3.179485801315318
0.26060799157417647 3.179485801315318
0.26060799157417647 3.179485801315318
0.26060799157417647 3.179485801315318
0.26060799157417647 3.179485801315318
0.26060799157417647 3.185921377218279
0.26060799157417647 3.185921377218279
0.26060799157417647 3.2011270013716486
0.26060799157417647 3.2011270013716486
0.26060799157417647 3.2011270013716486
0.36806505772235915 3.446087875162228
0.36209972819387115 3.4310741931183952
0.36209972819387115 3.4310741931183952
0.36209972819387115 3.4310741931183952
0.34420373960840717 3.269991614148666
0.34420373960840717 3.269991614148666
0.34420373960840717 3.269991614148666
0.34420373960840717 3.269991614148666
0.34420373960840717 3.269991614148666
0.34420373960840717 3.269991614148666
0.34420373960840717 3.269991614148666
0.34420373960840717 3.269991614148666
0.29056454191695563 3.3325920861811973
0.29056454191695563 3.3325920861811973
0.29056454191695563 3.3325920861811973
0.29056454191695563 3.3325920861811973
0.29056454191695563 3.3325920861811973
0.29056454191695563 3.3325920861811973
0.29056454191695563 3.3325920861811973
0.29056454191695563 3.3325920861811973
0.29056454191695563 3.3325920861811973
0.29056454191695563 3.3325920861811973
0.29056454191695563 3.3647307944711042
0.29056454191695563 3.3647307944711042
0.29056454191695563 3.3647307944711042
0.29056454191695563 3.3647307944711042
0.29056454191695563 3.3647307944711042
0.29056454191695563 3.3647307944711042
0.29056454191695563 3.3647307944711042
0.29056454191695563 3.3647307944711042
0.29056454191695563 3.3647307944711042
0.29056454191695563 3.3647307944711042
0.29056454191695563 3.3647307944711042
0.29056454191695563 3.3647307944711042
0.29056454191695563 3.3647307944711042
0.29056454191695563 3.3647307944711042
0.29056454191695563 3.3647307944711042
0.29056454191695563 3.3647307944711042
0.29056454191695563 3.3647307944711042
0.29056454191695563 3.3647307944711042
0.29056454191695563 3.3647307944711042
0.29056454191695563 3.3647307944711042
0.29056454191695563 3.3325920861811973
0.29056454191695563 3.3768707981123933
0.29056454191695563 3.3768707981123933
0.29056454191695563 3.3647307944711042
0.29056454191695563 3.3647307944711042
0.29056454191695563 3.3356876799528954
0.29056454191695563 3.3472227461857327
0.29056454191695563 3.3472227461857327
0.29056454191695563 3.3547103675603083
0.29056454191695563 3.4072676770016503
0.26505464315108096 3.5432299108246075
0.26505464315108096 3.5432299108246075
0.26505464315108096 3.5432299108246075
0.26505464315108096 3.5432299108246075
0.26505464315108096 3.5432299108246075
0.26505464315108096 3.5432299108246075
0.26505464315108096 3.5432299108246075
0.25229969376814365 3.596757738660066
0.255488431113878 3.5876732373501774
0.255488431113878 3.5876732373501774
0.255488431113878 3.5876732373501774
0.25229969376814365 3.596757738660066
0.25229969376814365 3.596757738660066
0.25229969376814365 3.596757738660066
0.245922219076675 3.6236842476448765
0.245922219076675 3.6236842476448765
0.245922219076675 3.6238487121357497
0.245922219076675 3.6238487121357497
0.245922219076675 3.6238487121357497
0.245922219076675 3.6238487121357497
0.1580360324569442 3.576667644020728
0.1580360324569442 3.576667644020728
0.15517004410681487 3.606925424820151
0.15517004410681487 3.606925424820151
0.15517004410681487 3.606925424820151
0.15517004410681487 3.606925424820151
0.15230405575668554 3.6913961590043765
0.15230405575668554 3.701822905008398
0.15230405575668554 3.701822905008398
0.15230405575668554 3.701822905008398
0.15230405575668554 3.701822905008398
0.1592640166501936 3.8124170850259285
0.1592640166501936 3.8124170850259285
0.1592640166501936 3.8124170850259285
0.1592640166501936 3.8124170850259285
0.1592640166501936 3.8124170850259285
0.1592640166501936 3.8124170850259285
0.1592640166501936 3.8124170850259285
0.1592640166501936 3.8124170850259285
0.13194229612526978 4.020089518402017
0.13194229612526978 4.020089518402017
0.13194229612526978 4.020089518402017
0.12465980158157342 3.7062202686625505
0.13194229612526978 4.020089518402017
0.13194229612526978 4.020089518402017
0.09650755396938634 4.0400805604685575
0.09650755396938634 4.0400805604685575
0.09650755396938634 4.0400805604685575
0.09650755396938634 4.0400805604685575
0.09650755396938634 4.0400805604685575
0.09650755396938634 4.0400805604685575
0.09650755396938634 4.0400805604685575
0.09650755396938634 4.0400805604685575
0.09650755396938634 4.0400805604685575
0.09650755396938634 4.084516433307147
0.08942060553820966 4.103430416456655
0.08587713132262131 4.130273580256105
0.08587713132262131 4.130273580256105
0.0681597602446796 4.15182215311709
0.0681597602446796 4.15182215311709
0.0681597602446796 4.15182215311709
0.0681597602446796 4.15182215311709
0.03981196651997283 4.195129581594613
0.03981196651997283 4.195129581594613
0.03981196651997283 4.195129581594613
0.03981196651997283 4.195129581594613
0.03981196651997283 4.195129581594613
0.03981196651997283 4.195129581594613
0.03981196651997283 4.195129581594613
