0.6726138441533812 3.724220217913165
0.6864551234876652 3.70341807608167
0.6726138441533812 3.721585620844054
0.6726138441533812 3.721585620844054
0.6864551234876652 3.697025466177554
0.6726138441533812 3.721585620844054
0.29500666104260176 4.272384218061782
0.6864551234876652 3.6968505723732505
0.6726138441533812 3.718085319712396
0.6726138441533812 3.7170035247321818
0.6864551234876652 3.6968505723732505
0.6726138441533812 3.716509291836891
0.6726138441533812 3.71467099579499
0.6864551234876652 3.6947239394294167
0.6726138441533812 3.71467099579499
0.6726138441533812 3.71467099579499
0.6864551234876652 3.6947239394294167
0.6726138441533812 3.71467099579499
0.6726138441533812 3.71467099579499
0.6726138441533812 3.71467099579499
0.6726138441533812 3.71467099579499
0.6726138441533812 3.71467099579499
0.6726138441533812 3.71467099579499
0.6726138441533812 3.71467099579499
0.6726138441533812 3.71467099579499
0.6726138441533812 3.71467099579499
0.6726138441533812 3.7075537089705066
0.6726138441533812 3.7075537089705066
0.6726138441533812 3.7075537089705066
0.6726138441533812 3.7075537089705066
0.6726138441533812 3.7075537089705066
0.6726138441533812 3.7075537089705066
0.6726138441533812 3.6640672539651122
0.6726138441533812 3.662183222318503
0.6726138441533812 3.662183222318503
0.6726138441533812 3.662183222318503
0.6726138441533812 3.662183222318503
0.6726138441533812 3.641984020281003
0.6726138441533812 3.641984020281003
0.42199605105008287 2.998331376763376
0.42199605105008287 2.998331376763376
0.42199605105008287 2.996283703689514
0.42199605105008287 2.9810448833187353
0.42199605105008287 2.9810448833187353
0.42199605105008287 2.9810448833187353
0.42199605105008287 2.9810448833187353
0.42199605105008287 2.9810448833187353
0.42199605105008287 2.976457802286031
0.42199605105008287 2.976457802286031
0.42199605105008287 2.964916722063942
0.42199605105008287 2.964916722063942
0.42199605105008287 2.964916722063942
0.42199605105008287 2.9810448833187353
0.42199605105008287 2.9810448833187353
0.42199605105008287 2.9810448833187353
0.42199605105008287 2.976457802286031
0.42199605105008287 2.976457802286031
0.42199605105008287 2.976457802286031
0.42199605105008287 2.964916722063942
0.42199605105008287 2.964916722063942
0.42199605105008287 2.9810448833187353
0.42199605105008287 2.9810448833187353
0.42199605105008287 2.964916722063942
0.42199605105008287 2.976457802286031
0.42199605105008287 2.976457802286031
0.42199605105008287 2.964916722063942
0.42199605105008287 2.964916722063942
0.42199605105008287 2.964916722063942
0.42199605105008287 2.964916722063942
0.42199605105008287 2.964916722063942
0.42199605105008287 2.924489467397907
0.42199605105008287 2.924489467397907
0.42199605105008287 2.924489467397907
0.42199605105008287 2.924489467397907
0.42199605105008287 2.924489467397907
0.42199605105008287 2.924489467397907
0.42199605105008287 2.924489467397907
0.42199605105008287 2.924489467397907
0.42199605105008287 2.924489467397907
0.42199605105008287 2.924489467397907
0.42199605105008287 2.9109114292586398
0.42199605105008287 2.9109114292586398
0.42199605105008287 2.9109114292586398
0.42199605105008287 2.9109114292586398
0.42199605105008287 2.903161259974742
0.42199605105008287 2.903161259974742
0.42199605105008287 2.9109114292586398
0.42199605105008287 2.903161259974742
0.42199605105008287 2.903161259974742
0.42199605105008287 2.9560075888586748
0.42199605105008287 2.9560075888586748
0.42199605105008287 2.9109114292586398
0.42199605105008287 2.903161259974742
0.42199605105008287 2.9109114292586398
0.42199605105008287 2.9109114292586398
0.42199605105008287 2.9109114292586398
0.42199605105008287 2.924489467397907
0.42199605105008287 2.924489467397907
0.42199605105008287 2.962981899837621
0.42199605105008287 2.924489467397907
0.42199605105008287 2.9109114292586398
0.42199605105008287 2.926661742534383
0.42199605105008287 2.937711216269589
0.42199605105008287 2.937711216269589
0.42199605105008287 2.9313024180899605
0.42199605105008287 2.9569592239735325
0.42199605105008287 2.917699848400438
0.42199605105008287 2.9170305664065994
0.42199605105008287 2.903161259974742
0.42199605105008287 2.903161259974742
0.42199605105008287 2.951157572845578
0.42199605105008287 2.9333824222870017
0.42199605105008287 2.9333824222870017
0.42199605105008287 2.935244663451172
0.42199605105008287 2.9795274349103917
0.42199605105008287 2.9425990483219553
0.42199605105008287 2.938720579967552
0.42199605105008287 2.938720579967552
0.42199605105008287 2.9462605282211713
0.42199605105008287 2.9303097391966255
0.5629199725106798 2.7537611424334667
0.5629199725106798 2.7537611424334667
0.5629199725106798 2.7537611424334667
0.49245801178038134 2.8216830826159534
0.49245801178038134 2.8216830826159534
0.49245801178038134 2.8216830826159534
0.4542094015727272 2.8583116134244366
0.4542094015727272 2.8583116134244366
0.4542094015727272 2.8583116134244366
0.4542094015727272 2.8583116134244366
0.4542094015727272 2.8583116134244366
0.4542094015727272 2.8583116134244366
0.4542094015727272 2.8583116134244366
0.4542094015727272 2.8583116134244366
0.4542094015727272 2.8583116134244366
0.4542094015727272 2.8434160341767427
0.4542094015727272 2.8434160341767427
0.4542094015727272 2.8285265998824487
0.4542094015727272 2.8285265998824487
0.4542094015727272 2.8285265998824487
0.4542094015727272 2.8285265998824487
0.4542094015727272 2.8285265998824487
0.4542094015727272 2.8285265998824487
0.4542094015727272 2.8285265998824487
0.4542094015727272 2.8285265998824487
0.4542094015727272 2.8285265998824487
0.6269144684621771 2.446156079061628
0.6121281731268562 2.4470889195913306
0.6121281731268562 2.4470889195913306
0.6121281731268562 2.4470889195913306
0.6121281731268562 2.4470889195913306
0.6121281731268562 2.4470889195913306
0.6121281731268562 2.4470889195913306
0.6121281731268562 2.4470889195913306
0.6121281731268562 2.4470889195913306
0.6121281731268562 2.4470889195913306
0.6121281731268562 2.4470889195913306
0.6121281731268562 2.4470889195913306
0.6121281731268562 2.4470889195913306
0.6121281731268562 2.4470889195913306
0.6121281731268562 2.4470889195913306
0.6121281731268562 2.4470889195913306
0.6121281731268562 2.4470889195913306
0.6121281731268562 2.4470889195913306
0.6121281731268562 2.4470889195913306
0.6121281731268562 2.4470889195913306
0.6121281731268562 2.4470889195913306
0.6121281731268562 2.4470889195913306
0.6121281731268562 2.4470889195913306
0.6121281731268562 2.4470889195913306
0.6121281731268562 2.4470889195913306
0.6121281731268562 2.4470889195913306
0.6121281731268562 2.4470889195913306
0.6121281731268562 2.4470889195913306
0.6121281731268562 2.4470889195913306
0.6121281731268562 2.4470889195913306
0.6121281731268562 2.4470889195913306
0.6121281731268562 2.4496670444370805
0.6121281731268562 2.454398836322388
0.6121281731268562 2.4470889195913306
0.6121281731268562 2.4640500723894414
0.6121281731268562 2.446037055300352
0.6121281731268562 2.438674905306316
0.6121281731268562 2.438674905306316
0.6121281731268562 2.438674905306316
0.6121281731268562 2.4337791415648287
0.6121281731268562 2.4337791415648287
0.6121281731268562 2.464308328091177
0.6121281731268562 2.434449046255922
0.6121281731268562 2.434449046255922
0.6121281731268562 2.4452916774852764
0.6121281731268562 2.4452916774852764
0.6121281731268562 2.4393530171292293
0.6121281731268562 2.4232591768438643
0.6121281731268562 2.4461200822136613
0.6121281731268562 2.4280425759193682
0.6121281731268562 2.449786568105277
0.6121281731268562 2.423439507116424
0.6121281731268562 2.422165586351798
0.6121281731268562 2.450957714116101
0.6121281731268562 2.450957714116101
0.6121281731268562 2.4496670444370805
0.6121281731268562 2.4496670444370805
0.6121281731268562 2.435253342515603
0.6121281731268562 2.440581301029314
0.6121281731268562 2.435852166234089
0.6121281731268562 2.4572793052204114
0.6121281731268562 2.4142276911407277
0.6121281731268562 2.4142276911407277
0.6121281731268562 2.4142276911407277
0.6121281731268562 2.4142276911407277
0.6121281731268562 2.4373090719685653
0.6121281731268562 2.453957571460093
0.6121281731268562 2.491848074512948
0.6121281731268562 2.491848074512948
0.6121281731268562 2.491848074512948
0.6121281731268562 2.4567090108220464
0.6121281731268562 2.4255046572813086
0.6121281731268562 2.4245860411949245
0.6121281731268562 2.4245860411949245
0.6121281731268562 2.4590066547781797
0.6121281731268562 2.4590066547781797
0.6121281731268562 2.4446032919586647
0.6121281731268562 2.4429615670377305
0.6121281731268562 2.4833012456256762
0.6121281731268562 2.477396208688543
0.6121281731268562 2.510947302154601
0.6121281731268562 2.522084430260333
0.6121281731268562 2.522084430260333
0.6121281731268562 2.522084430260333
0.6121281731268562 2.672241628404422
0.6121281731268562 2.672241628404422
0.6121281731268562 2.42772449344811
0.6121281731268562 2.400694632488095
0.6121281731268562 2.4028096409809416
0.6121281731268562 2.4570313625039337
0.6121281731268562 2.6362481638580397
0.6121281731268562 2.62747018185645
0.6121281731268562 2.62747018185645
0.6121281731268562 2.4408418059463344
0.6121281731268562 2.5152249280579895
0.40261695465005776 3.134745413218538
0.40261695465005776 3.134745413218538
0.40261695465005776 3.134745413218538
0.40261695465005776 3.134745413218538
0.40261695465005776 3.134745413218538
0.40261695465005776 3.134745413218538
0.41235911250441953 3.1177010371420515
0.41235911250441953 3.1177010371420515
0.41235911250441953 3.1177010371420515
0.41235911250441953 3.1177010371420515
0.3977458757228769 3.1286514728991914
0.39163377074824873 3.1230602209027336
0.39163377074824873 3.1230602209027336
0.39163377074824873 3.1230602209027336
0.39163377074824873 3.1230602209027336
0.39163377074824873 3.1230602209027336
0.39163377074824873 3.1230602209027336
0.39163377074824873 3.1230602209027336
0.39043925733210555 3.1489755585644525
0.39043925733210555 3.1489755585644525
0.3784787912634069 3.129465252728556
0.3784787912634069 3.129465252728556
0.3784787912634069 3.129465252728556
0.5045462297586307 2.999731568266978
0.5045462297586307 2.999731568266978
0.5045462297586307 2.999731568266978
0.5045462297586307 2.999731568266978
0.5045462297586307 2.999731568266978
0.5045462297586307 2.999731568266978
0.5045462297586307 2.999731568266978
0.5045462297586307 2.999731568266978
0.5045462297586307 2.999731568266978
0.5045462297586307 2.999731568266978
0.5045462297586307 2.999731568266978
0.5045462297586307 2.999731568266978
0.5045462297586307 2.999731568266978
0.5045462297586307 2.999731568266978
0.5045462297586307 2.999731568266978
0.5045462297586307 2.999731568266978
0.5045462297586307 2.999731568266978
0.5045462297586307 2.999731568266978
0.5045462297586307 2.999731568266978
0.5045462297586307 2.999731568266978
0.5045462297586307 2.999731568266978
0.5045462297586307 2.999731568266978
0.5045462297586307 2.999731568266978
0.5045462297586307 2.999731568266978
0.2688578093343293 3.726350252912708
0.2688578093343293 3.726350252912708
0.2688578093343293 3.726350252912708
0.1995892401370718 3.718179644833409
0.1995892401370718 3.7125445371104946
0.1995892401370718 3.7125445371104946
0.1995892401370718 3.7125445371104946
0.1995892401370718 3.7125445371104946
0.1995892401370718 3.7012376292662146
0.1995892401370718 3.7012376292662146
0.1995892401370718 3.6760699297005583
0.1995892401370718 3.6760699297005583
0.1995892401370718 3.6760699297005583
0.1995892401370718 3.6760699297005583
0.1995892401370718 3.6760699297005583
0.1995892401370718 3.6760699297005583
0.1995892401370718 3.6760699297005583
0.1995892401370718 3.669402622549463
0.22804623752363395 3.607204901097127
0.22804623752363395 3.607204901097127
0.22804623752363395 3.607204901097127
0.22804623752363395 3.607204901097127
0.22804623752363395 3.607204901097127
0.22804623752363395 3.607204901097127
0.22804623752363395 3.607204901097127
0.22804623752363395 3.607204901097127
0.22804623752363395 3.607204901097127
0.1995892401370718 3.660371706513647
0.1995892401370718 3.657523129427478
0.1995892401370718 3.657523129427478
0.1995892401370718 3.657523129427478
0.1995892401370718 3.657523129427478
0.1995892401370718 3.657523129427478
0.1995892401370718 3.6494175040176513
0.1995892401370718 3.6494175040176513
0.1995892401370718 3.6494175040176513
0.1995892401370718 3.666069201481821
0.1995892401370718 3.6760699297005583
0.1995892401370718 3.6760699297005583
0.1995892401370718 3.6760699297005583
0.1995892401370718 3.6760699297005583
0.1995892401370718 3.6760699297005583
0.1995892401370718 3.6760699297005583
0.1995892401370718 3.6760699297005583
0.1995892401370718 3.669402622549463
0.1995892401370718 3.669402622549463
0.1995892401370718 3.669402622549463
0.1995892401370718 3.6760699297005583
0.1995892401370718 3.6760699297005583
0.1995892401370718 3.6778505078020047
0.1995892401370718 3.669402622549463
0.1995892401370718 3.6774655513277574
0.1995892401370718 3.669402622549463
0.1995892401370718 3.669402622549463
0.1995892401370718 3.666069201481821
0.1995892401370718 3.666069201481821
0.1995892401370718 3.667222282068618
0.1995892401370718 3.667222282068618
0.1995892401370718 3.6719596127701997
0.34032238646923135 3.56546685726461
0.34032238646923135 3.56546685726461
0.34032238646923135 3.56546685726461
0.1995892401370718 3.6494175040176513
0.1995892401370718 3.647751240813871
0.1469667964508563 4.178071576778214
0.1469667964508563 4.178071576778214
0.1469667964508563 4.178071576778214
0.1469667964508563 4.178071576778214
0.1469667964508563 4.178071576778214
0.1469667964508563 4.178071576778214
0.1469667964508563 4.178071576778214
0.1469667964508563 4.178071576778214
0.1469667964508563 4.178071576778214
0.15096654891661343 4.16596425230742
0.15096654891661343 4.16596425230742
0.15096654891661343 4.16596425230742
0.1469667964508563 4.178071576778214
0.1469667964508563 4.182120493038847
0.1469667964508563 4.182120493038847
0.1469667964508563 4.182120493038847
0.13630078987550404 4.262547025687705
0.13630078987550404 4.262547025687705
0.12563478330015174 4.275984823033808
0.12563478330015174 4.275984823033808
0.12563478330015174 4.275984823033808
0.12563478330015174 4.279404635637099
0.1203017800124756 4.314911617854214
0.1203017800124756 4.314911617854214
0.10829190930716441 3.6563339992882957
0.10829190930716441 3.6563339992882957
0.10829190930716441 3.6563339992882957
0.10829190930716441 3.6563339992882957
0.10433912567810805 4.370602097988852
0.10433912567810805 4.370602097988852
0.09630326521793295 4.426510546132033
0.0869705094644997 4.459244830229692
0.0869705094644997 4.459244830229692
0.0869705094644997 4.459244830229692
0.0869705094644997 4.459244830229692
0.08084562037197321 4.537995130861115
0.08084562037197321 4.537995130861115
0.07576313787207872 4.585728863534289
0.07284411761304482 4.2748699811116815
0.07284411761304482 4.2748699811116815
0.03924523771353973 4.305244170703314
0.03924523771353973 4.305244170703314
0.03924523771353973 4.305244170703314
0.03924523771353973 4.305244170703314
0.03924523771353973 4.305244170703314
0.03924523771353973 4.305244170703314
0.03924523771353973 4.305244170703314
0.03431672434948764 4.342125697808551
0.02938821098543555 4.3838314456096255
0.02445969762138346 4.422906075944631
0.02063516812649581 4.891240433991333
0.0031821011320085843 4.715824232592386
0.0031821011320085843 4.715824232592386
0.0031821011320085843 4.715824232592386
