0.4509268266578752 4.323732070762758
0.4509268266578752 4.323732070762758
0.5069734777663953 3.9315429228054337
0.4013222627730162 4.226239273408774
0.3911162078133048 4.051227253627256
0.5069734777663953 3.9315429228054337
0.5069734777663953 3.9234625229178532
0.5069734777663953 3.9234625229178532
0.5069734777663953 3.9234625229178532
0.4280955557060139 3.971581369116163
0.4280955557060139 3.971581369116163
0.4280955557060139 3.971581369116163
0.4280955557060139 3.9604702892273713
0.4280955557060139 3.9604702892273713
0.4280955557060139 3.9583977318384824
0.4280955557060139 3.9583977318384824
0.4280955557060139 3.9583977318384824
0.4280955557060139 3.9583977318384824
0.4280955557060139 3.9583977318384824
0.4280955557060139 3.9583977318384824
0.4280955557060139 3.9604702892273713
0.4280955557060139 3.9604702892273713
0.4280955557060139 3.9604702892273713
0.4280955557060139 3.9604702892273713
0.4280955557060139 3.9604702892273713
0.4280955557060139 3.956677403165452
0.4280955557060139 3.9073780895271004
0.4280955557060139 3.9073780895271004
0.4280955557060139 3.9073780895271004
0.4280955557060139 3.9073780895271004
0.4280955557060139 3.9073780895271004
0.4280955557060139 3.9073780895271004
0.4280955557060139 3.9073780895271004
0.4280955557060139 3.9073780895271004
0.4280955557060139 3.9073780895271004
0.4280955557060139 3.9073780895271004
0.4280955557060139 3.9073780895271004
0.4280955557060139 3.9073780895271004
0.4280955557060139 3.9073780895271004
0.4280955557060139 3.9073780895271004
0.4280955557060139 3.9073780895271004
0.4280955557060139 3.9073780895271004
0.4280955557060139 3.9073780895271004
0.4280955557060139 3.9073780895271004
0.7101161372341112 3.2226256696701663
0.7101161372341112 3.2226256696701663
0.45785000546332577 3.644702696791882
0.45785000546332577 3.644702696791882
0.45785000546332577 3.644702696791882
0.45785000546332577 3.644702696791882
0.45785000546332577 3.644702696791882
0.47881699236645336 3.600599716690898
0.47881699236645336 3.5850040482378636
0.47881699236645336 3.5850040482378636
0.47881699236645336 3.5850040482378636
0.47881699236645336 3.5850040482378636
0.4002062414687326 3.024457491366813
0.4002062414687326 3.024457491366813
0.4002062414687326 3.0147606426274924
0.4002062414687326 3.0147606426274924
0.4002062414687326 3.0147606426274924
0.4002062414687326 2.9728235143674877
0.4002062414687326 2.9728235143674877
0.4002062414687326 2.9728235143674877
0.4002062414687326 2.9728235143674877
0.4002062414687326 2.9728235143674877
0.4002062414687326 2.966884724869363
0.4002062414687326 2.966884724869363
0.4002062414687326 2.966884724869363
0.4002062414687326 2.966884724869363
0.4002062414687326 2.966884724869363
0.4002062414687326 2.966884724869363
0.4002062414687326 2.966884724869363
0.4002062414687326 2.966884724869363
0.4002062414687326 2.966884724869363
0.4002062414687326 2.966884724869363
0.4002062414687326 2.952741998553141
0.434128247260978 2.8836197069900082
0.434128247260978 2.8836197069900082
0.434128247260978 2.8836197069900082
0.434128247260978 2.8836197069900082
0.434128247260978 2.8836197069900082
0.434128247260978 2.8836197069900082
0.434128247260978 2.8836197069900082
0.434128247260978 2.8836197069900082
0.434128247260978 2.8528023710202413
0.434128247260978 2.8528023710202413
0.434128247260978 2.8528023710202413
0.434128247260978 2.8528023710202413
0.434128247260978 2.8528023710202413
0.434128247260978 2.8528023710202413
0.434128247260978 2.8528023710202413
0.434128247260978 2.8059695823579602
0.434128247260978 2.8059695823579602
0.434128247260978 2.8059695823579602
0.434128247260978 2.8059695823579602
0.434128247260978 2.8059695823579602
0.434128247260978 2.8059695823579602
0.434128247260978 2.8059695823579602
0.434128247260978 2.8059695823579602
0.434128247260978 2.8059695823579602
0.434128247260978 2.8059695823579602
0.434128247260978 2.8059695823579602
0.434128247260978 2.755234092772467
0.434128247260978 2.755234092772467
0.434128247260978 2.755234092772467
0.434128247260978 2.7323727228428774
0.434128247260978 2.7323727228428774
0.434128247260978 2.7323727228428774
0.434128247260978 2.7323727228428774
0.434128247260978 2.7323727228428774
0.434128247260978 2.7323727228428774
0.434128247260978 2.727479701292882
0.434128247260978 2.727479701292882
0.434128247260978 2.727479701292882
0.434128247260978 2.727479701292882
0.434128247260978 2.727479701292882
0.434128247260978 2.727479701292882
0.434128247260978 2.727479701292882
0.434128247260978 2.727479701292882
0.5060251401022207 2.621831269584157
0.5060251401022207 2.621831269584157
0.5060251401022207 2.621831269584157
0.5060251401022207 2.621831269584157
0.5060251401022207 2.621831269584157
0.5060251401022207 2.621831269584157
0.5060251401022207 2.621831269584157
0.5060251401022207 2.621831269584157
0.5060251401022207 2.621831269584157
0.5060251401022207 2.621831269584157
0.5060251401022207 2.621831269584157
0.5060251401022207 2.621831269584157
0.5060251401022207 2.621831269584157
0.5060251401022207 2.621831269584157
0.5060251401022207 2.621831269584157
0.5060251401022207 2.621831269584157
0.5060251401022207 2.621831269584157
0.5060251401022207 2.621831269584157
0.5060251401022207 2.621831269584157
0.5060251401022207 2.621831269584157
0.5060251401022207 2.621831269584157
0.5060251401022207 2.621831269584157
0.5060251401022207 2.621831269584157
0.5060251401022207 2.621831269584157
0.5060251401022207 2.621831269584157
0.5060251401022207 2.621831269584157
0.5060251401022207 2.621831269584157
0.5060251401022207 2.621831269584157
0.5060251401022207 2.621831269584157
0.5060251401022207 2.621831269584157
0.5060251401022207 2.6250125334438956
0.5060251401022207 2.621831269584157
0.5060251401022207 2.6282370997571864
0.5060251401022207 2.621831269584157
0.5060251401022207 2.621831269584157
0.5060251401022207 2.621831269584157
0.5060251401022207 2.621831269584157
0.5060251401022207 2.612002522933955
0.5060251401022207 2.6356865473900024
0.5060251401022207 2.6492258974309397
0.5060251401022207 2.633775658915044
0.5060251401022207 2.6234218608919995
0.5060251401022207 2.67201218999406
0.5060251401022207 2.621831269584157
0.5060251401022207 2.621831269584157
0.5060251401022207 2.6723959392339514
0.5060251401022207 2.6723959392339514
0.5060251401022207 2.6723959392339514
0.5060251401022207 2.618804541090361
0.5060251401022207 2.6293157283860262
0.5060251401022207 2.6342047383585574
0.5060251401022207 2.621831269584157
0.5060251401022207 2.621831269584157
0.5060251401022207 2.679148452930929
0.5060251401022207 2.5868096596354118
0.5060251401022207 2.6086544090391586
0.5060251401022207 2.630351194692236
0.5060251401022207 2.5811974995587272
0.5060251401022207 2.609756559573494
0.5060251401022207 2.609756559573494
0.5060251401022207 2.614905940759293
0.5060251401022207 2.7024681239768746
0.5060251401022207 2.707120622999194
0.5060251401022207 2.707120622999194
0.5060251401022207 2.6227857297585495
0.5060251401022207 2.7075991310931555
0.5060251401022207 2.620813314688352
0.5060251401022207 2.7285499535557873
0.5060251401022207 2.6708291846473875
0.5060251401022207 2.616197082730997
0.5060251401022207 2.647599335329378
0.5060251401022207 2.647599335329378
0.5060251401022207 2.718738407422585
0.5060251401022207 2.648065158229902
0.5060251401022207 2.6697294537377205
0.5060251401022207 2.669812689991705
0.5060251401022207 2.5927928706033154
0.5060251401022207 2.609514236110027
0.5060251401022207 2.625450493737833
0.5060251401022207 2.7030835923788974
0.5060251401022207 2.7030835923788974
0.5060251401022207 2.6651042204641446
0.5060251401022207 2.6651042204641446
0.5060251401022207 2.6928089495425245
0.5060251401022207 2.711815631745945
0.5060251401022207 2.627140447896779
0.5060251401022207 2.627140447896779
0.5060251401022207 2.7220530321976586
0.5060251401022207 2.608479972520546
0.5060251401022207 2.608479972520546
0.5060251401022207 2.608479972520546
0.5060251401022207 2.672522120814815
0.5060251401022207 2.7076157602308646
0.5060251401022207 2.6167189416805194
0.5060251401022207 2.607510208702836
0.5060251401022207 2.679237281683604
0.5060251401022207 2.650776058041233
0.5060251401022207 2.741423145666129
0.5060251401022207 2.7038973936769475
0.5060251401022207 2.7977531007890533
0.5060251401022207 2.7038973936769475
0.5060251401022207 2.7038973936769475
0.5044191641294106 2.8109717179187
0.5044191641294106 2.8109717179187
0.5044191641294106 2.8109717179187
0.5044191641294106 2.8109717179187
0.5044191641294106 2.8109717179187
0.5044191641294106 2.8109717179187
0.5044191641294106 2.8109717179187
0.5044191641294106 2.8109717179187
0.5044191641294106 2.8109717179187
0.5044191641294106 2.8109717179187
0.5044191641294106 2.8109717179187
0.5044191641294106 2.8109717179187
0.5044191641294106 2.8109717179187
0.5044191641294106 2.8109717179187
0.36732408090977964 3.0354011070032203
0.36732408090977964 3.004803465185365
0.36732408090977964 3.004803465185365
0.36732408090977964 3.004803465185365
0.36732408090977964 3.004803465185365
0.36732408090977964 3.0354011070032203
0.36732408090977964 3.0354011070032203
0.4855570608750762 2.8348786181255536
0.4855570608750762 2.8348786181255536
0.4855570608750762 2.8348786181255536
0.4855570608750762 2.8348786181255536
0.4855570608750762 2.8348786181255536
0.4855570608750762 2.8348786181255536
0.4855570608750762 2.8348786181255536
0.4855570608750762 2.8348786181255536
0.4855570608750762 2.8348786181255536
0.4855570608750762 2.8348786181255536
0.4855570608750762 2.8348786181255536
0.4855570608750762 2.8348786181255536
0.4855570608750762 2.8348786181255536
0.4855570608750762 2.8348786181255536
0.48010098313506044 2.8388797812835733
0.48010098313506044 2.8388797812835733
0.48010098313506044 2.8388797812835733
0.48010098313506044 2.8388797812835733
0.48010098313506044 2.8388797812835733
0.48010098313506044 2.8388797812835733
0.48010098313506044 2.8388797812835733
0.48010098313506044 2.8388797812835733
0.48010098313506044 2.8388797812835733
0.48010098313506044 2.8388797812835733
0.48010098313506044 2.8388797812835733
0.48010098313506044 2.8388797812835733
0.48010098313506044 2.8388797812835733
0.48010098313506044 2.8388797812835733
0.48010098313506044 2.8388797812835733
0.48010098313506044 2.8388797812835733
0.48010098313506044 2.8388797812835733
0.48010098313506044 2.8388797812835733
0.48010098313506044 2.8388797812835733
0.48010098313506044 2.8388797812835733
0.48010098313506044 2.8388797812835733
0.48010098313506044 2.8388797812835733
0.48010098313506044 2.8388797812835733
0.48010098313506044 2.8388797812835733
0.48010098313506044 2.8388797812835733
0.48010098313506044 2.8388797812835733
0.48010098313506044 2.8388797812835733
0.48010098313506044 2.8388797812835733
0.48010098313506044 2.8388797812835733
0.3721282695059618 3.0060475606159627
0.3721282695059618 3.0060475606159627
0.3721282695059618 3.0060475606159627
0.3721282695059618 3.0060475606159627
0.3721282695059618 2.9988486910260588
0.3721282695059618 2.9988486910260588
0.3721282695059618 3.0060475606159627
0.3721282695059618 3.0060475606159627
0.3721282695059618 3.0060475606159627
0.3721282695059618 3.0060475606159627
0.3721282695059618 3.0060475606159627
0.3721282695059618 3.0060475606159627
0.3721282695059618 3.0060475606159627
0.3721282695059618 3.0060475606159627
0.3721282695059618 3.0060475606159627
0.3721282695059618 3.0060475606159627
0.3721282695059618 3.0060475606159627
0.3721282695059618 3.0060475606159627
0.3721282695059618 3.0060475606159627
0.3721282695059618 3.0060475606159627
0.3721282695059618 3.0060475606159627
0.3721282695059618 3.0060475606159627
0.3721282695059618 3.0060475606159627
0.3721282695059618 3.0060475606159627
0.3721282695059618 3.0060475606159627
0.3721282695059618 3.0060475606159627
0.3721282695059618 3.0060475606159627
0.3721282695059618 3.0060475606159627
0.3721282695059618 3.0060475606159627
0.3721282695059618 3.0060475606159627
0.281532512738788 3.5025741878288654
0.281532512738788 3.5025741878288654
0.281532512738788 3.5025741878288654
0.281532512738788 3.5025741878288654
0.281532512738788 3.5025741878288654
0.281532512738788 3.5025741878288654
0.281532512738788 3.5025741878288654
0.281532512738788 3.494326416395012
0.281532512738788 3.470612007331693
0.281532512738788 3.470612007331693
0.281532512738788 3.470612007331693
0.3048089798324727 3.2863167300814795
0.3048089798324727 3.2863167300814795
0.3048089798324727 3.2863167300814795
0.3048089798324727 3.2863167300814795
0.3048089798324727 3.2863167300814795
0.3048089798324727 3.2863167300814795
0.3048089798324727 3.2863167300814795
0.3048089798324727 3.2863167300814795
0.3048089798324727 3.2863167300814795
0.3048089798324727 3.2863167300814795
0.3048089798324727 3.2863167300814795
0.3048089798324727 3.2863167300814795
0.3048089798324727 3.2863167300814795
0.3048089798324727 3.2863167300814795
0.3048089798324727 3.2863167300814795
0.3048089798324727 3.2863167300814795
0.3048089798324727 3.2863167300814795
0.3048089798324727 3.2863167300814795
0.3048089798324727 3.2863167300814795
0.15383185049211673 3.674149241802253
0.15383185049211673 3.674149241802253
0.15383185049211673 3.674149241802253
0.15383185049211673 3.674149241802253
0.15383185049211673 3.646495618293736
0.15383185049211673 3.646495618293736
0.15383185049211673 3.646495618293736
0.15383185049211673 3.646495618293736
0.15383185049211673 3.646495618293736
0.15383185049211673 3.646495618293736
0.15383185049211673 3.646495618293736
0.15383185049211673 3.646495618293736
0.15383185049211673 3.646495618293736
0.15383185049211673 3.646495618293736
0.15383185049211673 3.646495618293736
0.15383185049211673 3.646495618293736
0.15383185049211673 3.674149241802253
0.15383185049211673 3.674149241802253
0.15383185049211673 3.729484944805194
0.15383185049211673 3.75452278811611
0.15383185049211673 3.75452278811611
0.15383185049211673 3.75452278811611
0.23986846134072198 3.7970154865426697
0.23986846134072198 3.7970154865426697
0.1264503837036215 3.8411796068894133
0.14014111709786908 3.827015459238384
0.1264503837036215 3.8411796068894133
0.1264503837036215 3.8411796068894133
0.1264503837036215 3.8411796068894133
0.1264503837036215 3.8411796068894133
0.1264503837036215 3.8411796068894133
0.09906891691512629 3.9214062210875915
0.09906891691512629 3.9214062210875915
0.09906891691512629 3.9214062210875915
0.09906891691512629 3.9214062210875915
0.09906891691512629 3.9214062210875915
0.09906891691512629 3.9214062210875915
0.09906891691512629 3.9214062210875915
0.09906891691512629 3.9214062210875915
0.09906891691512629 3.9370766199163865
0.08022066555628338 4.161775504855209
0.08075088014942576 4.040958781993289
0.08075088014942576 4.040958781993289
0.08075088014942576 4.040958781993289
0.08075088014942576 4.040958781993289
0.07470078845513589 4.194951453115261
0.06918091135398839 4.211583294592474
0.06243284338372523 4.212302350462412
0.00996540978889171 4.467181106032069
0.06243284338372523 4.212302350462412
0.06243284338372523 4.212302350462412
0.036061648747103436 4.36143551375966
0.036061648747103436 4.36143551375966
0.036061648747103436 4.36143551375966
0.036061648747103436 4.36143551375966
0.036061648747103436 4.36143551375966
0.013982140342513466 4.4985492304167884
0.013982140342513466 4.4985492304167884
0.013982140342513466 4.4985492304167884
0.013982140342513466 4.4985492304167884
