0.3366663910261738 4.2589379473889
0.3366663910261738 4.2589379473889
0.635552118273667 4.57118028425097
0.3366663910261738 4.2589379473889
0.3366663910261738 4.2589379473889
0.635552118273667 4.552547439066589
0.3366663910261738 4.24120826668489
0.3366663910261738 4.24120826668489
0.6467127171427137 4.463886436673882
0.6467127171427137 4.463886436673882
0.6467127171427137 4.463886436673882
0.6467127171427137 4.463886436673882
0.6467127171427137 4.463886436673882
0.6467127171427137 4.463886436673882
0.6467127171427137 4.46019316840996
0.6467127171427137 4.46019316840996
0.6467127171427137 4.457047252511189
0.6467127171427137 4.457047252511189
0.6441777316235361 3.9669211519359506
0.6441777316235361 3.9669211519359506
0.3366663910261738 4.226740301495783
0.3366663910261738 4.226740301495783
0.3366663910261738 4.226740301495783
0.3366663910261738 4.1842885096129105
0.3366663910261738 4.1842885096129105
0.3366663910261738 4.1842885096129105
0.3366663910261738 4.1842885096129105
0.3366663910261738 4.1842885096129105
0.3366663910261738 4.1842885096129105
0.3366663910261738 4.1842885096129105
0.3366663910261738 4.1842885096129105
0.3366663910261738 4.1842885096129105
0.3366663910261738 4.1842885096129105
0.3366663910261738 4.1842885096129105
0.3366663910261738 4.1842885096129105
0.3366663910261738 4.1842885096129105
0.3366663910261738 4.1842885096129105
0.3366663910261738 4.1842885096129105
0.3366663910261738 4.1842885096129105
0.3366663910261738 4.154089800263883
0.2305921434366084 4.119512838420844
0.2305921434366084 4.119512838420844
0.2305921434366084 4.119512838420844
0.2305921434366084 4.119512838420844
0.2305921434366084 4.119512838420844
0.2305921434366084 4.119512838420844
0.2305921434366084 4.119512838420844
0.2305921434366084 4.119512838420844
0.2305921434366084 4.119512838420844
0.2305921434366084 4.119512838420844
0.8981939192763337 3.3374420286834217
0.8722376045504776 3.275226720649362
0.8722376045504776 3.275226720649362
0.8722376045504776 3.275226720649362
0.86574909040927 3.270537478660399
0.86574909040927 3.270537478660399
0.86574909040927 3.270537478660399
0.86574909040927 3.270537478660399
0.86574909040927 3.270537478660399
0.86574909040927 3.270537478660399
0.86574909040927 3.270537478660399
0.86574909040927 3.270537478660399
0.86574909040927 3.270537478660399
0.86574909040927 3.270537478660399
0.86574909040927 3.270537478660399
0.86574909040927 3.2144881885127403
0.86574909040927 3.2144881885127403
0.8706154760151756 3.160937497695212
0.8689933474798738 3.177641787401899
0.86574909040927 3.2144881885127403
0.86574909040927 3.2144881885127403
0.86574909040927 3.2144881885127403
0.932985518035617 2.5865603063699436
0.932985518035617 2.5865603063699436
0.932985518035617 2.5865603063699436
0.8537159804492839 2.6518800119082964
0.8537159804492839 2.6518800119082964
0.8537159804492839 2.6518800119082964
0.8537159804492839 2.6518800119082964
0.8537159804492839 2.6518800119082964
0.8537159804492839 2.6518800119082964
0.8537159804492839 2.6518800119082964
0.8537159804492839 2.6518800119082964
0.8537159804492839 2.6518800119082964
0.8537159804492839 2.6518800119082964
0.8537159804492839 2.6518800119082964
0.8537159804492839 2.6518800119082964
0.8537159804492839 2.6518800119082964
0.8537159804492839 2.6518800119082964
0.8537159804492839 2.6518800119082964
0.8076763535318645 2.708046259165823
0.8076763535318645 2.708046259165823
0.8076763535318645 2.708046259165823
0.8076763535318645 2.708046259165823
0.7846565400731549 2.7252137876984093
0.7846565400731549 2.7252137876984093
0.7846565400731549 2.7252137876984093
0.7846565400731549 2.7252137876984093
0.7846565400731549 2.7252137876984093
0.7846565400731549 2.7252137876984093
0.7846565400731549 2.7252137876984093
0.7846565400731549 2.7252137876984093
0.7846565400731549 2.7252137876984093
0.7846565400731549 2.7252137876984093
0.7846565400731549 2.7252137876984093
0.7846565400731549 2.7252137876984093
0.7731466333438001 2.74740630687086
0.7731466333438001 2.74740630687086
0.7731466333438001 2.74740630687086
0.7616367266144453 2.742928111964535
0.7616367266144453 2.742928111964535
0.7616367266144453 2.742928111964535
0.7616367266144453 2.742928111964535
0.7616367266144453 2.742928111964535
0.7616367266144453 2.742928111964535
0.7616367266144453 2.742928111964535
0.7616367266144453 2.742928111964535
0.7616367266144453 2.742928111964535
0.7616367266144453 2.742928111964535
0.7616367266144453 2.742928111964535
0.7616367266144453 2.7697372517626224
0.7616367266144453 2.7697372517626224
0.7616367266144453 2.7697372517626224
0.7616367266144453 2.7697372517626224
0.7616367266144453 2.7697372517626224
0.7616367266144453 2.7697372517626224
0.7616367266144453 2.7697372517626224
0.7616367266144453 2.7697372517626224
0.7616367266144453 2.7697372517626224
0.7616367266144453 2.78485464833701
0.7616367266144453 2.78485464833701
0.7616367266144453 2.78485464833701
0.7616367266144453 2.7955263921704554
0.7616367266144453 2.78485464833701
0.7616367266144453 2.78485464833701
0.7616367266144453 2.78485464833701
0.7616367266144453 2.78485464833701
0.7616367266144453 2.78485464833701
0.7616367266144453 2.742928111964535
0.7616367266144453 2.717488139632881
0.7616367266144453 2.7872794352214125
0.7616367266144453 2.8034614119485415
0.7616367266144453 2.744396895512688
0.7616367266144453 2.744396895512688
0.7616367266144453 2.7774376991673213
0.7616367266144453 2.7774376991673213
0.7616367266144453 2.812065845028711
0.7616367266144453 2.812065845028711
0.7616367266144453 2.7310009456691726
0.7616367266144453 2.7680945785313065
0.7616367266144453 2.7680945785313065
0.7616367266144453 2.7680945785313065
0.7616367266144453 2.753701969947749
0.7616367266144453 2.791360524177835
0.7616367266144453 2.791360524177835
0.7616367266144453 2.791360524177835
0.7616367266144453 2.7947803799339646
0.7616367266144453 2.800375831590326
0.7616367266144453 2.809556646781488
0.7616367266144453 2.809556646781488
0.7616367266144453 2.8055030005615467
0.7616367266144453 2.7728137124091816
0.7616367266144453 2.77478281468395
0.7616367266144453 2.77478281468395
0.7616367266144453 2.77478281468395
0.7616367266144453 2.7880827520100135
0.7616367266144453 2.7880827520100135
0.7616367266144453 2.7979721603232086
0.7616367266144453 2.828619511884777
0.7616367266144453 2.8117341725502296
0.7616367266144453 2.724498962969122
0.7616367266144453 2.790309014335399
0.7616367266144453 2.790309014335399
0.7616367266144453 2.910064729104452
0.7616367266144453 2.8055096060094056
0.7616367266144453 2.7923351067466924
0.7616367266144453 2.840856460788728
0.7616367266144453 2.7834768251864626
0.7616367266144453 2.7585196618373398
0.7616367266144453 2.8513693241839375
0.7616367266144453 2.7669849069339727
0.7616367266144453 2.8502361296530703
0.7616367266144453 2.8502361296530703
0.7616367266144453 2.8502361296530703
0.7616367266144453 2.8137536072815412
0.7616367266144453 2.8467963783907893
0.7616367266144453 2.7497452609437323
0.7616367266144453 2.7497452609437323
0.7616367266144453 2.956399065123837
0.7616367266144453 2.812964365008942
0.7616367266144453 2.8423347817004996
0.7616367266144453 2.8423347817004996
0.7616367266144453 2.930995281367114
0.7616367266144453 2.930995281367114
0.7616367266144453 2.8265284234947052
0.7616367266144453 2.890960541914076
0.7481000049853761 2.556308727264649
0.7481000049853761 2.556308727264649
0.7481000049853761 2.556308727264649
0.7481000049853761 2.556308727264649
0.7481000049853761 2.556308727264649
0.7481000049853761 2.556308727264649
0.7481000049853761 2.556308727264649
0.7481000049853761 2.556308727264649
0.7481000049853761 2.556308727264649
0.7481000049853761 2.556308727264649
0.7481000049853761 2.556308727264649
0.7481000049853761 2.556308727264649
0.7481000049853761 2.556308727264649
0.7481000049853761 2.556308727264649
0.7481000049853761 2.556308727264649
0.7481000049853761 2.556308727264649
0.7481000049853761 2.556308727264649
0.7481000049853761 2.556308727264649
0.7481000049853761 2.556308727264649
0.7481000049853761 2.556308727264649
0.7481000049853761 2.556308727264649
0.5554214549632387 2.633975426212191
0.5554214549632387 2.633975426212191
0.5554214549632387 2.633975426212191
0.5554214549632387 2.633975426212191
0.5554214549632387 2.633975426212191
0.5554214549632387 2.633975426212191
0.5554214549632387 2.633975426212191
0.5554214549632387 2.633975426212191
0.5554214549632387 2.633975426212191
0.5554214549632387 2.633975426212191
0.5554214549632387 2.633975426212191
0.5554214549632387 2.633975426212191
0.5554214549632387 2.633975426212191
0.5554214549632387 2.633975426212191
0.5554214549632387 2.633975426212191
0.5554214549632387 2.633975426212191
0.5554214549632387 2.633975426212191
0.5554214549632387 2.633975426212191
0.5554214549632387 2.633975426212191
0.5554214549632387 2.633975426212191
0.5554214549632387 2.633975426212191
0.5544613455771619 2.6024663396382857
0.5544613455771619 2.6024663396382857
0.5544613455771619 2.6024663396382857
0.48252549303119063 2.728748593861406
0.48252549303119063 2.728748593861406
0.48252549303119063 2.728748593861406
0.48252549303119063 2.728748593861406
0.48252549303119063 2.728429055129004
0.48252549303119063 2.728429055129004
0.48252549303119063 2.728429055129004
0.48252549303119063 2.7226249958340505
0.48252549303119063 2.7226249958340505
0.48252549303119063 2.7226249958340505
0.48252549303119063 2.7226249958340505
0.48252549303119063 2.7226249958340505
0.48252549303119063 2.7226249958340505
0.48252549303119063 2.728748593861406
0.48252549303119063 2.728748593861406
0.48252549303119063 2.728748593861406
0.48252549303119063 2.728748593861406
0.48252549303119063 2.728748593861406
0.48252549303119063 2.728748593861406
0.48252549303119063 2.728748593861406
0.48252549303119063 2.728748593861406
0.48252549303119063 2.728748593861406
0.48252549303119063 2.728748593861406
0.48252549303119063 2.728748593861406
0.48252549303119063 2.728748593861406
0.48252549303119063 2.728748593861406
0.48252549303119063 2.728748593861406
0.48252549303119063 2.728748593861406
0.48252549303119063 2.728748593861406
0.48252549303119063 2.728748593861406
0.48252549303119063 2.728748593861406
0.48252549303119063 2.728748593861406
0.48252549303119063 2.735643684540053
0.48252549303119063 2.735643684540053
0.48252549303119063 2.740921833166178
0.48252549303119063 2.740921833166178
0.48252549303119063 2.7226249958340505
0.48252549303119063 2.728748593861406
0.48252549303119063 2.7452459642071023
0.47023636729918694 2.8174654592168307
0.47023636729918694 2.8174654592168307
0.47023636729918694 2.8174654592168307
0.47023636729918694 2.8174654592168307
0.47023636729918694 2.8174654592168307
0.47023636729918694 2.8174654592168307
0.47023636729918694 2.8174654592168307
0.47023636729918694 2.8174654592168307
0.47023636729918694 2.8174654592168307
0.47023636729918694 2.8174654592168307
0.47023636729918694 2.8174654592168307
0.47023636729918694 2.8174654592168307
0.47023636729918694 2.8174654592168307
0.47023636729918694 2.8174654592168307
0.47023636729918694 2.8174654592168307
0.47023636729918694 2.8174654592168307
0.47023636729918694 2.8174654592168307
0.35712750194857923 3.1859897806438195
0.35712750194857923 3.1859897806438195
0.35712750194857923 3.1859897806438195
0.35712750194857923 3.163489035347466
0.35712750194857923 3.163489035347466
0.35712750194857923 3.163489035347466
0.35712750194857923 3.163489035347466
0.35712750194857923 3.163489035347466
0.35712750194857923 3.130513019909586
0.35712750194857923 3.130513019909586
0.35712750194857923 3.130513019909586
0.35712750194857923 3.130513019909586
0.19508584600523127 3.1718131948860484
0.19508584600523127 3.1650024336619733
0.19508584600523127 3.158823668588945
0.19508584600523127 3.158823668588945
0.19508584600523127 3.158823668588945
0.19508584600523127 3.1369421094074514
0.19508584600523127 3.1369421094074514
0.19508584600523127 3.1369421094074514
0.19508584600523127 3.1369421094074514
0.19508584600523127 3.1369421094074514
0.19508584600523127 3.136848909129361
0.19508584600523127 3.136848909129361
0.19508584600523127 3.1369421094074514
0.19508584600523127 3.146294047508193
0.19508584600523127 3.158823668588945
0.19508584600523127 3.1650024336619733
0.19508584600523127 3.1718131948860484
0.19508584600523127 3.1718131948860484
0.19508584600523127 3.1718131948860484
0.19508584600523127 3.1718131948860484
0.19508584600523127 3.1718131948860484
0.19508584600523127 3.1718131948860484
0.19508584600523127 3.1718131948860484
0.19508584600523127 3.1718131948860484
0.19508584600523127 3.1718131948860484
0.19508584600523127 3.1718131948860484
0.19508584600523127 3.1718131948860484
0.19508584600523127 3.1718131948860484
0.17826004850715196 3.2173086989391106
0.178260048507152 3.216695273590132
0.178260048507152 3.216695273590132
0.17826004850715196 3.2173086989391106
0.17826004850715196 3.2173086989391106
0.16984714975811233 3.240163037357313
0.16984714975811233 3.240163037357313
0.16984714975811233 3.240163037357313
0.16984714975811233 3.240163037357313
0.16143425100907266 3.2647760101200243
0.16143425100907266 3.2647760101200243
0.16143425100907266 3.2647760101200243
0.16143425100907266 3.2647760101200243
0.16143425100907266 3.2647760101200243
0.153021352260033 3.2982752988609265
0.153021352260033 3.2982752988609265
0.153021352260033 3.2982752988609265
0.153021352260033 3.2982752988609265
0.153021352260033 3.2982752988609265
0.153021352260033 3.2982752988609265
0.153021352260033 3.2982752988609265
0.12778265601291405 3.366966406585228
0.12778265601291405 3.366966406585228
0.12778265601291405 3.366966406585228
0.12778265601291405 3.366966406585228
0.12778265601291405 3.366966406585228
0.12778265601291405 3.36925738021331
0.12778265601291405 3.36925738021331
0.12778265601291405 3.36925738021331
0.12778265601291405 3.36925738021331
0.12357620663839423 3.3766150617635273
0.12357620663839423 3.3766150617635273
0.1193697572638744 3.397056457084821
0.1193697572638744 3.397056457084821
0.11516330788935458 3.4115604888291893
0.11516330788935458 3.4115604888291893
0.11095685851483475 3.4303618041318376
0.11095685851483475 3.4303618041318376
0.10254395976579511 3.430584217271981
0.10254395976579511 3.430584217271981
0.10254395976579511 3.430584217271981
0.10169739861295883 3.455676767409322
0.0974975383358544 3.475637273028408
0.0974975383358544 3.475637273028408
0.09497103307217636 3.4886459705399724
0.09118456972536698 3.517522791629565
0.09118456972536698 3.517522791629565
0.08739645910420375 3.5369072767969056
0.08739645910420375 3.544935689879578
0.08234839039990918 3.588722970590043
0.08234839039990918 3.588722970590043
0.08234839039990918 3.588722970590043
0.07267388629338437 3.6491856573534034
0.07267388629338437 3.6491856573534034
0.07267388629338437 3.6491856573534034
0.07267388629338437 3.6585993678843405
0.07267388629338437 3.6585993678843405
0.07267388629338437 3.6585993678843405
0.07267388629338437 3.6585993678843405
0.07267388629338437 3.6585993678843405
0.03274387728300483 4.443753115136328
0.03274387728300483 4.443753115136328
0.03274387728300483 4.443753115136328
0.03274387728300483 4.443753115136328
0.03274387728300483 4.443753115136328
0.022917812551065897 4.542090949503499
0.022917812551065897 4.542090949503499
0.018004780185096426 4.621735147029568
0.014266667398324315 4.636554387650766
