0.15553975351141192 4.436658839817993
0.23439633278755012 4.33479227113915
0.23439633278755012 4.33479227113915
0.07511282941572289 4.417080264976181
0.23439633278755012 4.32789710512174
0.23439633278755012 4.32789710512174
0.23439633278755012 4.325240880321165
0.23439633278755012 4.325240880321165
0.7065328168476117 3.3581490052409806
0.7065328168476117 3.3581490052409806
0.7065328168476117 3.3581490052409806
0.7065328168476117 3.3581490052409806
0.7065328168476117 3.3581490052409806
0.7065328168476117 3.3520278810843007
0.4103654672468677 3.6986553120134555
0.4103654672468677 3.6986553120134555
0.4103654672468677 3.7056683001861908
0.4103654672468677 3.7056683001861908
0.4103654672468677 3.7056683001861908
0.4103654672468677 3.7056683001861908
0.4103654672468677 3.7056683001861908
0.4103654672468677 3.6660026206118244
0.4103654672468677 3.6660026206118244
0.4103654672468677 3.654297711001061
0.4103654672468677 3.654297711001061
0.4103654672468677 3.654297711001061
0.4103654672468677 3.6468845463220267
0.4103654672468677 3.6283109295986726
0.4103654672468677 3.6283109295986726
0.4103654672468677 3.6283109295986726
0.4103654672468677 3.624728229974644
0.4103654672468677 3.624728229974644
0.4103654672468677 3.624728229974644
0.4103654672468677 3.624728229974644
0.4103654672468677 3.624728229974644
0.4103654672468677 3.624728229974644
0.4103654672468677 3.624728229974644
0.4624454907336145 3.5470152219720883
0.4624454907336145 3.5470152219720883
0.4624454907336145 3.5470152219720883
0.4624454907336145 3.5470152219720883
0.4624454907336145 3.5470152219720883
0.4624454907336145 3.5470152219720883
0.4624454907336145 3.5470152219720883
0.4624454907336145 3.5470152219720883
0.4624454907336145 3.5470152219720883
0.4624454907336145 3.5470152219720883
0.4624454907336145 3.5470152219720883
0.4624454907336145 3.5470152219720883
0.4624454907336145 3.5470152219720883
0.4624454907336145 3.5470152219720883
0.4624454907336145 3.5470152219720883
0.4624454907336145 3.5470152219720883
0.4624454907336145 3.5470152219720883
0.4624454907336145 3.5470152219720883
0.4624454907336145 3.5470152219720883
0.4624454907336145 3.5470152219720883
0.4624454907336145 3.5470152219720883
0.4624454907336145 3.507389171145576
0.4624454907336145 3.5470152219720883
0.4624454907336145 3.5470152219720883
0.4624454907336145 3.5470152219720883
0.4624454907336145 3.5470152219720883
0.5105461125446011 3.3332798105633508
0.5105461125446011 3.3332798105633508
0.5105461125446011 3.3332798105633508
0.5105461125446011 3.3332798105633508
0.5105461125446011 3.3332798105633508
0.5105461125446011 3.3332798105633508
0.5105461125446011 3.3332798105633508
0.5105461125446011 3.3332798105633508
0.5105461125446011 3.3332798105633508
0.5105461125446011 3.3332798105633508
0.5105461125446011 3.3332798105633508
0.5105461125446011 3.3332798105633508
0.5105461125446011 3.3332798105633508
0.5105461125446011 3.3332798105633508
0.5743041930107023 2.7512410860925756
0.5743041930107023 2.7512410860925756
0.5743041930107023 2.723302176293751
0.5743041930107023 2.7608940931524746
0.5743041930107023 2.699703045961953
0.5743041930107023 2.724509387307213
0.5743041930107023 2.7095421062746956
0.5743041930107023 2.7495304443729824
0.5743041930107023 2.7495304443729824
0.5743041930107023 2.7495304443729824
0.5743041930107023 2.7495304443729824
0.5743041930107023 2.7290075038572645
0.5743041930107023 2.7290075038572645
0.5128813101277374 3.1022874185872475
0.5128813101277374 3.1022874185872475
0.5128813101277374 3.1022874185872475
0.5128813101277374 3.1022874185872475
0.5128813101277374 3.1022874185872475
0.5128813101277374 3.1022874185872475
0.5128813101277374 3.1022874185872475
0.5128813101277374 3.1022874185872475
0.5128813101277374 3.1022874185872475
0.5128813101277374 3.1022874185872475
0.5128813101277374 3.1022874185872475
0.5128813101277374 3.1022874185872475
0.5128813101277374 3.1022874185872475
0.5128813101277374 3.1022874185872475
0.5128813101277374 3.1022874185872475
0.5128813101277374 3.1022874185872475
0.5128813101277374 3.1022874185872475
0.5128813101277374 3.1022874185872475
0.5128813101277374 3.1022874185872475
0.5128813101277374 3.1022874185872475
0.5128813101277374 3.1022874185872475
0.5128813101277374 3.1022874185872475
0.5128813101277374 3.1022874185872475
0.5128813101277374 3.1022874185872475
0.5128813101277374 3.1022874185872475
0.5128813101277374 3.1022874185872475
0.5128813101277374 3.1022874185872475
0.5128813101277374 3.1022874185872475
0.5128813101277374 3.1022874185872475
0.5128813101277374 3.1022874185872475
0.5128813101277374 3.1019585061155794
0.5128813101277374 3.1022874185872475
0.5128813101277374 3.1037189854836513
0.5128813101277374 3.1022874185872475
0.5128813101277374 3.1022874185872475
0.5128813101277374 3.1022874185872475
0.5128813101277374 3.1022874185872475
0.5128813101277374 3.1022874185872475
0.5128813101277374 3.1022874185872475
0.5128813101277374 3.1022874185872475
0.5128813101277374 3.1022874185872475
0.5128813101277374 3.1022874185872475
0.5128813101277374 3.1022874185872475
0.5128813101277374 3.1022874185872475
0.5128813101277374 3.1022874185872475
0.5128813101277374 3.1022874185872475
0.5128813101277374 3.1022874185872475
0.5128813101277374 3.1022874185872475
0.5128813101277374 3.1022874185872475
0.5128813101277374 3.1022874185872475
0.5128813101277374 3.1022874185872475
0.5128813101277374 3.1022874185872475
0.5128813101277374 3.1022874185872475
0.5128813101277374 3.1022874185872475
0.5128813101277374 3.1022874185872475
0.5128813101277374 3.1022874185872475
0.5128813101277374 3.1022874185872475
0.5128813101277374 3.1022874185872475
0.5128813101277374 3.1022874185872475
0.5128813101277374 3.1022874185872475
0.5128813101277374 3.1022874185872475
0.5128813101277374 3.1022874185872475
0.5219367997568354 2.786628697281619
0.5219367997568354 2.786628697281619
0.5219367997568354 2.786628697281619
0.5219367997568354 2.786628697281619
0.5219367997568354 2.786628697281619
0.5219367997568354 2.786628697281619
0.5219367997568354 2.786628697281619
0.5219367997568354 2.76797140115216
0.5219367997568354 2.7777918706108498
0.5219367997568354 2.7800718125600774
0.5153908808092998 2.8167305275134606
0.5153908808092998 2.8167305275134606
0.5153908808092998 2.8167305275134606
0.5153908808092998 2.8167305275134606
0.5153908808092998 2.8167305275134606
0.5153908808092998 2.8167305275134606
0.5153908808092998 2.8167305275134606
0.5153908808092998 2.8167305275134606
0.5153908808092998 2.8167305275134606
0.5153908808092998 2.8167305275134606
0.5153908808092998 2.8167305275134606
0.5153908808092998 2.8167305275134606
0.5153908808092998 2.8167305275134606
0.5153908808092998 2.8167305275134606
0.5153908808092998 2.8167305275134606
0.5153908808092998 2.8167305275134606
0.5153908808092998 2.8167305275134606
0.5153908808092998 2.8167305275134606
0.5153908808092998 2.8167305275134606
0.5153908808092998 2.8167305275134606
0.5153908808092998 2.8167305275134606
0.5153908808092998 2.8167305275134606
0.5153908808092998 2.8167305275134606
0.5153908808092998 2.8167305275134606
0.5153908808092998 2.8167305275134606
0.5153908808092998 2.8167305275134606
0.5153908808092998 2.8167305275134606
0.5153908808092998 2.8167305275134606
0.5153908808092998 2.8167305275134606
0.5153908808092998 2.8167305275134606
0.5153908808092998 2.820266274798927
0.5153908808092998 2.8244866539241165
0.5153908808092998 2.8167305275134606
0.5153908808092998 2.8244866539241165
0.5153908808092998 2.8167305275134606
0.5153908808092998 2.8167305275134606
0.5153908808092998 2.8167305275134606
0.5153908808092998 2.8167305275134606
0.5153908808092998 2.8167305275134606
0.5153908808092998 2.820266274798927
0.5153908808092998 2.820266274798927
0.5153908808092998 2.8167305275134606
0.5153908808092998 2.8000587207555014
0.5153908808092998 2.8152900151330567
0.5153908808092998 2.8152900151330567
0.5153908808092998 2.8167305275134606
0.5153908808092998 2.8184983553127387
0.5153908808092998 2.8184983553127387
0.5153908808092998 2.8176144299479717
0.5153908808092998 2.8214923733081947
0.5153908808092998 2.8214923733081947
0.5153908808092998 2.8214923733081947
0.5153908808092998 2.8117697463430997
0.5153908808092998 2.8272580162205196
0.5153908808092998 2.8145622478692074
0.5153908808092998 2.846612173528761
0.5153908808092998 2.848410640591534
0.5153908808092998 2.848410640591534
0.5153908808092998 2.8193823035992334
0.5153908808092998 2.8193823035992334
0.5153908808092998 2.8266838651452493
0.5153908808092998 2.8266838651452493
0.5153908808092998 2.8335542335582935
0.5153908808092998 2.8013503453007815
0.5153908808092998 2.8013503453007815
0.5153908808092998 2.8013503453007815
0.5153908808092998 2.8013503453007815
0.5153908808092998 2.829040781807954
0.5153908808092998 2.8228439648024737
0.5153908808092998 2.826458962701969
0.5153908808092998 2.7918847012482484
0.5153908808092998 2.8211123394570294
0.5153908808092998 2.812203950660924
0.5153908808092998 2.8161741333194286
0.5153908808092998 2.819696215842444
0.5153908808092998 2.829178160224964
0.5153908808092998 2.829178160224964
0.5153908808092998 2.8399032000418876
0.5153908808092998 2.8428944160060943
0.5153908808092998 2.8160636541657076
0.3037183954685665 3.2182239385024896
0.5153908808092998 2.8012604454296
0.5153908808092998 2.838163674501843
0.5153908808092998 2.809873520142884
0.5153908808092998 2.809873520142884
0.5153908808092998 2.8008131607697058
0.5153908808092998 2.864441079057826
0.5153908808092998 2.7977156947977555
0.5153908808092998 2.823228589301291
0.5153908808092998 2.8445275610604646
0.3858387956566017 2.989264983044278
0.3858387956566017 2.989264983044278
0.3858387956566017 2.989264983044278
0.3858387956566017 2.989264983044278
0.3858387956566017 2.989264983044278
0.3858387956566017 2.989264983044278
0.3858387956566017 2.989264983044278
0.3858387956566017 2.989264983044278
0.3858387956566017 2.989264983044278
0.3858387956566017 2.989264983044278
0.3858387956566017 2.989264983044278
0.3858387956566017 2.989264983044278
0.3858387956566017 2.989264983044278
0.334772447868676 3.1072513754358644
0.3858387956566017 2.989264983044278
0.3858387956566017 2.989264983044278
0.3858387956566017 2.989264983044278
0.30318749342011597 3.537942273494558
0.30318749342011597 3.537942273494558
0.30318749342011597 3.537942273494558
0.30318749342011597 3.537942273494558
0.30318749342011597 3.537942273494558
0.30318749342011597 3.537942273494558
0.30318749342011597 3.537942273494558
0.30318749342011597 3.537942273494558
0.30318749342011597 3.537942273494558
0.30318749342011597 3.537942273494558
0.30318749342011597 3.537942273494558
0.30318749342011597 3.537942273494558
0.30318749342011597 3.537942273494558
0.30318749342011597 3.537942273494558
0.30318749342011597 3.5533946609816582
0.30318749342011597 3.537942273494558
0.30318749342011597 3.537942273494558
0.30318749342011597 3.537942273494558
0.30318749342011597 3.537942273494558
0.30318749342011597 3.537942273494558
0.30318749342011597 3.537942273494558
0.30318749342011597 3.537942273494558
0.30318749342011597 3.537942273494558
0.30318749342011597 3.537942273494558
0.30318749342011597 3.537942273494558
0.30318749342011597 3.537942273494558
0.30318749342011597 3.537942273494558
0.30318749342011597 3.537942273494558
0.30318749342011597 3.537942273494558
0.3505408866547426 3.1822701432239673
0.3505408866547426 3.1822701432239673
0.332891932153813 3.280983445347568
0.332891932153813 3.280983445347568
0.332891932153813 3.280983445347568
0.332891932153813 3.280983445347568
0.332891932153813 3.280983445347568
0.2097957112585559 3.671770278858003
0.332891932153813 3.280983445347568
0.332891932153813 3.280983445347568
0.332891932153813 3.280983445347568
0.332891932153813 3.280983445347568
0.332891932153813 3.280983445347568
0.332891932153813 3.280983445347568
0.332891932153813 3.280983445347568
0.332891932153813 3.280983445347568
0.32847969352858064 3.288015930820809
0.32847969352858064 3.288015930820809
0.32847969352858064 3.288015930820809
0.3196552162781159 3.3670427376728904
0.3196552162781159 3.3670427376728904
0.3196552162781159 3.3670427376728904
0.3196552162781159 3.3670427376728904
0.31524297765288345 3.3851854209718666
0.31524297765288345 3.3851854209718666
0.31524297765288345 3.3851854209718666
0.31524297765288345 3.3956954424765073
0.31524297765288345 3.3956954424765073
0.3064185004024187 3.4124785924390864
0.3064185004024187 3.4124785924390864
0.3064185004024187 3.4124785924390864
0.3064185004024187 3.4124785924390864
0.3053154407461106 3.4261580386457844
0.3053154407461106 3.4261580386457844
0.3053154407461106 3.4261580386457844
0.2816146547696315 3.432492249564722
0.2816146547696315 3.432492249564722
0.23942696226706395 3.671407074378931
0.23942696226706395 3.671407074378931
0.23942696226706395 3.671407074378931
0.23942696226706395 3.671407074378931
0.23942696226706395 3.671407074378931
0.22892041684341535 3.5769048422037097
0.22892041684341535 3.5647200898836497
0.22892041684341535 3.5647200898836497
0.22892041684341535 3.5647200898836497
0.22892041684341535 3.5647200898836497
0.22892041684341535 3.5647200898836497
0.22892041684341535 3.5647200898836497
0.21935806405098562 3.567511352176008
0.21935806405098562 3.567511352176008
0.21935806405098562 3.567511352176008
0.21935806405098562 3.567511352176008
0.21457688765477076 3.5823109954402046
0.21457688765477076 3.5823109954402046
0.2097957112585559 3.5931552406010514
0.2097957112585559 3.5919680648642265
0.2097957112585559 3.5931552406010514
0.2097957112585559 3.614295398533186
0.2097957112585559 3.6330548864920287
0.2097957112585559 3.6330548864920287
0.2097957112585559 3.641896204457891
0.20846080854848553 3.6639720479391538
0.20846080854848553 3.6639720479391538
0.20712590583841517 3.758794279793742
0.20712590583841517 3.758794279793742
0.20712590583841517 3.758794279793742
0.20712590583841517 3.758794279793742
0.20712590583841517 3.758794279793742
0.20142966552890373 3.7907428781160424
0.20142966552890373 3.864757109351641
0.0897093273364733 3.907092779739144
0.0897093273364733 3.907092779739144
0.0897093273364733 3.907092779739144
0.15700322477943723 3.887953146388176
0.15700322477943723 3.887953146388176
0.15700322477943723 3.887953146388176
0.15700322477943723 3.887953146388176
0.11310392209667011 3.7035870296988724
0.11310392209667011 3.7035870296988724
0.11310392209667011 3.7035870296988724
0.11310392209667011 3.7035870296988724
0.11310392209667011 3.7035870296988724
0.11310392209667011 3.7035870296988724
0.11310392209667011 3.7035870296988724
0.11310392209667011 3.7035870296988724
0.11310392209667011 3.7035870296988724
0.11310392209667011 3.7035870296988724
0.11310392209667011 3.7035870296988724
0.11310392209667011 3.7035870296988724
0.11310392209667011 3.7035870296988724
0.11310392209667011 3.7035870296988724
0.11310392209667011 3.7035870296988724
0.11310392209667011 3.7035870296988724
0.11310392209667011 3.7035870296988724
0.11310392209667011 3.7035870296988724
0.11310392209667011 3.7035870296988724
0.02613660390755735 4.001895747920659
0.02613660390755735 4.001895747920659
0.02613660390755735 4.001895747920659
0.02613660390755735 4.001895747920659
0.02613660390755735 4.001895747920659
0.02613660390755735 4.001895747920659
0.02613660390755735 4.001895747920659
0.02613660390755735 4.001895747920659
0.02613660390755735 4.001895747920659
0.02613660390755735 4.001895747920659
0.02613660390755735 4.001895747920659
