0.9527455761163484 2.397426106424249
0.9527455761163484 2.397426106424249
0.9385123536219058 2.3964117258054394
0.9385123536219058 2.393321596542652
0.9385123536219058 2.387417138407545
0.9385123536219058 2.387417138407545
0.9385123536219058 2.387255687825715
0.9385123536219058 2.387255687825715
0.9385123536219058 2.387255687825715
0.8293268927440931 2.3652411817352106
0.7092915434071713 2.363763988174895
0.7092915434071713 2.363763988174895
0.7092915434071713 2.329690868818153
0.7092915434071713 2.329690868818153
0.7092915434071713 2.3204727982763598
0.7092915434071713 2.3204727982763598
0.7092915434071713 2.3204727982763598
0.7092915434071713 2.3204727982763598
0.7092915434071713 2.3204727982763598
0.7710651297214011 2.27735640409372
0.7710651297214011 2.2771807522023466
0.8328387160356308 2.274058798440877
0.8328387160356308 2.274058798440877
0.8908791676016986 2.242344539354606
0.8908791676016986 2.242344539354606
0.8019519228785159 2.2377051538858423
0.8908791676016986 2.236491899726076
0.8908791676016986 2.235535478453925
0.8908791676016986 2.194827744501023
0.8908791676016986 2.194827744501023
0.8908791676016986 2.1940976984997436
0.8908791676016986 2.1940976984997436
0.8908791676016986 2.1940976984997436
0.8908791676016986 2.1940976984997436
0.8908791676016986 2.1940976984997436
0.8908791676016986 2.1940976984997436
0.8908791676016986 2.1940976984997436
0.8908791676016986 2.1940976984997436
0.8908791676016986 2.1940976984997436
0.8908791676016986 2.1940976984997436
0.8358295441421679 2.0737584325743734
0.8358295441421679 2.0737584325743734
0.8358295441421679 2.0737584325743734
0.7934728554626562 2.1340687208958813
0.7934728554626562 2.1323252938816686
0.7934728554626562 2.1347303260692794
0.6693936175306581 2.128138326421807
0.6693936175306581 2.128138326421807
0.6693936175306581 2.128138326421807
0.6693936175306581 2.128138326421807
0.6693936175306581 2.128138326421807
0.6693936175306581 2.128138326421807
0.6693936175306581 2.128138326421807
0.6693936175306581 2.128138326421807
0.6693936175306581 2.128138326421807
0.6693936175306581 2.128138326421807
0.6693936175306581 2.128138326421807
0.6693936175306581 2.128138326421807
0.6693936175306581 2.128138326421807
0.6693936175306581 2.128138326421807
0.6693936175306581 2.128138326421807
0.6417901344104915 2.1528687135592293
0.6417901344104915 2.1528687135592293
0.6417901344104915 2.1528687135592293
0.6417901344104915 2.1528687135592293
0.6417901344104915 2.1528687135592293
0.6417901344104915 2.1528687135592293
0.6159118689853351 2.1513946075113504
0.6159118689853351 2.1513946075113504
0.6159118689853351 2.1513946075113504
0.6159118689853351 2.1513946075113504
0.6159118689853351 2.1513946075113504
0.6128149733469345 2.1664546302140395
0.6128149733469345 2.1664546302140395
0.6107362159003039 2.1713664607561327
0.6107362159003039 2.1713664607561327
0.6107362159003039 2.1713664607561327
0.6081483893577884 2.1790317488289035
0.6055605628152727 2.1770357074139968
0.6055605628152727 2.1770357074139968
0.6054297554527106 2.178025853027798
0.6054297554527106 2.178025853027798
0.6054297554527106 2.178025853027798
0.6040050348188907 2.190534861829577
0.6027111215476328 2.194165535251634
0.6027111215476328 2.194165535251634
0.6027111215476328 2.194165535251634
0.5895265381755768 2.1964088224343694
0.5895265381755768 2.1964088224343694
0.5895265381755768 2.1964088224343694
0.5895265381755768 2.1964088224343694
0.5895265381755768 2.1964088224343694
0.5895265381755768 2.1964088224343694
0.5895265381755768 2.1964088224343694
0.5895265381755768 2.1964088224343694
0.5690588093906628 2.211260657146832
0.5690588093906628 2.211260657146832
0.5536865356980474 2.186644278561132
0.5536865356980474 2.186644278561132
0.5536865356980474 2.186644278561132
0.5536865356980474 2.186644278561132
0.5536865356980474 2.186644278561132
0.538314262005432 2.2176668489678666
0.538314262005432 2.2176668489678666
0.538314262005432 2.2176668489678666
0.538314262005432 2.2176668489678666
0.538314262005432 2.2176668489678666
0.538314262005432 2.2176668489678666
0.538314262005432 2.2176668489678666
0.5248635225243935 2.1968237989865727
0.5248635225243935 2.1968237989865727
0.5248635225243935 2.1968237989865727
0.5248635225243935 2.1968237989865727
0.5223254487622344 2.2378594847620024
0.5223254487622344 2.2378594847620024
0.5223254487622344 2.2378594847620024
0.5223254487622344 2.2378594847620024
0.5223254487622344 2.2378594847620024
0.4529160829925558 2.2481277644271134
0.4529160829925558 2.2481277644271134
0.4529160829925558 2.2183104045578017
0.4529160829925558 2.2183104045578017
0.4529160829925558 2.2183104045578017
0.4529160829925558 2.2183104045578017
0.4529160829925558 2.2183104045578017
0.4529160829925558 2.2183104045578017
0.4529160829925558 2.2183104045578017
0.4529160829925558 2.2183104045578017
0.4529160829925558 2.2183104045578017
0.4529160829925558 2.2183104045578017
0.4529160829925558 2.2481277644271134
0.4529160829925558 2.2481277644271134
0.4529160829925558 2.2481277644271134
0.4529160829925558 2.2481277644271134
0.44059654992730696 2.258346581558781
0.44059654992730696 2.258346581558781
0.44059654992730696 2.258346581558781
0.44059654992730696 2.258346581558781
0.44059654992730696 2.258346581558781
0.44059654992730696 2.258346581558781
0.44059654992730696 2.258346581558781
0.44059654992730696 2.258346581558781
0.44059654992730696 2.258346581558781
0.44059654992730696 2.258346581558781
0.44059654992730696 2.27641541446643
0.44059654992730696 2.27641541446643
0.44059654992730696 2.27641541446643
0.43258783856163174 2.2715355245718873
0.43258783856163174 2.2715355245718873
0.43258783856163174 2.2715355245718873
0.43258783856163174 2.2715355245718873
0.43258783856163174 2.2715355245718873
0.43036398543156873 2.2879079266337885
0.43036398543156873 2.2879079266337885
0.43036398543156873 2.2879079266337885
0.4236924260413796 2.2997373518283495
0.4211917285358077 2.2877046602399047
0.4211917285358077 2.2877046602399047
0.4209279684642355 2.3021858792605663
0.4209279684642355 2.3021858792605663
0.4209279684642355 2.3021858792605663
0.4209279684642355 2.3021858792605663
0.4177628476053693 2.3135086283165593
0.4172353274622249 2.314400500972306
0.4172353274622249 2.314400500972306
0.4167078073190805 2.321361581637814
0.4167078073190805 2.321361581637814
0.41650998726540134 2.3269542105164285
0.41650998726540134 2.3269542105164285
0.41650998726540134 2.3269542105164285
0.41650998726540134 2.3269542105164285
0.41650998726540134 2.3269542105164285
0.41650998726540134 2.3269542105164285
0.41650998726540134 2.3269542105164285
0.41650998726540134 2.3269542105164285
0.41650998726540134 2.3269542105164285
0.40269485157976326 2.3517300373658316
0.40269485157976326 2.3517300373658316
0.40269485157976326 2.3517300373658316
0.40269485157976326 2.3517300373658316
0.40269485157976326 2.3517300373658316
0.40269485157976326 2.3517300373658316
0.40269485157976326 2.3517300373658316
0.40269485157976326 2.3517300373658316
0.40269485157976326 2.3517300373658316
0.39613460101330283 2.3714013027454066
0.39613460101330283 2.3714013027454066
0.39613460101330283 2.3714013027454066
0.3762243502450079 2.357035941526579
0.3762243502450079 2.357035941526579
0.3762243502450079 2.357035941526579
0.3762243502450079 2.357035941526579
0.3762243502450079 2.357035941526579
0.3762243502450079 2.357035941526579
0.3762243502450079 2.357035941526579
0.3762243502450079 2.357035941526579
0.3762243502450079 2.384735564542057
0.3762243502450079 2.384735564542057
0.3762243502450079 2.384735564542057
0.3762243502450079 2.384735564542057
0.3762243502450079 2.384735564542057
0.3762243502450079 2.384735564542057
0.3762243502450079 2.384735564542057
0.3762243502450079 2.384735564542057
0.3762243502450079 2.384735564542057
0.3731221466055641 2.4176697241439875
0.3731221466055641 2.4176697241439875
0.3731221466055641 2.4176697241439875
0.3694847292916391 2.4268153245513515
0.3694847292916391 2.4268153245513515
0.3407895447708228 2.4310937568536444
0.3407895447708228 2.4310937568536444
0.3407895447708228 2.4310937568536444
0.3407895447708228 2.4310937568536444
0.3407895447708228 2.4310937568536444
0.3407895447708228 2.4310937568536444
0.3407895447708228 2.4310937568536444
0.3407895447708228 2.4310937568536444
0.3407895447708228 2.4310937568536444
0.3407895447708228 2.4310937568536444
0.32573038976570046 2.391514617050422
0.32573038976570046 2.391514617050422
0.32573038976570046 2.391514617050422
0.32573038976570046 2.391514617050422
0.32573038976570046 2.391514617050422
0.32573038976570046 2.4401285802480417
0.32573038976570046 2.443305467304025
0.32573038976570046 2.443305467304025
0.32573038976570046 2.443305467304025
0.3209309879636296 2.4543611925891358
0.3209309879636296 2.4543611925891358
0.3209309879636296 2.4543611925891358
0.3035547507573355 2.4553677425779235
0.3035547507573355 2.4553677425779235
0.3035547507573355 2.4553677425779235
0.3035547507573355 2.4553677425779235
0.3035547507573355 2.4553677425779235
0.3035547507573355 2.4553677425779235
0.3035547507573355 2.4553677425779235
0.3035547507573355 2.4553677425779235
0.3035547507573355 2.4705700475492627
0.3035547507573355 2.4705700475492627
0.3035547507573355 2.481569686981393
0.3035547507573355 2.481569686981393
0.3035547507573355 2.481569686981393
0.3035547507573355 2.481569686981393
0.3003622399843348 2.4980288996607882
0.17960511892494244 2.4908599108383553
0.17960511892494244 2.4908599108383553
0.2778316913207221 2.485915257982356
0.17960511892494244 2.442543842154551
0.17960511892494244 2.442543842154551
0.17960511892494244 2.442543842154551
0.17960511892494244 2.442543842154551
0.17960511892494244 2.442543842154551
0.17960511892494244 2.442543842154551
0.17960511892494244 2.442543842154551
0.17960511892494244 2.442543842154551
0.22712168390176146 2.432629550823015
0.22712168390176146 2.432629550823015
0.17960511892494244 2.4347110655687434
0.17960511892494244 2.4277135809107375
0.17960511892494244 2.4277135809107375
0.17960511892494244 2.4277135809107375
0.17960511892494244 2.4277135809107375
0.17960511892494244 2.4277135809107375
0.17960511892494244 2.4178662189204196
0.17960511892494244 2.409681147980736
0.17960511892494244 2.409681147980736
0.17960511892494244 2.409681147980736
0.17960511892494244 2.409681147980736
0.17960511892494244 2.409681147980736
0.17960511892494244 2.409681147980736
0.17960511892494244 2.409681147980736
0.17960511892494244 2.409681147980736
0.17960511892494244 2.409681147980736
0.17960511892494244 2.409681147980736
0.17960511892494244 2.4178662189204196
0.17960511892494244 2.4178662189204196
0.17960511892494244 2.4277135809107375
0.17960511892494244 2.4277135809107375
0.17960511892494244 2.4347110655687434
0.17960511892494244 2.4347110655687434
0.17423836554527056 2.446378156056674
0.17423836554527056 2.4125706914435465
0.17423836554527056 2.4125706914435465
0.17423836554527056 2.446378156056674
0.17423836554527056 2.446378156056674
0.17003711366508462 2.4558312220229483
0.17003711366508462 2.4558312220229483
0.17003711366508462 2.4558312220229483
0.17003711366508462 2.4558312220229483
0.16679528030597116 2.461953068750161
0.1650181952412464 2.4657790692323176
0.1650181952412464 2.4657790692323176
0.15949006149337103 2.4703700245243865
0.15949006149337103 2.4703700245243865
0.15949006149337103 2.4703700245243865
0.14980028955228664 2.4709663574846727
0.14980028955228664 2.4709663574846727
0.1481971021986756 2.4483681597202747
0.1481971021986756 2.4483681597202747
0.1481971021986756 2.4483681597202747
0.1481971021986756 2.4483681597202747
0.1481971021986756 2.4483681597202747
0.14089165608991824 2.4759734610746422
0.14089165608991824 2.4759734610746422
0.14089165608991824 2.4759734610746422
0.14089165608991824 2.4759734610746422
0.14089165608991824 2.478792435230986
0.14089165608991824 2.478792435230986
0.14089165608991824 2.478792435230986
0.13759788547094595 2.4944782970320247
0.13759788547094595 2.4944782970320247
0.13122118154724413 2.495818237722427
0.13122118154724413 2.495818237722427
0.13122118154724413 2.495818237722427
0.13122118154724413 2.495818237722427
0.13122118154724413 2.495818237722427
0.13122118154724413 2.495818237722427
0.13122118154724413 2.495818237722427
0.13122118154724413 2.495818237722427
0.13122118154724413 2.5322350586475193
0.11145501593324884 2.520940857991937
0.11145501593324884 2.520940857991937
0.11145501593324884 2.520940857991937
0.11145501593324884 2.520940857991937
0.1170780828905649 2.480720296348605
0.11145501593324884 2.5199063892330766
0.11145501593324884 2.5199063892330766
0.11145501593324884 2.5199063892330766
0.11145501593324884 2.520940857991937
0.10583194897593279 2.527596354277199
0.10583194897593279 2.507422125272586
0.10583194897593279 2.507422125272586
0.10020888201861675 2.527514533004529
0.10020888201861675 2.527514533004529
0.10020888201861675 2.527514533004529
0.10020888201861675 2.527514533004529
0.10020888201861675 2.527514533004529
0.10020888201861675 2.527514533004529
0.10020888201861675 2.527514533004529
0.10020888201861675 2.562489322072662
0.10020888201861675 2.562489322072662
0.10020888201861675 2.562489322072662
0.10020888201861675 2.562489322072662
0.10020888201861675 2.602983573733651
0.08961766241704537 2.6098096466934297
0.08961766241704537 2.6098096466934297
0.08961766241704537 2.6098096466934297
0.08961766241704537 2.6098096466934297
0.08961766241704537 2.6098096466934297
0.08961766241704537 2.6098096466934297
0.08961766241704537 2.6098096466934297
0.08961766241704537 2.6098096466934297
0.07928420519964516 2.645847428223368
0.07928420519964516 2.645847428223368
0.08005109516253311 2.627530974084782
0.08005109516253311 2.627530974084782
0.08005109516253311 2.627530974084782
0.07928420519964516 2.645847428223368
0.07510805976546872 2.652436051508375
0.07510805976546872 2.652436051508375
0.07510805976546872 2.652436051508375
0.07510805976546872 2.652436051508375
0.07121140073340197 2.6771740769032624
0.07121140073340197 2.6771740769032624
0.07121140073340197 2.6771740769032624
0.07051045023638863 2.7075668353767712
0.06777766258369988 2.7077663613247287
0.06341808266926846 2.710060908726091
0.06341808266926846 2.710060908726091
0.06341808266926846 2.710060908726091
0.05032679641310224 2.730053405690828
0.05032679641310224 2.730053405690828
0.05032679641310224 2.730053405690828
0.05032679641310224 2.730053405690828
0.05032679641310224 2.730053405690828
0.05032679641310224 2.730053405690828
0.05032679641310224 2.730053405690828
0.04721009691604666 2.744092526356369
0.04721009691604666 2.744092526356369
0.04721009691604666 2.744092526356369
0.037859998424879936 2.7941973022273023
0.037859998424879936 2.7941973022273023
0.037859998424879936 2.7941973022273023
0.037859998424879936 2.7941973022273023
0.037859998424879936 2.7941973022273023
0.037859998424879936 2.802588176878311
0.033272345107537474 2.8359209559413427
0.033272345107537474 2.8359209559413427
0.03162659943076879 2.8491417290557774
0.029602240852650695 2.8832059319317365
0.02539320043665763 2.8852071001620234
0.02539320043665763 2.8852071001620234
0.02539320043665763 2.8852071001620234
0.016319250687344012 2.921745230363778
0.016319250687344012 2.921745230363778
0.016319250687344012 2.921745230363778
0.016319250687344012 2.921745230363778
0.0142835417439988 2.9505306869877628
0.0142835417439988 2.9505306869877628
0.012976370255743299 3.286764468525795
0.007428463364680938 2.998257922897369
0.007428463364680938 2.998257922897369
0.003965803260935055 3.046567369852755
0.05799529370221712 6.318293825712766
