0.24752102301431578 4.366393049813505
0.052442672697153636 5.256716349219138
0.24752102301431578 4.364497638179697
0.24752102301431578 4.364345990388917
0.24752102301431578 4.364345990388917
0.24752102301431578 4.364345990388917
0.39596788696276675 4.392501262439909
0.39596788696276675 4.392501262439909
0.39596788696276675 4.392501262439909
0.39596788696276675 4.392501262439909
0.39596788696276675 4.392501262439909
0.39596788696276675 4.392501262439909
0.39596788696276675 4.392501262439909
0.052442672697153636 5.220526553913185
0.24752102301431578 4.356816149685511
0.24752102301431578 4.356816149685511
0.24752102301431578 4.356816149685511
0.24752102301431578 4.364345990388917
0.24752102301431578 4.364345990388917
0.24752102301431578 4.290160221420626
0.24752102301431578 4.290160221420626
0.24752102301431578 4.290160221420626
0.24752102301431578 4.290160221420626
0.24752102301431578 4.264522806998983
0.24752102301431578 4.264522806998983
0.24752102301431578 4.264522806998983
0.24752102301431578 4.264522806998983
0.24752102301431578 4.242455603713745
0.24752102301431578 4.242455603713745
0.24752102301431578 4.242455603713745
0.24752102301431578 4.242455603713745
0.24752102301431578 4.242455603713745
0.24752102301431578 4.242455603713745
0.24752102301431578 4.222749234413084
0.24752102301431578 4.222749234413084
0.24752102301431578 4.222749234413084
0.24752102301431578 4.222749234413084
0.24752102301431578 4.222749234413084
0.24752102301431578 4.222749234413084
0.24752102301431578 4.211117258099803
0.24752102301431578 4.211117258099803
0.24752102301431578 4.211117258099803
0.24752102301431578 4.211117258099803
0.24752102301431578 4.19894696557943
0.24752102301431578 4.156481960186177
0.24752102301431578 4.156481960186177
0.24752102301431578 4.156481960186177
0.24752102301431578 4.156481960186177
0.24752102301431578 4.091273201008503
0.24752102301431578 4.091273201008503
0.24752102301431578 4.06221137281917
0.24752102301431578 4.06221137281917
0.24752102301431578 4.06221137281917
0.24752102301431578 4.06221137281917
0.24752102301431578 4.06221137281917
0.24752102301431578 4.091273201008503
0.24752102301431578 4.091273201008503
0.24752102301431578 4.091273201008503
0.2820982440364862 4.008904107586294
0.7539847862849929 3.277824791473153
0.7539847862849929 3.277824791473153
0.7539847862849929 3.277824791473153
0.7539847862849929 3.277824791473153
0.7539847862849929 3.277824791473153
0.7539847862849929 3.277824791473153
0.7539847862849929 3.277824791473153
0.7539847862849929 3.277824791473153
0.8251064221271349 2.957112553267331
0.8251064221271349 2.957112553267331
0.8251064221271349 2.957112553267331
0.4209994744027128 3.90363963519995
0.4209994744027128 3.90363963519995
0.4209994744027128 3.90363963519995
0.4209994744027128 3.90363963519995
0.4209994744027128 3.90363963519995
0.4209994744027128 3.90363963519995
0.4209994744027128 3.90363963519995
0.7273009650845952 3.4212322970571516
0.7273009650845952 3.4212322970571516
0.7273009650845952 3.4212322970571516
0.48183298485831605 3.8688317564659895
0.48183298485831605 3.8688317564659895
0.48183298485831605 3.8688317564659895
0.48183298485831605 3.8688317564659895
0.8172972290533852 2.9784470109572188
0.8172972290533852 2.9784470109572188
0.8172972290533852 2.9784470109572188
0.5347272677182531 3.37461665603824
0.438440419035082 3.378312980702525
0.438440419035082 3.378312980702525
0.438440419035082 3.378312980702525
0.438440419035082 3.378312980702525
0.438440419035082 3.378312980702525
0.438440419035082 3.378312980702525
0.438440419035082 3.378312980702525
0.438440419035082 3.378312980702525
0.438440419035082 3.378312980702525
0.438440419035082 3.33220798630235
0.438440419035082 3.33220798630235
0.47883258603915774 3.616521003670236
0.47883258603915774 3.616521003670236
0.47883258603915774 3.616521003670236
0.47883258603915774 3.616521003670236
0.438440419035082 3.2721660164968336
0.438440419035082 3.2721660164968336
0.438440419035082 3.2721660164968336
0.47883258603915774 3.616521003670236
0.47883258603915774 3.616521003670236
0.42224911213452265 3.513922609509323
0.42224911213452265 3.513922609509323
0.42224911213452265 3.513922609509323
0.42224911213452265 3.513922609509323
0.42224911213452265 3.513922609509323
0.42224911213452265 3.513922609509323
0.42224911213452265 3.513922609509323
0.42224911213452265 3.513922609509323
0.42224911213452265 3.513922609509323
0.42224911213452265 3.513922609509323
0.42224911213452265 3.513922609509323
0.42224911213452265 3.513922609509323
0.42224911213452265 3.513922609509323
0.42224911213452265 3.513922609509323
0.37991493629747364 3.4397182894687575
0.37991493629747364 3.4397182894687575
0.37991493629747364 3.4397182894687575
0.37991493629747364 3.4397182894687575
0.37991493629747364 3.4397182894687575
0.37991493629747364 3.4397182894687575
0.37991493629747364 3.4397182894687575
0.37991493629747364 3.4397182894687575
0.34297413522381315 3.441698649665758
0.34297413522381315 3.441698649665758
0.34297413522381315 3.441698649665758
0.34297413522381315 3.441698649665758
0.34297413522381315 3.441698649665758
0.34297413522381315 3.441698649665758
0.34297413522381315 3.441698649665758
0.34297413522381315 3.441698649665758
0.34297413522381315 3.441698649665758
0.34297413522381315 3.441698649665758
0.34297413522381315 3.441698649665758
0.34297413522381315 3.441698649665758
0.34297413522381315 3.441698649665758
0.34297413522381315 3.441698649665758
0.34297413522381315 3.441698649665758
0.34297413522381315 3.441698649665758
0.34297413522381315 3.441698649665758
0.34297413522381315 3.441698649665758
0.3375807604604246 3.4685393949984
0.34297413522381315 3.441698649665758
0.34297413522381315 3.441698649665758
0.34297413522381315 3.441698649665758
0.34297413522381315 3.441698649665758
0.34297413522381315 3.441698649665758
0.34297413522381315 3.441698649665758
0.34297413522381315 3.441698649665758
0.34297413522381315 3.441698649665758
0.34297413522381315 3.441698649665758
0.34297413522381315 3.441698649665758
0.34297413522381315 3.441698649665758
0.34297413522381315 3.441698649665758
0.34297413522381315 3.441698649665758
0.34297413522381315 3.441698649665758
0.34297413522381315 3.441698649665758
0.34297413522381315 3.441698649665758
0.34297413522381315 3.434511212695053
0.34297413522381315 3.434511212695053
0.34297413522381315 3.403587868082011
0.34297413522381315 3.4040225285845005
0.34297413522381315 3.430282899411001
0.34297413522381315 3.430282899411001
0.34297413522381315 3.435990462373483
0.34297413522381315 3.435990462373483
0.34297413522381315 3.438220683750585
0.34297413522381315 3.4482261169978847
0.34297413522381315 3.4236605528778807
0.34297413522381315 3.435990462373483
0.34297413522381315 3.4392865986682066
0.34297413522381315 3.3983750711916287
0.34297413522381315 3.434511212695053
0.34297413522381315 3.434002330950977
0.34297413522381315 3.441698649665758
0.2718806625602047 3.6016717348616294
0.2718806625602047 3.6016717348616294
0.2718806625602047 3.5627932269624942
0.2718806625602047 3.545371740913123
0.2718806625602047 3.545371740913123
0.2718806625602047 3.545371740913123
0.2718806625602047 3.545371740913123
0.2718806625602047 3.5627932269624942
0.2718806625602047 3.5627932269624942
0.2718806625602047 3.5627932269624942
0.2718806625602047 3.3668252601615025
0.2718806625602047 3.3668252601615025
0.2718806625602047 3.3668252601615025
0.2718806625602047 3.5627932269624942
0.2718806625602047 3.3090675553069926
0.2718806625602047 3.3090675553069926
0.2718806625602047 3.3090675553069926
0.2718806625602047 3.3090675553069926
0.2718806625602047 3.3090675553069926
0.2718806625602047 3.3090675553069926
0.2718806625602047 3.3090675553069926
0.2718806625602047 3.3090675553069926
0.2718806625602047 3.3090675553069926
0.2718806625602047 3.3090675553069926
0.2718806625602047 3.3090675553069926
0.2718806625602047 3.3090675553069926
0.2718806625602047 3.3668252601615025
0.25189109994812475 3.463475561342726
0.25189109994812475 3.463475561342726
0.25189109994812475 3.463475561342726
0.25189109994812475 3.463475561342726
0.25189109994812475 3.463475561342726
0.25189109994812475 3.463475561342726
0.25189109994812475 3.463475561342726
0.25189109994812475 3.463475561342726
0.25189109994812475 3.463475561342726
0.25189109994812475 3.463475561342726
0.25189109994812475 3.463475561342726
0.25189109994812475 3.463475561342726
0.25189109994812475 3.463475561342726
0.25189109994812475 3.463475561342726
0.25189109994812475 3.463475561342726
0.25189109994812475 3.463475561342726
0.25189109994812475 3.463475561342726
0.25189109994812475 3.463475561342726
0.25189109994812475 3.463475561342726
0.25189109994812475 3.463475561342726
0.25189109994812475 3.463475561342726
0.25189109994812475 3.463475561342726
0.25189109994812475 3.463475561342726
0.25189109994812475 3.463475561342726
0.25189109994812475 3.463475561342726
0.25189109994812475 3.463475561342726
0.25189109994812475 3.463475561342726
0.25189109994812475 3.463475561342726
0.25189109994812475 3.463475561342726
0.25189109994812475 3.463475561342726
0.25189109994812475 3.463475561342726
0.25189109994812475 3.462281564071131
0.25189109994812475 3.4714628064994795
0.25189109994812475 3.4714628064994795
0.25189109994812475 3.4996557748910413
0.25189109994812475 3.445023231666406
0.25189109994812475 3.4542486824667535
0.25189109994812475 3.4542486824667535
0.25189109994812475 3.4657812389256
0.19196167353962124 3.5724928754074723
0.19196167353962124 3.5724928754074723
0.19196167353962124 3.5724928754074723
0.19196167353962124 3.5669020635547013
0.19196167353962124 3.5669020635547013
0.19196167353962124 3.5669020635547013
0.19196167353962124 3.5669020635547013
0.19196167353962124 3.547143480618894
0.19196167353962124 3.537266294759912
0.19196167353962124 3.537266294759912
0.19196167353962124 3.537266294759912
0.19196167353962124 3.537266294759912
0.19196167353962124 3.537266294759912
0.19196167353962124 3.528108833858204
0.19196167353962124 3.528108833858204
0.19196167353962124 3.528108833858204
0.19196167353962124 3.5168890250446
0.19196167353962124 3.528108833858204
0.19196167353962124 3.528108833858204
0.19196167353962124 3.528108833858204
0.19196167353962124 3.528108833858204
0.19196167353962124 3.537266294759912
0.19196167353962124 3.537266294759912
0.19196167353962124 3.537266294759912
0.19196167353962124 3.547143480618894
0.19196167353962124 3.547143480618894
0.19196167353962124 3.547143480618894
0.19196167353962124 3.547143480618894
0.19196167353962124 3.547143480618894
0.19196167353962124 3.547143480618894
0.19196167353962124 3.5669020635547013
0.19196167353962124 3.5669020635547013
0.19196167353962124 3.5669020635547013
0.19196167353962124 3.570723120481472
0.19196167353962124 3.570723120481472
0.19196167353962124 3.3714278581654735
0.19196167353962124 3.3714278581654735
0.19196167353962124 3.3714278581654735
0.19196167353962124 3.3714278581654735
0.19196167353962124 3.3714278581654735
0.19196167353962124 3.3714278581654735
0.19196167353962124 3.3714278581654735
0.19196167353962124 3.3714278581654735
0.19196167353962124 3.3714278581654735
0.19196167353962124 3.3714278581654735
0.19196167353962124 3.3714278581654735
0.19196167353962124 3.3714278581654735
0.19196167353962124 3.3714278581654735
0.19196167353962124 3.5154768993817767
0.19196167353962124 3.5154768993817767
0.19196167353962124 3.3714278581654735
0.19196167353962124 3.3714278581654735
0.19196167353962124 3.3714278581654735
0.19196167353962124 3.3714278581654735
0.19196167353962124 3.3714278581654735
0.19196167353962124 3.3714278581654735
0.19196167353962124 3.534191736881412
0.19196167353962124 3.3714278581654735
0.19196167353962124 3.4148372505075497
0.19196167353962124 3.5585509341509325
0.19196167353962124 3.579479811835432
0.19196167353962124 3.579479811835432
0.19196167353962124 3.5361230013091705
0.19196167353962124 3.3714278581654735
0.19196167353962124 3.3714278581654735
0.19196167353962124 3.5031994140938787
0.19196167353962124 3.517780318519383
0.19196167353962124 3.3714278581654735
0.19196167353962124 3.2878030138655534
0.19196167353962124 3.573266735866744
0.19196167353962124 3.53351236031294
0.19196167353962124 3.536796308656357
0.19196167353962124 3.3611417104120203
0.1444522007343233 3.3674828908040855
0.1444522007343233 3.3674828908040855
0.1444522007343233 3.3674828908040855
0.1444522007343233 3.3674828908040855
0.14012170831080417 3.577882645190064
0.14012170831080417 3.577882645190064
0.14012170831080417 3.577882645190064
0.14012170831080417 3.567814263163238
0.14012170831080417 3.567814263163238
0.14012170831080417 3.567814263163238
0.14012170831080417 3.567814263163238
0.14012170831080417 3.567814263163238
0.14012170831080417 3.567814263163238
0.14012170831080417 3.567814263163238
0.14012170831080417 3.567814263163238
0.14012170831080417 3.567814263163238
0.14012170831080417 3.567814263163238
0.14012170831080417 3.567814263163238
0.14012170831080417 3.567814263163238
0.14012170831080417 3.577882645190064
0.14012170831080417 3.577882645190064
0.14012170831080417 3.577882645190064
0.14012170831080417 3.577882645190064
0.14012170831080417 3.577882645190064
0.14012170831080417 3.577882645190064
0.14012170831080417 3.577882645190064
0.14012170831080417 3.577882645190064
0.14012170831080417 3.577882645190064
0.14012170831080417 3.577882645190064
0.14012170831080417 3.577882645190064
0.14012170831080417 3.577882645190064
0.14012170831080417 3.577882645190064
0.14012170831080417 3.577882645190064
0.14012170831080417 3.577882645190064
0.14012170831080417 3.615438626594675
0.14012170831080417 3.577882645190064
0.14012170831080417 3.577882645190064
0.14012170831080417 3.5684948403654597
0.14012170831080417 3.577882645190064
0.14012170831080417 3.5775064271581316
0.14012170831080417 3.5763554969068334
0.14012170831080417 3.5763554969068334
0.14012170831080417 3.5809326155689614
0.14012170831080417 3.5809326155689614
0.14012170831080417 3.59955834474638
0.14012170831080417 3.59955834474638
0.10448255025330555 3.9966949766482665
0.10448255025330555 3.9910567322117023
0.10448255025330555 3.9910567322117023
0.10448255025330555 3.9910567322117023
0.10448255025330555 3.9808135007883387
0.10448255025330555 3.9808135007883387
0.10448255025330555 3.9808135007883387
0.10448255025330555 3.969892949844872
0.10448255025330555 3.969892949844872
0.2876266437557615 3.503469233490819
0.10448255025330555 3.969892949844872
0.10448255025330555 3.969892949844872
0.10448255025330555 3.969892949844872
0.10448255025330555 3.969892949844872
0.2772315378861152 3.5755186095614855
0.2772315378861152 3.576023977529056
0.2772315378861152 3.6265251137691745
0.2772315378861152 3.6265251137691745
0.09795935622269134 4.124874127276633
0.09795935622269134 4.124874127276633
0.09795935622269134 4.124874127276633
0.09795935622269134 4.124874127276633
0.09143616219207712 4.224511459376811
0.09143616219207712 4.224511459376811
0.09143616219207712 4.224511459376811
0.2564413261468226 3.847913376663724
0.2564413261468226 3.847913376663724
0.2564413261468226 3.847913376663724
0.2564413261468226 3.8598988131880914
0.2564413261468226 3.8598988131880914
0.23565111440752995 4.1132822027878335
0.23565111440752995 4.1132822027878335
0.23565111440752995 4.1132822027878335
0.10478465118401314 3.7334195483904598
0.23565111440752995 4.1132822027878335
0.23565111440752995 4.1132822027878335
0.23565111440752995 4.1666449194472275
0.22433017986648252 4.606927805076007
0.22433017986648252 4.606927805076007
