0.2359501773292747 4.277406856964495
0.43447515736130726 3.3919965405793704
0.14979224339207675 4.542484493990701
0.43447515736130726 3.391247554586051
0.43447515736130726 3.391247554586051
0.14979224339207675 4.542484493990701
0.43447515736130726 3.372958427717027
0.43447515736130726 3.372958427717027
0.43447515736130726 3.3192858207277345
0.43447515736130726 3.3192858207277345
0.14238803904905684 4.279434163581175
0.14238803904905684 4.279434163581175
0.14238803904905684 4.265722633802275
0.14238803904905684 4.265722633802275
0.14238803904905684 4.265722633802275
0.14238803904905684 4.265722633802275
0.14238803904905684 4.265722633802275
0.14238803904905684 4.265722633802275
0.14238803904905684 4.265722633802275
0.14238803904905684 4.265722633802275
0.14238803904905684 4.265722633802275
0.14238803904905684 4.265722633802275
0.14238803904905684 4.265722633802275
0.14238803904905684 4.265722633802275
0.14238803904905684 4.265722633802275
0.14238803904905684 4.265722633802275
0.7298270402216473 3.056811941972022
0.7298270402216473 3.056811941972022
0.7298270402216473 3.056811941972022
0.7298270402216473 3.056811941972022
0.7298270402216473 3.056811941972022
0.7298270402216473 3.056811941972022
0.44984020196678504 3.704148147571604
0.44984020196678504 3.704148147571604
0.44984020196678504 3.704148147571604
0.44984020196678504 3.704148147571604
0.44984020196678504 3.704148147571604
0.44984020196678504 3.704148147571604
0.44984020196678504 3.704148147571604
0.44984020196678504 3.704148147571604
0.44984020196678504 3.704148147571604
0.44984020196678504 3.704148147571604
0.44984020196678504 3.704148147571604
0.44984020196678504 3.704148147571604
0.44984020196678504 3.704148147571604
0.44984020196678504 3.704148147571604
0.44984020196678504 3.704148147571604
0.44984020196678504 3.704148147571604
0.44984020196678504 3.704148147571604
0.44984020196678504 3.667851514208256
0.44984020196678504 3.667851514208256
0.44984020196678504 3.667851514208256
0.44984020196678504 3.667851514208256
0.44984020196678504 3.633105611830251
0.44984020196678504 3.633105611830251
0.44984020196678504 3.633105611830251
0.44984020196678504 3.633105611830251
0.44984020196678504 3.6104086236542856
0.44984020196678504 3.6104086236542856
0.44984020196678504 3.633105611830251
0.44984020196678504 3.633105611830251
0.44984020196678504 3.633105611830251
0.44984020196678504 3.6104086236542856
0.44984020196678504 3.436036814381363
0.44984020196678504 3.436036814381363
0.44984020196678504 3.436036814381363
0.44984020196678504 3.436036814381363
0.44984020196678504 3.3935190304693132
0.44984020196678504 3.436036814381363
0.44984020196678504 3.436036814381363
0.44984020196678504 3.34593312295047
0.44984020196678504 3.34593312295047
0.44984020196678504 3.34593312295047
0.44984020196678504 3.34593312295047
0.44984020196678504 3.34593312295047
0.44984020196678504 3.34593312295047
0.44984020196678504 3.34593312295047
0.44984020196678504 3.34593312295047
0.44984020196678504 3.34593312295047
0.44984020196678504 3.34593312295047
0.44984020196678504 3.34593312295047
0.44984020196678504 3.34593312295047
0.44984020196678504 3.34593312295047
0.44984020196678504 3.34593312295047
0.44984020196678504 3.34593312295047
0.44984020196678504 3.34593312295047
0.44984020196678504 3.34593312295047
0.44984020196678504 3.34593312295047
0.44984020196678504 3.34593312295047
0.8529662592151115 3.242643930731291
0.8529662592151115 3.242643930731291
0.8529662592151115 3.2296662878742706
0.4723631608906258 3.068783139385745
0.4723631608906258 3.068783139385745
0.4723631608906258 3.068783139385745
0.4723631608906258 3.068783139385745
0.4723631608906258 3.068783139385745
0.6203333259160668 2.8552074559020624
0.6203333259160668 2.8552074559020624
0.6203333259160668 2.8552074559020624
0.6203333259160668 2.8552074559020624
0.6203333259160668 2.8552074559020624
0.6203333259160668 2.8552074559020624
0.6203333259160668 2.8552074559020624
0.6203333259160668 2.8552074559020624
0.6203333259160668 2.8552074559020624
0.6203333259160668 2.8552074559020624
0.6203333259160668 2.8552074559020624
0.6203333259160668 2.8552074559020624
0.6203333259160668 2.8552074559020624
0.6203333259160668 2.8552074559020624
0.6203333259160668 2.8552074559020624
0.6203333259160668 2.8552074559020624
0.6203333259160668 2.8552074559020624
0.6203333259160668 2.8552074559020624
0.6203333259160668 2.8552074559020624
0.6203333259160668 2.8552074559020624
0.6203333259160668 2.8552074559020624
0.6203333259160668 2.8552074559020624
0.6203333259160668 2.8552074559020624
0.6203333259160668 2.8552074559020624
0.6203333259160668 2.8552074559020624
0.6203333259160668 2.8552074559020624
0.6203333259160668 2.8552074559020624
0.6203333259160668 2.8552074559020624
0.6203333259160668 2.8552074559020624
0.6203333259160668 2.8552074559020624
0.6203333259160668 2.8552074559020624
0.6203333259160668 2.8552074559020624
0.6203333259160668 2.8552074559020624
0.6203333259160668 2.8552074559020624
0.6203333259160668 2.8146526434163337
0.6203333259160668 2.828226635581777
0.6203333259160668 2.770906885928498
0.6203333259160668 2.770906885928498
0.6203333259160668 2.770906885928498
0.6203333259160668 2.770906885928498
0.6203333259160668 2.770906885928498
0.6203333259160668 2.770906885928498
0.6203333259160668 2.824847561988222
0.6203333259160668 2.7548243376159114
0.6203333259160668 2.7548243376159114
0.6203333259160668 2.7548243376159114
0.6203333259160668 2.825656599105296
0.6203333259160668 2.770906885928498
0.6203333259160668 2.770906885928498
0.6203333259160668 2.770906885928498
0.6203333259160668 2.770906885928498
0.6203333259160668 2.8146526434163337
0.6203333259160668 2.7548243376159114
0.6203333259160668 2.7548243376159114
0.6203333259160668 2.770906885928498
0.6203333259160668 2.770906885928498
0.6203333259160668 2.8292476143919902
0.6203333259160668 2.8292476143919902
0.6203333259160668 2.7548243376159114
0.6203333259160668 2.770906885928498
0.6203333259160668 2.840643335557007
0.6203333259160668 2.8146526434163337
0.6203333259160668 2.770906885928498
0.6203333259160668 2.770906885928498
0.6203333259160668 2.7548243376159114
0.6203333259160668 2.802712497851241
0.6203333259160668 2.802712497851241
0.6203333259160668 2.802712497851241
0.6203333259160668 2.840643335557007
0.6203333259160668 2.840643335557007
0.6203333259160668 2.8084154513607706
0.6203333259160668 2.7548243376159114
0.6203333259160668 2.8155763630678967
0.6203333259160668 2.8445860025295766
0.6203333259160668 2.8455330263226672
0.6203333259160668 2.8455330263226672
0.6203333259160668 2.7896555950746382
0.6203333259160668 2.8636987574679993
0.6203333259160668 2.8292476143919902
0.6203333259160668 2.845175583293287
0.6203333259160668 2.845175583293287
0.6203333259160668 2.8506747287053926
0.6203333259160668 2.8506747287053926
0.6203333259160668 2.8000638328110248
0.6203333259160668 2.8444341047436503
0.6203333259160668 2.8444341047436503
0.6203333259160668 2.8444341047436503
0.6203333259160668 2.863189644522228
0.6203333259160668 2.863189644522228
0.6203333259160668 2.870772868570428
0.6203333259160668 2.8615119138423837
0.6203333259160668 2.8615119138423837
0.6203333259160668 2.8186937285603744
0.6203333259160668 2.8186937285603744
0.6203333259160668 2.8186937285603744
0.6203333259160668 2.7893654252081066
0.6203333259160668 2.851413666789067
0.6203333259160668 2.851413666789067
0.6203333259160668 2.802177990714955
0.6203333259160668 2.802177990714955
0.6203333259160668 2.829894888333629
0.6203333259160668 2.829894888333629
0.6203333259160668 2.860776637912733
0.6203333259160668 2.860776637912733
0.6203333259160668 2.8306927266117667
0.6203333259160668 2.8306927266117667
0.6203333259160668 2.833525338669825
0.6203333259160668 2.852737980552819
0.6203333259160668 2.7969142499131436
0.6203333259160668 2.7957363617034914
0.6203333259160668 2.727004335258598
0.6203333259160668 2.727004335258598
0.6203333259160668 2.727004335258598
0.6203333259160668 2.8483436096966877
0.6203333259160668 2.861159801468506
0.6203333259160668 2.8666731792577727
0.6203333259160668 2.8475372024924837
0.6203333259160668 2.825590258999272
0.6203333259160668 2.8224152272027334
0.6203333259160668 2.7953535658598705
0.6203333259160668 2.7953535658598705
0.6203333259160668 2.8371439470747055
0.6203333259160668 2.8371439470747055
0.6203333259160668 2.8128756693971124
0.6203333259160668 2.8128756693971124
0.6203333259160668 2.8128756693971124
0.6203333259160668 2.814721111224605
0.6203333259160668 2.8241138484670776
0.6203333259160668 2.8022989578356734
0.6203333259160668 2.8108491686555634
0.6203333259160668 2.8108491686555634
0.6203333259160668 2.8076747167410274
0.6203333259160668 2.8076747167410274
0.6203333259160668 2.7827389816671277
0.6203333259160668 2.697535793136002
0.6203333259160668 2.697535793136002
0.6203333259160668 2.727004335258598
0.6203333259160668 2.727004335258598
0.6203333259160668 2.697535793136002
0.6203333259160668 2.697535793136002
0.6203333259160668 2.697535793136002
0.6203333259160668 2.697535793136002
0.6203333259160668 2.697535793136002
0.6203333259160668 2.697535793136002
0.6203333259160668 2.697535793136002
0.6203333259160668 2.697535793136002
0.6203333259160668 2.697535793136002
0.6203333259160668 2.697535793136002
0.6203333259160668 2.697535793136002
0.6203333259160668 2.697535793136002
0.6203333259160668 2.7827389816671277
0.6203333259160668 2.7827389816671277
0.6203333259160668 2.7827389816671277
0.6203333259160668 2.7827389816671277
0.6203333259160668 2.7827389816671277
0.6203333259160668 2.7827389816671277
0.6203333259160668 2.7827389816671277
0.6203333259160668 2.7827389816671277
0.6203333259160668 2.7827389816671277
0.6203333259160668 2.7827389816671277
0.6203333259160668 2.8081338228166315
0.6203333259160668 2.7827389816671277
0.6203333259160668 2.7827389816671277
0.6203333259160668 2.697535793136002
0.6203333259160668 2.7607481633349593
0.6203333259160668 2.7401079318568113
0.6203333259160668 2.7401079318568113
0.6203333259160668 2.794955315773285
0.6203333259160668 2.794955315773285
0.6203333259160668 2.794955315773285
0.6203333259160668 2.767181491463152
0.6203333259160668 2.7506271403672353
0.6203333259160668 2.793905012485731
0.6203333259160668 2.793905012485731
0.6203333259160668 2.793905012485731
0.6203333259160668 2.793905012485731
0.41479913656321343 2.9651787653398025
0.41479913656321343 2.9651787653398025
0.41479913656321343 2.9218593040540615
0.41479913656321343 2.9218593040540615
0.41479913656321343 2.9644889249391775
0.41479913656321343 2.946858109430813
0.41479913656321343 3.0037484804162884
0.41479913656321343 2.9286364574416086
0.41479913656321343 2.943159670119496
0.41479913656321343 2.943159670119496
0.41479913656321343 2.943159670119496
0.41479913656321343 2.946880828696149
0.41479913656321343 2.9588663717958266
0.41479913656321343 2.9459786028584327
0.41479913656321343 2.9459786028584327
0.41479913656321343 2.9459786028584327
0.41479913656321343 2.925821474900782
0.41479913656321343 2.925821474900782
0.41479913656321343 2.9331633014632104
0.41479913656321343 2.957934909950794
0.41479913656321343 2.957934909950794
0.41479913656321343 2.977171799837943
0.41479913656321343 2.977171799837943
0.41479913656321343 2.9351427436559363
0.41479913656321343 2.9630275369465866
0.41479913656321343 2.9442388737791356
0.41479913656321343 2.9326495827033443
0.41479913656321343 2.941833224860983
0.41479913656321343 2.9107012494772784
0.41479913656321343 2.9107012494772784
0.41479913656321343 2.9738569467738136
0.41479913656321343 2.967827841314693
0.41479913656321343 2.915604165470405
0.41479913656321343 2.9468379099866238
0.41479913656321343 2.9556494213161653
0.41479913656321343 2.9494106219274063
0.2579567438070243 3.674801215071529
0.2579567438070243 3.674801215071529
0.2579567438070243 3.674801215071529
0.2579567438070243 3.674801215071529
0.2579567438070243 3.674801215071529
0.2579567438070243 3.674801215071529
0.2579567438070243 3.674801215071529
0.23742102729843761 3.7946295316332748
0.2786282950442546 3.574066246566919
0.2786282950442546 3.574066246566919
0.2786282950442546 3.54118688114183
0.2786282950442546 3.54118688114183
0.2786282950442546 3.54118688114183
0.2786282950442546 3.54118688114183
0.2786282950442546 3.54118688114183
0.2786282950442546 3.54118688114183
0.2786282950442546 3.574066246566919
0.2786282950442546 3.574066246566919
0.2786282950442546 3.574066246566919
0.2786282950442546 3.574066246566919
0.2786282950442546 3.574066246566919
0.2786282950442546 3.574066246566919
0.2786282950442546 3.574066246566919
0.25940842945238596 3.6463226420248844
0.25940842945238596 3.6463226420248844
0.25940842945238596 3.6463226420248844
0.25940842945238596 3.6463226420248844
0.25940842945238596 3.6463226420248844
0.25940842945238596 3.6463226420248844
0.25940842945238596 3.6463226420248844
0.25940842945238596 3.6463226420248844
0.2038653220857809 3.6689833053031626
0.2038653220857809 3.6689833053031626
0.2038653220857809 3.6689833053031626
0.2038653220857809 3.6689833053031626
0.2038653220857809 3.6689833053031626
0.2038653220857809 3.668752323757382
0.2038653220857809 3.668752323757382
0.2038653220857809 3.668752323757382
0.2038653220857809 3.668752323757382
0.2038653220857809 3.668752323757382
0.2038653220857809 3.668752323757382
0.2038653220857809 3.668752323757382
0.2038653220857809 3.6689833053031626
0.17016207995756694 3.6255798590803985
0.17016207995756694 3.6255798590803985
0.17016207995756694 3.6255798590803985
0.17016207995756694 3.6255798590803985
0.17016207995756694 3.6654441800925492
0.17016207995756694 3.6872224285297768
0.17016207995756694 3.6872224285297768
0.10776526695330976 3.728097172910295
0.10776526695330976 3.728097172910295
0.10776526695330976 3.728097172910295
0.10776526695330976 3.728097172910295
0.10776526695330976 3.728097172910295
0.10776526695330976 3.728097172910295
0.10776526695330976 3.728097172910295
0.10776526695330976 3.728097172910295
0.10776526695330976 3.704643811172027
0.10776526695330976 3.704643811172027
0.10776526695330976 3.704643811172027
0.10776526695330976 3.704643811172027
0.10776526695330976 3.704643811172027
0.10776526695330976 3.704643811172027
0.10776526695330976 3.704643811172027
0.10776526695330976 3.704643811172027
0.10776526695330976 3.757042879263014
0.08129678176605108 3.7818175069316067
0.08129678176605108 3.7818175069316067
0.08129678176605108 3.7818175069316067
0.08129678176605108 3.7818175069316067
0.08129678176605108 3.7818175069316067
0.08129678176605108 3.7818175069316067
0.08129678176605108 3.7818175069316067
0.08129678176605108 3.7818175069316067
0.06276884213497 3.812678050449148
0.06276884213497 3.812678050449148
0.06276884213497 3.812678050449148
0.06276884213497 3.812678050449148
0.06276884213497 3.812678050449148
0.06276884213497 3.812678050449148
0.0548282965787924 3.8360034839155572
0.0548282965787924 3.8360034839155572
0.049534599541340665 3.837284699316949
0.049534599541340665 3.837284699316949
0.049534599541340665 3.837284699316949
0.049534599541340665 3.837284699316949
0.049534599541340665 3.837284699316949
0.03577511778652667 4.537665820092026
0.03577511778652667 4.537665820092026
0.03577511778652667 4.537665820092026
0.03577511778652667 4.537665820092026
0.03577511778652667 4.537665820092026
0.03577511778652667 4.537665820092026
0.03577511778652667 4.537665820092026
0.03577511778652667 4.537665820092026
