0.6482910168686125 2.924130930742269
0.19467289638922103 4.793250139882748
0.5073409771081666 3.695064571355011
0.6482910168686125 2.871319149234726
0.6482910168686125 2.863819645321763
0.5073409771081666 3.695064571355011
0.6482910168686125 2.863819645321763
0.6482910168686125 2.863819645321763
0.5073409771081666 3.675091662496393
0.5073409771081666 3.675091662496393
0.24317694402814016 4.657067241762528
0.24317694402814016 4.657067241762528
0.24317694402814016 4.657067241762528
0.24317694402814016 4.605476871654984
0.24317694402814016 4.589630570487251
0.24317694402814016 4.589630570487251
0.24317694402814016 4.589630570487251
0.24317694402814016 4.589630570487251
0.24317694402814016 4.589630570487251
0.24317694402814016 4.589630570487251
0.24317694402814016 4.589630570487251
0.24317694402814016 4.589630570487251
0.24317694402814016 4.589630570487251
0.24317694402814016 4.589630570487251
0.24317694402814016 4.589630570487251
0.24317694402814016 4.589630570487251
0.24317694402814016 4.589630570487251
0.24317694402814016 4.577826260170421
0.24317694402814016 4.577826260170421
0.24317694402814016 4.577826260170421
0.24317694402814016 4.546358246557284
0.24317694402814016 4.546358246557284
0.33353558096436736 4.16918440245244
0.33353558096436736 4.1023033942849505
0.33353558096436736 4.1023033942849505
0.34297097577120783 3.4836966031249976
0.34297097577120783 3.4836966031249976
0.34297097577120783 3.4836966031249976
0.34297097577120783 3.4836966031249976
0.34297097577120783 3.4836966031249976
0.34297097577120783 3.4836966031249976
0.34297097577120783 3.4836966031249976
0.34297097577120783 3.4836966031249976
0.34297097577120783 3.4836966031249976
0.34297097577120783 3.4836966031249976
0.34297097577120783 3.4836966031249976
0.34297097577120783 3.4836966031249976
0.34297097577120783 3.4836966031249976
0.34297097577120783 3.4836966031249976
0.34297097577120783 3.4836966031249976
0.18452159988121694 4.037321411430828
0.18452159988121694 4.037321411430828
0.18452159988121694 4.037321411430828
0.18452159988121694 4.037321411430828
0.18452159988121694 4.037321411430828
0.18452159988121694 4.037321411430828
0.34297097577120783 3.4836966031249976
0.34297097577120783 3.4836966031249976
0.34297097577120783 3.4836966031249976
0.34297097577120783 3.4836966031249976
0.34297097577120783 3.4836966031249976
0.34297097577120783 3.249411450836646
0.34297097577120783 3.249411450836646
0.34297097577120783 3.249411450836646
0.34297097577120783 3.249411450836646
0.34297097577120783 3.249411450836646
0.34297097577120783 3.249411450836646
0.34297097577120783 3.249411450836646
0.34297097577120783 3.249411450836646
0.34297097577120783 3.249411450836646
0.34297097577120783 3.249411450836646
0.34297097577120783 3.249411450836646
0.34297097577120783 3.249411450836646
0.34297097577120783 3.249411450836646
0.34297097577120783 3.249411450836646
0.34297097577120783 3.249411450836646
0.34297097577120783 3.249411450836646
0.34297097577120783 3.249411450836646
0.34297097577120783 3.249411450836646
0.34297097577120783 3.249411450836646
0.43553114584736086 3.091942906780272
0.43553114584736086 3.091942906780272
0.43553114584736086 3.091942906780272
0.43553114584736086 3.091942906780272
0.43553114584736086 3.091942906780272
0.43553114584736086 3.091942906780272
0.43553114584736086 3.091942906780272
0.43553114584736086 3.091942906780272
0.43553114584736086 3.091942906780272
0.43553114584736086 3.091942906780272
0.43553114584736086 3.091942906780272
0.43553114584736086 3.091942906780272
0.43553114584736086 3.091942906780272
0.43553114584736086 3.091942906780272
0.43553114584736086 3.091942906780272
0.43553114584736086 3.091942906780272
0.43553114584736086 3.091942906780272
0.43553114584736086 3.091942906780272
0.43553114584736086 3.091942906780272
0.43553114584736086 3.091942906780272
0.43553114584736086 3.091942906780272
0.43553114584736086 3.091942906780272
0.43553114584736086 3.091942906780272
0.43553114584736086 3.091942906780272
0.13892115024963125 4.069966420081076
0.13892115024963125 4.069966420081076
0.13892115024963125 4.069966420081076
0.13892115024963125 4.069966420081076
0.13892115024963125 4.069966420081076
0.13892115024963125 4.069966420081076
0.13892115024963125 4.069966420081076
0.43553114584736086 3.089689659987067
0.43553114584736086 3.089689659987067
0.43553114584736086 3.081295004508827
0.43553114584736086 3.0630243260995584
0.43553114584736086 3.1237045473454033
0.43553114584736086 3.073964062512298
0.43553114584736086 3.1256828031915584
0.43553114584736086 3.104554575501582
0.43553114584736086 3.091942906780272
0.43553114584736086 3.0916974607512957
0.43553114584736086 3.1237045473454033
0.4063112723463459 3.1002297154819933
0.4063112723463459 3.1002297154819933
0.4063112723463459 3.1002297154819933
0.4063112723463459 3.1002297154819933
0.4063112723463459 3.1002297154819933
0.4063112723463459 3.1002297154819933
0.4063112723463459 3.1002297154819933
0.4063112723463459 3.1002297154819933
0.4063112723463459 3.1002297154819933
0.4063112723463459 3.1002297154819933
0.4063112723463459 3.1002297154819933
0.4063112723463459 3.1002297154819933
0.4063112723463459 3.1002297154819933
0.4063112723463459 3.1002297154819933
0.4063112723463459 3.1002297154819933
0.4063112723463459 3.1002297154819933
0.4063112723463459 3.1002297154819933
0.4063112723463459 3.1002297154819933
0.4063112723463459 3.1002297154819933
0.4063112723463459 3.1002297154819933
0.4063112723463459 3.1002297154819933
0.4063112723463459 3.1002297154819933
0.4063112723463459 3.1002297154819933
0.4063112723463459 3.1002297154819933
0.4063112723463459 3.1002297154819933
0.4063112723463459 3.1002297154819933
0.4063112723463459 3.1002297154819933
0.4063112723463459 3.1002297154819933
0.4063112723463459 3.1002297154819933
0.4063112723463459 3.1002297154819933
0.4063112723463459 3.104866917557931
0.4063112723463459 3.104866917557931
0.4063112723463459 3.104866917557931
0.4063112723463459 3.104866917557931
0.4063112723463459 3.104866917557931
0.4063112723463459 3.1085459661145354
0.4063112723463459 3.096333697042931
0.4063112723463459 3.104866917557931
0.4063112723463459 3.104866917557931
0.4063112723463459 3.104686589766483
0.4063112723463459 3.106706402005371
0.4063112723463459 3.092872171879152
0.4063112723463459 3.092872171879152
0.4063112723463459 3.048068225644488
0.4063112723463459 3.048068225644488
0.4063112723463459 3.115474235241123
0.4063112723463459 3.0975592162789427
0.4063112723463459 3.0975592162789427
0.4063112723463459 3.0632139159830394
0.4063112723463459 3.094381961472901
0.4063112723463459 3.094381961472901
0.4063112723463459 3.1038812008116508
0.4063112723463459 3.094116705420739
0.4063112723463459 3.0971616140527494
0.4063112723463459 3.096955862070746
0.4063112723463459 3.067864131223071
0.4063112723463459 3.121591095829122
0.4063112723463459 3.067930484842325
0.4063112723463459 3.1020265679589785
0.4063112723463459 3.0907341453775308
0.4063112723463459 3.1027486565820763
0.4063112723463459 3.1027486565820763
0.4063112723463459 3.106706402005371
0.4063112723463459 3.119262963287509
0.4063112723463459 3.0969631940956193
0.4063112723463459 3.1037975877318997
0.4063112723463459 3.110124495699856
0.4063112723463459 3.110124495699856
0.4063112723463459 3.0466377767103334
0.4063112723463459 3.0466377767103334
0.4063112723463459 3.153558033784661
0.4063112723463459 3.059472436005656
0.4063112723463459 3.1008492508372067
0.4063112723463459 3.0899949635947594
0.4063112723463459 3.044931281475104
0.4063112723463459 3.123268874167708
0.4063112723463459 3.0738299671352154
0.4063112723463459 3.1487801531183357
0.4063112723463459 3.1487801531183357
0.4063112723463459 3.1487801531183357
0.4063112723463459 3.1487801531183357
0.4063112723463459 3.097634161566773
0.4063112723463459 3.053708791234915
0.4063112723463459 3.1275642013406744
0.4063112723463459 3.1339461963891537
0.4063112723463459 3.096919262885625
0.4063112723463459 3.081104971761842
0.4063112723463459 3.081104971761842
0.4063112723463459 3.0418205191651286
0.4063112723463459 3.060096460411772
0.4063112723463459 3.1294479712081107
0.4063112723463459 3.1193151982988354
0.4063112723463459 3.121968366739256
0.4063112723463459 3.074556725704207
0.4063112723463459 3.103645400536052
0.4063112723463459 3.103645400536052
0.4063112723463459 3.060519691820028
0.4063112723463459 3.060519691820028
0.3171677053009532 3.525540008991209
0.3171677053009532 3.525540008991209
0.19584284970652877 3.3614145983689574
0.19584284970652877 3.3447429622767
0.19584284970652877 3.3447429622767
0.19584284970652877 3.3447429622767
0.19584284970652877 3.3342674142651454
0.19584284970652877 3.3342674142651454
0.19584284970652877 3.2608678652881293
0.19584284970652877 3.2608678652881293
0.19584284970652877 3.2608678652881293
0.19584284970652877 3.2608678652881293
0.19584284970652877 3.2608678652881293
0.19584284970652877 3.2608678652881293
0.19584284970652877 3.2608678652881293
0.19584284970652877 3.2608678652881293
0.19584284970652877 3.2608678652881293
0.19584284970652877 3.2608678652881293
0.19584284970652877 3.2608678652881293
0.19584284970652877 3.2608678652881293
0.19584284970652877 3.2608678652881293
0.19584284970652877 3.2608678652881293
0.17777248247440447 3.294691394853276
0.17777248247440447 3.294691394853276
0.17777248247440447 3.294691394853276
0.17777248247440447 3.294691394853276
0.17777248247440447 3.294691394853276
0.17777248247440447 3.29347851736535
0.17777248247440447 3.29347851736535
0.17777248247440447 3.29347851736535
0.17777248247440447 3.2915185432090626
0.17777248247440447 3.294691394853276
0.17777248247440447 3.294691394853276
0.17777248247440447 3.294691394853276
0.17777248247440447 3.294691394853276
0.17777248247440447 3.294691394853276
0.17777248247440447 3.294691394853276
0.17777248247440447 3.294691394853276
0.17777248247440447 3.294691394853276
0.17777248247440447 3.294691394853276
0.17777248247440447 3.294691394853276
0.17777248247440447 3.294691394853276
0.17777248247440447 3.294691394853276
0.17777248247440447 3.294691394853276
0.17777248247440447 3.294691394853276
0.17777248247440447 3.294691394853276
0.17777248247440447 3.294691394853276
0.17777248247440447 3.294691394853276
0.17777248247440447 3.294691394853276
0.17777248247440447 3.294691394853276
0.17777248247440447 3.294691394853276
0.17777248247440447 3.294691394853276
0.17777248247440447 3.294691394853276
0.17777248247440447 3.294691394853276
0.17777248247440447 3.294691394853276
0.17777248247440447 3.29347851736535
0.17777248247440447 3.29347851736535
0.17777248247440447 3.2979460591601724
0.17777248247440447 3.2979460591601724
0.17777248247440447 3.2915185432090626
0.17777248247440447 3.2923537936276372
0.17777248247440447 3.296318706513079
0.17777248247440447 3.299161604259929
0.17777248247440447 3.299161604259929
0.17777248247440447 3.299161604259929
0.17777248247440447 3.294691394853276
0.17777248247440447 3.296318706513079
0.17777248247440447 3.287930812439411
0.17777248247440447 3.28499861661759
0.17777248247440447 3.2872281084315973
0.17777248247440447 3.2872281084315973
0.17777248247440447 3.2877011190770813
0.17777248247440447 3.2921246231112242
0.17777248247440447 3.2921246231112242
0.17777248247440447 3.3568219266957486
0.17777248247440447 3.3568219266957486
0.17777248247440447 3.294691394853276
0.17777248247440447 3.2927759244385344
0.17777248247440447 3.3006552523547406
0.17777248247440447 3.3006552523547406
0.17777248247440447 3.2903825658542134
0.17777248247440447 3.2903825658542134
0.17777248247440447 3.2903825658542134
0.17777248247440447 3.286631986402943
0.17777248247440447 3.312811551569302
0.17777248247440447 3.319289738309624
0.17777248247440447 3.335881203665503
0.17777248247440447 3.3121352437968348
0.17777248247440447 3.3115072019975176
0.17777248247440447 3.3115072019975176
0.17777248247440447 3.3172166242559844
0.17777248247440447 3.3118603651029774
0.17777248247440447 3.3118603651029774
0.17777248247440447 3.30236778843519
0.17777248247440447 3.302138861931503
0.17777248247440447 3.3221417520074144
0.17777248247440447 3.307523758163789
0.17777248247440447 3.3053889910044982
0.17777248247440447 3.3224890149833084
0.17777248247440447 3.313125578006724
0.17777248247440447 3.313125578006724
0.17777248247440447 3.474773930426555
0.17777248247440447 3.3008725324206014
0.17777248247440447 3.474773930426555
0.17777248247440447 3.2915772101770875
0.17777248247440447 3.2915772101770875
0.17777248247440447 3.311218385031535
0.17777248247440447 3.327364644192891
0.17777248247440447 3.327364644192891
0.17777248247440447 3.327364644192891
0.17777248247440447 3.327364644192891
0.13083107102983582 3.4759472795965487
0.13083107102983582 3.4759472795965487
0.13083107102983582 3.449914066931707
0.13083107102983582 3.449914066931707
0.13083107102983582 3.449914066931707
0.13083107102983582 3.449914066931707
0.13083107102983582 3.449914066931707
0.13083107102983582 3.4090256468354228
0.13083107102983582 3.4090256468354228
0.13083107102983582 3.4090256468354228
0.13083107102983582 3.4090256468354228
0.13083107102983582 3.4090256468354228
0.13083107102983582 3.4090256468354228
0.13083107102983582 3.4090256468354228
0.10625183505445608 3.406602392968995
0.1166088538246865 3.3176863287030396
0.1166088538246865 3.3176863287030396
0.1166088538246865 3.3176863287030396
0.1166088538246865 3.3176863287030396
0.11401959913212889 3.3597125978622566
0.11401959913212889 3.3597125978622566
0.11401959913212889 3.3597125978622566
0.11401959913212889 3.3597125978622566
0.10625183505445608 3.406602392968995
0.10625183505445608 3.406602392968995
0.10625183505445608 3.406602392968995
0.10625183505445608 3.406602392968995
0.10625183505445608 3.406602392968995
0.10236795301561968 3.4304292443774296
0.10236795301561968 3.4304292443774296
0.10236795301561968 3.4304292443774296
0.10236795301561968 3.4304292443774296
0.09945504148649238 3.453548565872216
0.09945504148649238 3.453548565872216
0.09654212995736508 3.476841212091054
0.09654212995736508 3.476841212091054
0.09484293156537414 3.4835069430662804
0.09484293156537414 3.4835069430662804
0.09460018893794686 3.5041605427209217
0.09265824791852866 3.5315856606568197
0.09023082164425589 3.5357321110608186
0.09023082164425589 3.5425867749538438
0.09023082164425589 3.566019567857992
0.08850128042383654 3.5909923282944867
0.08792476668369675 3.6075435438003094
0.08677173920341719 3.653783278479239
0.07764885611204453 3.684773102974891
0.07764885611204453 3.684773102974891
0.07764885611204453 3.684773102974891
0.07764885611204453 3.684773102974891
0.07764885611204453 3.684773102974891
0.0730874145663582 3.760751922731537
0.0730874145663582 3.760751922731537
0.06852597302067187 3.7663321073277243
0.06852597302067187 3.7663321073277243
0.06852597302067187 3.7735469511100286
0.05940308992929921 3.8363419112966994
0.05940308992929921 3.8363419112966994
0.05940308992929921 3.8363419112966994
0.05940308992929921 3.8363419112966994
0.05940308992929921 3.8363419112966994
0.05940308992929921 3.8363419112966994
0.05028020683792657 4.0437950464976025
0.05028020683792657 4.0437950464976025
0.05028020683792657 4.0437950464976025
0.028735728231136 4.225034018454828
0.028735728231136 4.225034018454828
0.028735728231136 4.225034018454828
0.028735728231136 4.225034018454828
0.028735728231136 4.225034018454828
0.05985457105363295 4.215297042728369
0.05985457105363295 4.215297042728369
0.052338874563901495 4.265425505448937
0.052338874563901495 4.265425505448937
0.013788674472435952 4.519565632676158
