0.3277847591361882 3.6191089656348128
0.23886855389028117 4.4446788352414766
0.8830581893317242 3.4655427855814844
0.8830581893317242 3.4655427855814844
0.23886855389028117 4.4446788352414766
0.8830581893317242 3.4655427855814844
0.8830581893317242 3.4630932100393315
0.8830581893317242 3.4630932100393315
0.8830581893317242 3.4630932100393315
0.8830581893317242 3.4630932100393315
0.8830581893317242 3.4630932100393315
0.8830581893317242 3.4630932100393315
0.8830581893317242 3.4630932100393315
0.8830581893317242 3.4403920990902757
0.8830581893317242 3.4403920990902757
0.8830581893317242 3.4403920990902757
0.8830581893317242 3.394303938814596
0.8830581893317242 3.394303938814596
0.8830581893317242 3.394303938814596
0.8830581893317242 3.394303938814596
0.8830581893317242 3.394303938814596
0.8830581893317242 3.382091984282715
0.8830581893317242 3.382091984282715
0.8830581893317242 3.382091984282715
0.8830581893317242 3.382091984282715
0.8830581893317242 3.382091984282715
0.8830581893317242 3.3318877861300273
0.8830581893317242 3.3318877861300273
0.8830581893317242 3.3318877861300273
0.8830581893317242 3.3318877861300273
0.8830581893317242 3.3279794931199467
0.8830581893317242 3.3279794931199467
0.8830581893317242 3.3279794931199467
0.8830581893317242 3.3279794931199467
0.8830581893317242 3.3279794931199467
0.8830581893317242 3.3279794931199467
0.8830581893317242 3.3279794931199467
0.8830581893317242 3.3279794931199467
0.8830581893317242 3.3279794931199467
0.8830581893317242 3.3279794931199467
0.8830581893317242 3.3279794931199467
0.8830581893317242 3.3279794931199467
0.8830581893317242 3.3279794931199467
0.8830581893317242 3.3279794931199467
0.8830581893317242 3.3239078409004463
0.8830581893317242 3.3239078409004463
0.3743572044407577 3.3284249190569386
0.3743572044407577 3.3101055206872663
0.3743572044407577 3.3101055206872663
0.9678055452997057 3.2451452779025223
0.9678055452997057 3.2451452779025223
0.9678055452997057 3.2451452779025223
0.9678055452997057 3.2451452779025223
0.9678055452997057 3.2451452779025223
0.3743572044407577 3.3101055206872663
0.3743572044407577 3.3101055206872663
0.3743572044407577 3.3101055206872663
0.3743572044407577 3.3101055206872663
0.3743572044407577 3.3101055206872663
0.3743572044407577 3.3101055206872663
0.3743572044407577 3.3101055206872663
0.3743572044407577 3.3101055206872663
0.3743572044407577 3.3101055206872663
0.3743572044407577 3.3101055206872663
0.3743572044407577 3.3101055206872663
0.3743572044407577 3.3101055206872663
0.3743572044407577 3.3101055206872663
0.3743572044407577 3.3101055206872663
0.3743572044407577 3.3101055206872663
0.3743572044407577 3.3101055206872663
0.3743572044407577 3.3101055206872663
0.3743572044407577 3.3101055206872663
0.3743572044407577 3.3101055206872663
0.2935362568975064 2.9094771756179396
0.2935362568975064 2.907303350281019
0.2935362568975064 2.9059844458115336
0.3852424051078206 2.748444471255095
0.3852424051078206 2.748444471255095
0.3852424051078206 2.748444471255095
0.3852424051078206 2.748444471255095
0.3852424051078206 2.748444471255095
0.3852424051078206 2.748444471255095
0.3852424051078206 2.748444471255095
0.3852424051078206 2.748444471255095
0.3679319739061331 2.6760652366649826
0.3679319739061331 2.6760652366649826
0.3679319739061331 2.6760652366649826
0.3679319739061331 2.6760652366649826
0.3679319739061331 2.6760652366649826
0.3679319739061331 2.6760652366649826
0.3679319739061331 2.620174360266665
0.3679319739061331 2.620174360266665
0.3679319739061331 2.620174360266665
0.3679319739061331 2.620174360266665
0.3679319739061331 2.620174360266665
0.34639053794430663 2.588245860008029
0.34639053794430663 2.588245860008029
0.34639053794430663 2.588245860008029
0.34639053794430663 2.588245860008029
0.34639053794430663 2.588245860008029
0.34639053794430663 2.588245860008029
0.34639053794430663 2.556634645357286
0.34639053794430663 2.556634645357286
0.34639053794430663 2.556634645357286
0.34639053794430663 2.556634645357286
0.34639053794430663 2.556634645357286
0.34639053794430663 2.556634645357286
0.34639053794430663 2.556634645357286
0.34639053794430663 2.556634645357286
0.34639053794430663 2.556634645357286
0.34639053794430663 2.556634645357286
0.34639053794430663 2.556634645357286
0.34639053794430663 2.556634645357286
0.34639053794430663 2.5067193802756953
0.34639053794430663 2.5067193802756953
0.34639053794430663 2.5067193802756953
0.34639053794430663 2.5067193802756953
0.34639053794430663 2.5067193802756953
0.34639053794430663 2.5067193802756953
0.34639053794430663 2.5067193802756953
0.34639053794430663 2.5067193802756953
0.34639053794430663 2.5067193802756953
0.34639053794430663 2.5067193802756953
0.34639053794430663 2.5067193802756953
0.34639053794430663 2.5067193802756953
0.34639053794430663 2.5067193802756953
0.34639053794430663 2.5067193802756953
0.34639053794430663 2.5067193802756953
0.34639053794430663 2.5067193802756953
0.34639053794430663 2.531386288195166
0.34639053794430663 2.5067193802756953
0.34639053794430663 2.5067193802756953
0.34639053794430663 2.5067193802756953
0.34639053794430663 2.5067193802756953
0.34639053794430663 2.5067193802756953
0.34639053794430663 2.5067193802756953
0.34639053794430663 2.5067193802756953
0.34639053794430663 2.5067193802756953
0.34639053794430663 2.531386288195166
0.34639053794430663 2.5067193802756953
0.34639053794430663 2.5067193802756953
0.34639053794430663 2.5067193802756953
0.34639053794430663 2.5067193802756953
0.34639053794430663 2.504595331338389
0.34639053794430663 2.50460317218785
0.34639053794430663 2.50460317218785
0.34639053794430663 2.501262901324915
0.34639053794430663 2.501262901324915
0.34639053794430663 2.5067193802756953
0.34639053794430663 2.5067193802756953
0.34639053794430663 2.505657338997968
0.34639053794430663 2.5067193802756953
0.34639053794430663 2.5067193802756953
0.34639053794430663 2.5067193802756953
0.34639053794430663 2.5067193802756953
0.34639053794430663 2.5130215015795336
0.34639053794430663 2.5130215015795336
0.34639053794430663 2.5098702932940817
0.34639053794430663 2.449330838724297
0.34639053794430663 2.5047888894247663
0.34639053794430663 2.4575406556986836
0.34639053794430663 2.4575406556986836
0.34639053794430663 2.5098209628996915
0.34639053794430663 2.4575406556986836
0.34639053794430663 2.4575406556986836
0.34639053794430663 2.4575406556986836
0.34639053794430663 2.4575406556986836
0.34639053794430663 2.4575406556986836
0.34639053794430663 2.501262901324915
0.34639053794430663 2.501262901324915
0.34639053794430663 2.501262901324915
0.34639053794430663 2.501262901324915
0.34639053794430663 2.501262901324915
0.34639053794430663 2.501262901324915
0.34639053794430663 2.4575406556986836
0.34639053794430663 2.501262901324915
0.34639053794430663 2.5222046108745944
0.34639053794430663 2.4575406556986836
0.34639053794430663 2.489977793035844
0.34639053794430663 2.449330838724297
0.34639053794430663 2.5335185488684218
0.34639053794430663 2.460013285101904
0.34639053794430663 2.534911770051841
0.34639053794430663 2.534911770051841
0.34639053794430663 2.506613035612665
0.34639053794430663 2.4870519589823536
0.34639053794430663 2.556682563712908
0.34639053794430663 2.515928892100719
0.34639053794430663 2.5595396552137477
0.34639053794430663 2.4440306995432906
0.34639053794430663 2.4851862672570944
0.34639053794430663 2.4851862672570944
0.34639053794430663 2.402428809153763
0.34639053794430663 2.449330838724297
0.34639053794430663 2.501998433738739
0.34639053794430663 2.520604612052844
0.34639053794430663 2.515928892100719
0.34639053794430663 2.523452690640688
0.34639053794430663 2.4634572616044
0.34639053794430663 2.4634572616044
0.34639053794430663 2.4634572616044
0.34639053794430663 2.402428809153763
0.34639053794430663 2.402428809153763
0.34639053794430663 2.4394966733399763
0.34639053794430663 2.485048481213138
0.34639053794430663 2.5010711246070243
0.34639053794430663 2.489025767257238
0.34639053794430663 2.492996468842856
0.34639053794430663 2.4572318770806167
0.34639053794430663 2.4572318770806167
0.34639053794430663 2.4572318770806167
0.34639053794430663 2.4572318770806167
0.34639053794430663 2.4572318770806167
0.34639053794430663 2.5439992888910443
0.34639053794430663 2.5439992888910443
0.34639053794430663 2.4902052057850375
0.34639053794430663 2.4394966733399763
0.34639053794430663 2.402428809153763
0.34639053794430663 2.402428809153763
0.34639053794430663 2.402428809153763
0.34639053794430663 2.5436042730049766
0.34639053794430663 2.5436042730049766
0.34317616278000174 3.3664744525064716
0.34317616278000174 3.3664744525064716
0.34317616278000174 3.3664744525064716
0.34317616278000174 3.3664744525064716
0.34317616278000174 3.3664744525064716
0.34317616278000174 3.3664744525064716
0.34317616278000174 3.3664744525064716
0.34317616278000174 3.3664744525064716
0.34317616278000174 3.3664744525064716
0.34317616278000174 3.3664744525064716
0.34317616278000174 3.3664744525064716
0.34317616278000174 3.3664744525064716
0.34317616278000174 3.3664744525064716
0.34317616278000174 3.3664744525064716
0.2359298341085777 2.662094648514763
0.2359298341085777 2.662094648514763
0.2359298341085777 2.6527075922461303
0.2359298341085777 2.6527075922461303
0.2359298341085777 2.6527075922461303
0.2359298341085777 2.652000038854071
0.2359298341085777 2.652000038854071
0.2359298341085777 2.6527075922461303
0.2359298341085777 2.6527075922461303
0.2359298341085777 2.6527075922461303
0.2359298341085777 2.662094648514763
0.2359298341085777 2.662094648514763
0.2359298341085777 2.662094648514763
0.2359298341085777 2.662094648514763
0.2359298341085777 2.662094648514763
0.2359298341085777 2.662094648514763
0.2359298341085777 2.662094648514763
0.2359298341085777 2.662094648514763
0.26721619094106464 3.38840084213922
0.26721619094106464 3.38840084213922
0.26721619094106464 3.38840084213922
0.26721619094106464 3.38840084213922
0.26721619094106464 3.38840084213922
0.26721619094106464 3.38840084213922
0.26721619094106464 3.38840084213922
0.2547352422471968 3.3989977763393684
0.2547352422471968 3.3989977763393684
0.2547352422471968 3.3989977763393684
0.2547352422471968 3.3989977763393684
0.2547352422471968 3.3989977763393684
0.2547352422471968 3.3989977763393684
0.2547352422471968 3.3989977763393684
0.2547352422471968 3.3989977763393684
0.2547352422471968 3.3989977763393684
0.2547352422471968 3.3989977763393684
0.2547352422471968 3.3989977763393684
0.2547352422471968 3.3989977763393684
0.2547352422471968 3.4379696649777474
0.2547352422471968 3.4379696649777474
0.2547352422471968 3.4379696649777474
0.2547352422471968 3.4379696649777474
0.2547352422471968 3.4379696649777474
0.2547352422471968 3.4379696649777474
0.2547352422471968 3.4379696649777474
0.2547352422471968 3.4681247272116726
0.2547352422471968 3.4681247272116726
0.2547352422471968 3.4681247272116726
0.2547352422471968 3.4681247272116726
0.2547352422471968 3.4681247272116726
0.2547352422471968 3.4681247272116726
0.2547352422471968 3.4681247272116726
0.2547352422471968 3.4681247272116726
0.2547352422471968 3.4681247272116726
0.2547352422471968 3.4379696649777474
0.2547352422471968 3.3989977763393684
0.2547352422471968 3.3989977763393684
0.2547352422471968 3.3989977763393684
0.2547352422471968 3.3989977763393684
0.2547352422471968 3.4486255841171363
0.2547352422471968 3.4486255841171363
0.2547352422471968 3.3666625459916975
0.2547352422471968 3.4308998422456294
0.2547352422471968 3.426546906684574
0.2547352422471968 3.4915443490730995
0.2547352422471968 3.4647509855631413
0.2547352422471968 3.36887991585972
0.2547352422471968 3.36887991585972
0.2547352422471968 3.36887991585972
0.2547352422471968 3.36887991585972
0.2547352422471968 3.36887991585972
0.2547352422471968 3.430015557928228
0.2547352422471968 3.430015557928228
0.2547352422471968 3.426344783205838
0.2547352422471968 3.426344783205838
0.2547352422471968 3.4626966617238377
0.2547352422471968 3.4301793256055895
0.2547352422471968 3.4301793256055895
0.2547352422471968 3.3613342433873523
0.2547352422471968 3.429573420761132
0.2547352422471968 3.434910523115712
0.2547352422471968 3.435566589836749
0.2547352422471968 3.435566589836749
0.2547352422471968 3.386226849074899
0.2547352422471968 3.3686590797687224
0.2547352422471968 3.557409030649332
0.2547352422471968 3.5865765993103538
0.2547352422471968 3.4860239332113103
0.2547352422471968 3.399603363863575
0.2547352422471968 3.4246516088935923
0.2547352422471968 3.4246516088935923
0.2547352422471968 3.4215388798794812
0.32109685690704604 3.561278073671834
0.32109685690704604 3.561278073671834
0.32109685690704604 3.561278073671834
0.2527789206705103 3.5435803977048725
0.2527789206705103 3.5435803977048725
0.2527789206705103 3.5435803977048725
0.2527789206705103 3.5346754800903875
0.2527789206705103 3.5346754800903875
0.2527789206705103 3.5338857707432307
0.2527789206705103 3.5338857707432307
0.2527789206705103 3.5338857707432307
0.1633360091902789 3.5293621800471606
0.1633360091902789 3.5293621800471606
0.1633360091902789 3.5293621800471606
0.1633360091902789 3.5293621800471606
0.1633360091902789 3.5293621800471606
0.1633360091902789 3.5293621800471606
0.1633360091902789 3.5293621800471606
0.1633360091902789 3.5293621800471606
0.1633360091902789 3.5293621800471606
0.1633360091902789 3.5293621800471606
0.1633360091902789 3.5293621800471606
0.1633360091902789 3.5293621800471606
0.1633360091902789 3.641132047407955
0.14673150962944914 3.6571940237889273
0.14673150962944914 3.6571940237889273
0.14673150962944914 3.6571940237889273
0.14673150962944914 3.6571940237889273
0.14673150962944914 3.6571940237889273
0.14673150962944914 3.6571940237889273
0.14673150962944914 3.6571940237889273
0.14673150962944914 3.6571940237889273
0.14673150962944914 3.6571940237889273
0.14673150962944914 3.6571940237889273
0.14673150962944914 3.6571940237889273
0.1411966764425059 3.7005866859557455
0.1411966764425059 3.7005866859557455
0.1411966764425059 3.7005866859557455
0.1411966764425059 3.7005866859557455
0.13842925984903426 3.7224400420823947
0.13842925984903426 3.7224400420823947
0.13842925984903426 3.7224400420823947
0.13842925984903426 3.7224400420823947
0.13842925984903426 3.7224400420823947
0.13012701006861938 3.788660154691573
0.21440967848433284 3.61049518846365
0.21440967848433284 3.61049518846365
0.22040289236293145 3.5894297215222983
0.21919791290563856 3.5990452330355143
0.21440967848433284 3.61049518846365
0.21440967848433284 3.61049518846365
0.21440967848433284 3.61049518846365
0.20633527838280769 3.636423311014487
0.20633527838280769 3.636423311014487
0.20633527838280769 3.636423311014487
0.20483320964172141 3.6422114677315207
0.20177778177631348 3.644006315218368
0.198135705886192 3.647297788568527
0.198135705886192 3.647297788568527
0.19422367823051995 3.664367593300531
0.19422367823051995 3.664367593300531
0.19018647817975737 3.6777915188634696
0.1911644850936754 3.6855555352908023
0.18737762983309383 3.6884588856475253
0.18737762983309383 3.6884588856475253
0.18419326430115876 3.693185696879072
0.1792406435340234 3.708053861896866
0.1792406435340234 3.708053861896866
0.17722204350864212 3.7090778591637372
0.1746146938555896 3.7237885587804427
0.1746146938555896 3.7237885587804427
0.17174912618577515 3.7357945880314207
0.1542780473569222 3.7533084862982045
0.1542780473569222 3.7533084862982045
0.1542780473569222 3.7533084862982045
0.1542780473569222 3.7533084862982045
0.1542780473569222 3.7533084862982045
0.1542780473569222 3.7533084862982045
0.1542780473569222 3.7533084862982045
