0.0779210092157896 5.183982919891631
0.10541261384470957 4.434230409784796
0.10504994364821008 4.590593024735873
0.10504994364821008 4.590593024735873
0.10541261384470957 4.388731312960395
0.10504994364821008 4.590593024735873
0.10504994364821008 4.590593024735873
0.10504994364821008 4.590593024735873
0.10504994364821008 4.590593024735873
0.10504994364821008 4.586200193402565
0.10504994364821008 4.586200193402565
0.10504994364821008 4.586200193402565
0.10504994364821008 4.586200193402565
0.10504994364821008 4.586200193402565
0.10504994364821008 4.580102667553674
0.10504994364821008 4.580102667553674
0.10504994364821008 4.577292249220238
0.18367636098323564 4.037852215308555
0.18367636098323564 4.037852215308555
0.4352986504833154 3.3341139797315
0.4352986504833154 3.3341139797315
0.4352986504833154 3.3305860402726126
0.4352986504833154 3.3305860402726126
0.4352986504833154 3.3305860402726126
0.4352986504833154 3.3305860402726126
0.4352986504833154 3.3305860402726126
0.4352986504833154 3.3305860402726126
0.4352986504833154 3.3440619372994376
0.4352986504833154 3.3440619372994376
0.4352986504833154 3.3440619372994376
0.4352986504833154 3.3281806211146163
0.4352986504833154 3.3281806211146163
0.4352986504833154 3.3440619372994376
0.4352986504833154 3.3341139797315
0.4352986504833154 3.3281806211146163
0.4374848788119883 3.818250882250521
0.4374848788119883 3.818250882250521
0.4374848788119883 3.818250882250521
0.4374848788119883 3.818250882250521
0.4374848788119883 3.818250882250521
0.4374848788119883 3.818250882250521
0.4374848788119883 3.7996101829795745
0.4374848788119883 3.7996101829795745
0.4374848788119883 3.7996101829795745
0.4374848788119883 3.7996101829795745
0.4374848788119883 3.7996101829795745
0.3962205552366991 3.7631859975167603
0.3962205552366991 3.7631859975167603
0.3962205552366991 3.759050625088928
0.3962205552366991 3.751847419541661
0.3962205552366991 3.751847419541661
0.3962205552366991 3.7581180383993966
0.3962205552366991 3.7581180383993966
0.3239203934980964 3.7717123653559272
0.1312406523734566 3.1102618403000353
0.1312406523734566 3.1102618403000353
0.1312406523734566 3.0764337677893456
0.1312406523734566 3.0764337677893456
0.15044465266032891 2.999530687791361
0.15044465266032891 2.999530687791361
0.15044465266032891 2.999530687791361
0.15044465266032891 2.999530687791361
0.15044465266032891 2.999530687791361
0.15044465266032891 2.9877223821169214
0.15044465266032891 2.9877223821169214
0.15044465266032891 2.9877223821169214
0.15044465266032891 2.9877223821169214
0.15044465266032891 2.958366209306715
0.15044465266032891 2.958366209306715
0.15044465266032891 2.958366209306715
0.15044465266032891 2.958366209306715
0.17665207416898765 2.895947926548449
0.17665207416898765 2.895947926548449
0.17665207416898765 2.895947926548449
0.17665207416898765 2.895947926548449
0.17665207416898765 2.895947926548449
0.17665207416898765 2.895947926548449
0.17665207416898765 2.895947926548449
0.17665207416898765 2.895947926548449
0.17665207416898765 2.895947926548449
0.17665207416898765 2.895947926548449
0.17665207416898765 2.895947926548449
0.17665207416898765 2.895947926548449
0.17665207416898765 2.895947926548449
0.17665207416898765 2.895947926548449
0.17665207416898765 2.895947926548449
0.17665207416898765 2.895947926548449
0.17665207416898765 2.8790669209103252
0.17665207416898765 2.8790669209103252
0.17665207416898765 2.8790669209103252
0.17665207416898765 2.8790669209103252
0.17665207416898765 2.8790669209103252
0.17665207416898765 2.8790669209103252
0.17665207416898765 2.8790669209103252
0.17665207416898765 2.8574733216420616
0.17665207416898765 2.8574733216420616
0.17665207416898765 2.8574733216420616
0.17665207416898765 2.8574733216420616
0.17665207416898765 2.8574733216420616
0.17665207416898765 2.8280883627258384
0.17665207416898765 2.8280883627258384
0.17665207416898765 2.8280883627258384
0.17665207416898765 2.8280883627258384
0.17665207416898765 2.8280883627258384
0.17665207416898765 2.8280883627258384
0.17665207416898765 2.8280883627258384
0.17665207416898765 2.8280883627258384
0.17665207416898765 2.8280883627258384
0.17665207416898765 2.8280883627258384
0.17665207416898765 2.8280883627258384
0.17665207416898765 2.8280883627258384
0.17665207416898765 2.8280883627258384
0.17665207416898765 2.8280883627258384
0.17665207416898765 2.8280883627258384
0.17665207416898765 2.8280883627258384
0.17665207416898765 2.8280883627258384
0.17665207416898765 2.8280883627258384
0.17665207416898765 2.8280883627258384
0.17665207416898765 2.8280883627258384
0.17665207416898765 2.8280883627258384
0.17665207416898765 2.8280883627258384
0.17665207416898765 2.8280883627258384
0.17665207416898765 2.8280883627258384
0.17665207416898765 2.8280883627258384
0.17665207416898765 2.8280883627258384
0.17665207416898765 2.8280883627258384
0.17665207416898765 2.8280883627258384
0.17665207416898765 2.8280883627258384
0.17665207416898765 2.8280883627258384
0.17665207416898765 2.8280883627258384
0.17665207416898765 2.8297710634118713
0.17665207416898765 2.8250510351740634
0.17665207416898765 2.8280883627258384
0.17665207416898765 2.8335334589781622
0.17665207416898765 2.8335334589781622
0.17665207416898765 2.8335334589781622
0.17665207416898765 2.8335334589781622
0.17665207416898765 2.837464813355531
0.17665207416898765 2.837464813355531
0.17665207416898765 2.827191947611583
0.17665207416898765 2.827640153239293
0.17665207416898765 2.8332246311338714
0.17665207416898765 2.825366028009272
0.17665207416898765 2.825366028009272
0.17665207416898765 2.83112561647439
0.17665207416898765 2.83112561647439
0.17665207416898765 2.840609438416287
0.17665207416898765 2.840609438416287
0.17665207416898765 2.840609438416287
0.17665207416898765 2.830517012090882
0.17665207416898765 2.837464813355531
0.17665207416898765 2.825366028009272
0.17665207416898765 2.7701559918565
0.17665207416898765 2.8394854096062976
0.17665207416898765 2.8394854096062976
0.17665207416898765 2.8243708542819426
0.17665207416898765 2.8095632924023453
0.17665207416898765 2.805601093923353
0.17665207416898765 2.8204420730272752
0.17665207416898765 2.8219910996615707
0.17665207416898765 2.829050903658744
0.17665207416898765 2.82959539501837
0.17665207416898765 2.8386436061445335
0.17665207416898765 2.8460907193224054
0.17665207416898765 2.8460907193224054
0.17665207416898765 2.853378705323003
0.17665207416898765 2.853378705323003
0.17665207416898765 2.832566237929886
0.17665207416898765 2.7935744485599643
0.17665207416898765 2.8513764134669994
0.17665207416898765 2.8106655053917295
0.17665207416898765 2.7701559918565
0.17665207416898765 2.7701559918565
0.17665207416898765 2.817182120525313
0.17665207416898765 2.817182120525313
0.17665207416898765 2.817182120525313
0.17665207416898765 2.804126631886196
0.17665207416898765 2.804126631886196
0.17665207416898765 2.8106655053917295
0.17665207416898765 2.847164382097537
0.17665207416898765 2.8384738002416983
0.17665207416898765 2.8133158300010557
0.17665207416898765 2.829463056360061
0.17665207416898765 2.829463056360061
0.17665207416898765 2.82558567511724
0.17665207416898765 2.8425378077040437
0.17665207416898765 2.841994555356539
0.17665207416898765 2.8444385505166148
0.17665207416898765 2.817906947596004
0.17665207416898765 2.8487869397223897
0.17665207416898765 2.859431894717596
0.17665207416898765 2.859431894717596
0.17665207416898765 2.859431894717596
0.17665207416898765 2.825806987457047
0.17665207416898765 2.8400256355668847
0.17665207416898765 2.8400256355668847
0.17665207416898765 2.8264859669636913
0.17665207416898765 2.8264859669636913
0.17665207416898765 2.863041985643825
0.17665207416898765 2.8074859454354644
0.17665207416898765 2.8074859454354644
0.17665207416898765 2.855466385718011
0.17665207416898765 2.855466385718011
0.17665207416898765 2.820867517418062
0.17665207416898765 2.8106366310892543
0.17665207416898765 2.8660803044281646
0.17665207416898765 2.8660803044281646
0.17665207416898765 2.874504486635042
0.17665207416898765 2.7985486704605833
0.17665207416898765 2.7985486704605833
0.17665207416898765 2.7985486704605833
0.17665207416898765 2.815594459263023
0.17665207416898765 2.8115542034596785
0.17665207416898765 2.8774500084290193
0.17665207416898765 2.7901688450288673
0.17665207416898765 2.816791687323606
0.17665207416898765 2.8159549502712893
0.17665207416898765 2.8065207009912116
0.17665207416898765 2.8065207009912116
0.17665207416898765 2.8065207009912116
0.17665207416898765 2.7964608797273867
0.17665207416898765 2.7964608797273867
0.17665207416898765 2.7959170755234357
0.17665207416898765 2.886140984571116
0.17665207416898765 2.9021789728720595
0.17665207416898765 2.8623183193288506
0.17665207416898765 2.833348170820864
0.17665207416898765 2.761438844962184
0.17665207416898765 2.761438844962184
0.17665207416898765 2.862341766280337
0.17665207416898765 2.7990405637086577
0.17665207416898765 2.8077824828615574
0.17665207416898765 2.8077824828615574
0.17665207416898765 2.886866864479029
0.17665207416898765 2.8170957863462847
0.17665207416898765 2.8926883695205796
0.17665207416898765 2.804316904652375
0.17665207416898765 2.840377169684576
0.17665207416898765 2.840377169684576
0.17665207416898765 2.8872111904728697
0.17665207416898765 2.807535802755827
0.17665207416898765 2.807535802755827
0.17665207416898765 2.807535802755827
0.17665207416898765 2.807535802755827
0.17665207416898765 2.807535802755827
0.17665207416898765 2.813074157756482
0.17665207416898765 2.813074157756482
0.17665207416898765 2.7728328327162917
0.17665207416898765 2.8433680817030855
0.17665207416898765 2.7677786518466116
0.17665207416898765 2.8849675839734776
0.17665207416898765 2.8837640527286936
0.17665207416898765 2.8837640527286936
0.17665207416898765 2.8837640527286936
0.17665207416898765 2.8030806787920994
0.17665207416898765 2.8030806787920994
0.17665207416898765 2.7625294741843343
0.17665207416898765 2.7625294741843343
0.17665207416898765 2.7822599310907288
0.17665207416898765 2.7822599310907288
0.17665207416898765 2.8871761508154625
0.17665207416898765 2.880991074332624
0.17665207416898765 2.880991074332624
0.17665207416898765 2.880181199999501
0.17665207416898765 2.8955952499872066
0.17665207416898765 2.8955952499872066
0.17665207416898765 2.8955952499872066
0.17665207416898765 2.676880467778474
0.17665207416898765 2.676880467778474
0.17665207416898765 2.676880467778474
0.17665207416898765 2.86004584664097
0.17665207416898765 2.817642854330375
0.17665207416898765 2.852167963517751
0.17665207416898765 2.852167963517751
0.17665207416898765 2.852167963517751
0.17665207416898765 2.8599954016466462
0.17665207416898765 2.8599954016466462
0.17665207416898765 2.788585741849887
0.17665207416898765 2.9055652053649372
0.17665207416898765 2.7867481683323345
0.17665207416898765 2.901568925239756
0.17665207416898765 2.9594309873084717
0.17665207416898765 2.676880467778474
0.17665207416898765 2.676880467778474
0.17665207416898765 2.8205814362691948
0.17665207416898765 2.7238775665239094
0.17665207416898765 2.7238775665239094
0.17665207416898765 2.831727891037222
0.17665207416898765 2.831727891037222
0.17665207416898765 2.9923066786023247
0.17665207416898765 2.9883615564783423
0.17665207416898765 2.7622229342380367
0.17665207416898765 2.9568389023083514
0.17665207416898765 2.9568389023083514
0.17665207416898765 2.7804283779361123
0.17665207416898765 2.7804283779361123
0.17665207416898765 2.7122608906069408
0.17665207416898765 2.7950860549931202
0.17665207416898765 2.7752493290957143
0.17665207416898765 2.7752493290957143
0.17665207416898765 2.7752493290957143
0.17665207416898765 2.7752493290957143
0.17665207416898765 2.7752493290957143
0.17665207416898765 2.8573863866011044
0.17665207416898765 2.6740794565157233
0.17665207416898765 2.86153627829172
0.17665207416898765 2.865560273410109
0.17665207416898765 2.8948754149142952
0.17665207416898765 2.985258762488883
0.17665207416898765 2.985258762488883
0.17665207416898765 2.7659830237811183
0.17665207416898765 2.838173270991634
0.17665207416898765 2.838173270991634
0.17665207416898765 2.843345114304889
0.17665207416898765 2.693237652038893
0.17665207416898765 3.062483601912603
0.17665207416898765 2.9857986468580937
0.17665207416898765 2.9857986468580937
0.17665207416898765 3.021718630862851
0.17665207416898765 2.7144149412294603
0.17665207416898765 3.1629449985057767
0.17665207416898765 3.1629449985057767
0.17665207416898765 3.1700783155089463
0.17665207416898765 2.85979528776704
0.17665207416898765 2.8162009252049858
0.17665207416898765 2.8162009252049858
0.17665207416898765 2.878841602726331
0.17665207416898765 3.038566856578255
0.17665207416898765 2.7525191229735904
0.17665207416898765 2.7525191229735904
0.17665207416898765 3.2708122056979736
0.17665207416898765 3.2708122056979736
0.17665207416898765 3.008136354598194
0.17665207416898765 2.8638638032115087
0.17665207416898765 2.8638638032115087
0.17665207416898765 3.0322021328462903
0.17665207416898765 2.9641303334775104
0.17665207416898765 2.9225063908168725
0.17665207416898765 2.907401332078699
0.17665207416898765 2.907401332078699
0.17665207416898765 2.907401332078699
0.17665207416898765 3.010067740093568
0.16219298079402455 3.238008877550426
0.16219298079402455 3.238008877550426
0.16219298079402455 3.238008877550426
0.16219298079402455 3.238008877550426
0.16219298079402455 3.238008877550426
0.12231437613477253 3.3972551762374206
0.12231437613477253 3.3972551762374206
0.12432889191985942 3.3745817079688143
0.12432889191985942 3.3745817079688143
0.12432889191985942 3.3745817079688143
0.1316448752199318 3.317755106112816
0.1316448752199318 3.317755106112816
0.1316448752199318 3.317755106112816
0.1316448752199318 3.317755106112816
0.1316448752199318 3.317755106112816
0.12622418225794457 3.352930390499531
0.12622418225794457 3.352930390499531
0.12622418225794457 3.352930390499531
0.12622418225794457 3.352930390499531
0.12432889191985942 3.3745817079688143
0.12432889191985942 3.3745817079688143
0.12231437613477253 3.3972551762374206
0.12231437613477253 3.3972551762374206
0.11878897351087046 3.425520970679157
0.11878897351087046 3.425520970679157
0.11828534456459874 3.4428372451150406
0.11828534456459874 3.4428372451150406
0.11828534456459874 3.4428372451150406
0.11425631299442496 3.508078332659313
0.11425631299442496 3.508078332659313
0.09119190243901193 3.514531111601287
0.09119190243901193 3.514531111601287
0.09119190243901193 3.514531111601287
0.09119190243901193 3.514531111601287
0.09119190243901193 3.5036584967122204
0.09119190243901193 3.5036584967122204
0.09119190243901193 3.5036584967122204
0.09119190243901193 3.5036584967122204
0.09119190243901193 3.5036584967122204
0.09119190243901193 3.5036584967122204
0.09119190243901193 3.514531111601287
0.09119190243901193 3.514531111601287
0.09119190243901193 3.514531111601287
0.09119190243901193 3.514531111601287
0.09119190243901193 3.514531111601287
0.09119190243901193 3.514531111601287
0.09119190243901193 3.514531111601287
0.09119190243901193 3.514531111601287
0.09119190243901193 3.514531111601287
0.02322849654091355 4.3010960269320035
0.02322849654091355 4.3010960269320035
0.02322849654091355 4.3010960269320035
0.02322849654091355 4.3010960269320035
0.02322849654091355 4.3010960269320035
0.02322849654091355 4.3010960269320035
0.02322849654091355 4.3010960269320035
0.02322849654091355 4.3010960269320035
0.02322849654091355 4.3010960269320035
0.02322849654091355 4.3010960269320035
0.02322849654091355 4.3010960269320035
0.02322849654091355 4.3010960269320035
0.02322849654091355 4.3010960269320035
0.043702553931467936 4.500545626269177
0.043702553931467936 4.500545626269177
