0.31934360797958683 4.120229975264903
0.9799193688141459 3.102291749869064
0.9799193688141459 3.102291749869064
0.9799193688141459 3.102291749869064
0.31934360797958683 4.113902516575314
0.31934360797958683 4.113902516575314
0.31934360797958683 4.113902516575314
0.31934360797958683 4.113902516575314
0.31934360797958683 4.10781418873515
0.31934360797958683 4.1067280726502355
0.8702114711126209 3.0754933283158103
0.8702114711126209 3.0754933283158103
0.8702114711126209 3.072482739284747
0.31934360797958683 4.076315450774669
0.8702114711126209 3.072482739284747
0.8702114711126209 3.072482739284747
0.8702114711126209 3.002214266276158
0.8702114711126209 3.002214266276158
0.8702114711126209 2.99283628160056
0.8702114711126209 2.99283628160056
0.8702114711126209 2.99283628160056
0.8702114711126209 2.99283628160056
0.8702114711126209 2.99283628160056
0.8702114711126209 2.99283628160056
0.8702114711126209 2.99283628160056
0.8702114711126209 2.99283628160056
0.8702114711126209 2.99283628160056
0.8702114711126209 2.99283628160056
0.7175204823295375 3.472363291349894
0.7175204823295375 3.472363291349894
0.7175204823295375 3.472363291349894
0.7175204823295375 3.472363291349894
0.7175204823295375 3.472363291349894
0.7175204823295375 3.472363291349894
0.7175204823295375 3.472363291349894
0.7175204823295375 3.472363291349894
0.7175204823295375 3.472363291349894
0.7175204823295375 3.472363291349894
0.7175204823295375 3.472363291349894
0.7175204823295375 3.4472122440457538
0.7175204823295375 3.4472122440457538
0.7175204823295375 3.472363291349894
0.7175204823295375 3.472363291349894
0.7175204823295375 3.472363291349894
0.7175204823295375 3.472363291349894
0.7175204823295375 3.472363291349894
0.7175204823295375 3.472363291349894
0.7175204823295375 3.472363291349894
0.7175204823295375 3.472363291349894
0.7175204823295375 3.472363291349894
0.7175204823295375 3.472363291349894
0.7175204823295375 3.472363291349894
0.7175204823295375 3.472363291349894
0.5674656146773853 3.426080691607528
0.5674656146773853 3.426080691607528
0.5674656146773853 3.426080691607528
0.5674656146773853 3.426080691607528
0.5674656146773853 3.426080691607528
0.5674656146773853 3.426080691607528
0.5674656146773853 3.405278032585766
0.5674656146773853 3.405278032585766
0.5674656146773853 3.405278032585766
0.5674656146773853 3.405278032585766
0.5674656146773853 3.3803495917577497
0.5674656146773853 3.3803495917577497
0.5674656146773853 3.3803495917577497
0.5674656146773853 3.3803495917577497
0.6794995985663819 3.3150542860389067
0.6794995985663819 3.3150542860389067
0.6794995985663819 3.3150542860389067
0.6794995985663819 3.3150542860389067
0.6794995985663819 3.3150542860389067
0.6794995985663819 3.3150542860389067
0.6794995985663819 3.3150542860389067
0.6794995985663819 3.3150542860389067
0.6794995985663819 3.3150542860389067
0.6794995985663819 3.3150542860389067
0.6794995985663819 3.3150542860389067
0.6794995985663819 3.3150542860389067
0.6794995985663819 3.3150542860389067
0.6794995985663819 3.3150542860389067
0.646738110799842 3.2888979819502397
0.646738110799842 3.2888979819502397
0.646738110799842 3.2888979819502397
0.646738110799842 3.2888979819502397
0.646738110799842 3.2888979819502397
0.646738110799842 3.2888979819502397
0.646738110799842 3.2888979819502397
0.646738110799842 3.2888979819502397
0.646738110799842 3.2888979819502397
0.646738110799842 3.2888979819502397
0.5869702295031078 3.284998186731076
0.5869702295031078 3.284998186731076
0.5869702295031078 3.2677920128612032
0.5869702295031078 3.2677920128612032
0.5869702295031078 3.2677920128612032
0.5869702295031078 3.2677920128612032
0.5869702295031078 3.2677920128612032
0.5869702295031078 3.2677920128612032
0.5869702295031078 3.2677920128612032
0.5869702295031078 3.2677920128612032
0.5869702295031078 3.2677920128612032
0.5869702295031078 3.2677920128612032
0.5869702295031078 3.2677920128612032
0.5869702295031078 3.2677920128612032
0.5869702295031078 3.284998186731076
0.5869702295031078 3.284998186731076
0.5869702295031078 3.284998186731076
0.5869702295031078 3.284998186731076
0.5869702295031078 3.284998186731076
0.5869702295031078 3.2677920128612032
0.5869702295031078 3.284998186731076
0.5869702295031078 3.284998186731076
0.5869702295031078 3.284998186731076
0.6619742291008928 3.174795236078514
0.6619742291008928 3.174795236078514
0.6244722293020003 3.2504342268142854
0.6244722293020003 3.2504342268142854
0.6244722293020003 3.2504342268142854
0.6244722293020003 3.2504342268142854
0.6244722293020003 3.2504342268142854
0.6244722293020003 3.2504342268142854
0.5869702295031078 3.278819914696253
0.5869702295031078 3.278819914696253
0.5869702295031078 3.278819914696253
0.5869702295031078 3.2677920128612032
0.5869702295031078 3.2677920128612032
0.5869702295031078 3.228323562325737
0.5869702295031078 3.228323562325737
0.5869702295031078 3.278819914696253
0.5869702295031078 3.278819914696253
0.5869702295031078 3.2689463678145274
0.5869702295031078 3.278819914696253
0.5869702295031078 3.269369961746564
0.5869702295031078 3.278819914696253
0.580921178343741 3.2862733116646203
0.580921178343741 3.2862733116646203
0.580921178343741 3.2862733116646203
0.580921178343741 3.2862733116646203
0.580921178343741 3.2862733116646203
0.580921178343741 3.2862733116646203
0.580921178343741 3.2862733116646203
0.580921178343741 3.2862733116646203
0.580921178343741 3.2862733116646203
0.580921178343741 3.2862733116646203
0.580921178343741 3.2862733116646203
0.580921178343741 3.2862733116646203
0.580921178343741 3.2862733116646203
0.580921178343741 3.2862733116646203
0.580921178343741 3.2862733116646203
0.580921178343741 3.2862733116646203
0.580921178343741 3.2862733116646203
0.580921178343741 3.2862733116646203
0.580921178343741 3.2862733116646203
0.580921178343741 3.2862733116646203
0.580921178343741 3.2862733116646203
0.580921178343741 3.2862733116646203
0.580921178343741 3.2862733116646203
0.580921178343741 3.2862733116646203
0.580921178343741 3.2862733116646203
0.6016092787083602 2.8258865000010935
0.580921178343741 3.2862733116646203
0.5601125399010383 3.3155490721828
0.5601125399010383 3.3155490721828
0.5601125399010383 3.3155490721828
0.5601125399010383 3.3155490721828
0.5601125399010383 3.3155490721828
0.5601125399010383 3.3155490721828
0.5601125399010383 3.3155490721828
0.5601125399010383 3.3155490721828
0.5601125399010383 3.3155490721828
0.5601125399010383 3.3155490721828
0.5601125399010383 3.3155490721828
0.5601125399010383 3.3155490721828
0.37700356470190166 3.2574991337315997
0.37700356470190166 3.2574991337315997
0.37700356470190166 3.2574991337315997
0.37700356470190166 3.2574991337315997
0.37700356470190166 3.2475304157024434
0.37700356470190166 3.2475304157024434
0.37700356470190166 3.2475304157024434
0.37700356470190166 3.2475304157024434
0.37700356470190166 3.2475304157024434
0.37700356470190166 3.2475304157024434
0.37700356470190166 3.2574991337315997
0.37700356470190166 3.2574991337315997
0.37700356470190166 3.2574991337315997
0.37700356470190166 3.2574991337315997
0.37700356470190166 3.2574991337315997
0.37700356470190166 3.2574991337315997
0.37700356470190166 3.2574991337315997
0.37700356470190166 3.2574991337315997
0.37700356470190166 3.2574991337315997
0.37700356470190166 3.2574991337315997
0.37700356470190166 3.2574991337315997
0.37700356470190166 3.2574991337315997
0.37700356470190166 3.2574991337315997
0.37700356470190166 3.2574991337315997
0.37700356470190166 3.2574991337315997
0.37700356470190166 3.2574991337315997
0.37700356470190166 3.2574991337315997
0.37700356470190166 3.2574991337315997
0.37700356470190166 3.2574991337315997
0.37700356470190166 3.2574991337315997
0.37700356470190166 3.2574991337315997
0.37700356470190166 3.2817351018322665
0.37700356470190166 3.2574991337315997
0.37700356470190166 3.2475304157024434
0.37700356470190166 3.2574991337315997
0.37700356470190166 3.2574991337315997
0.37700356470190166 3.248469647469693
0.37700356470190166 3.2565743110197687
0.37700356470190166 3.255559793927391
0.37700356470190166 3.2574991337315997
0.37700356470190166 3.283304410923078
0.37700356470190166 3.2453858587637527
0.37700356470190166 3.296937891357767
0.37700356470190166 3.2560686692643483
0.37700356470190166 3.2560686692643483
0.37700356470190166 3.2560686692643483
0.37700356470190166 3.2405719405867317
0.37700356470190166 3.2405719405867317
0.37700356470190166 3.241514172656543
0.37700356470190166 3.291929342107219
0.37700356470190166 3.2818940153194434
0.37700356470190166 3.2695932064491346
0.37700356470190166 3.270308639958018
0.37700356470190166 3.264865938362784
0.37700356470190166 3.264865938362784
0.37700356470190166 3.234528280708575
0.37700356470190166 3.2527122767934977
0.37700356470190166 3.288368754670991
0.37700356470190166 3.307235648565553
0.37700356470190166 3.276569494205838
0.37700356470190166 3.2820587541966844
0.37700356470190166 3.2288092564934607
0.37700356470190166 3.25367525277667
0.37700356470190166 3.3861788305255662
0.37700356470190166 3.3861788305255662
0.37700356470190166 3.254077782059929
0.37700356470190166 3.391575537913137
0.37700356470190166 3.391575537913137
0.37700356470190166 3.2569309460935463
0.37700356470190166 3.2742516647772293
0.37700356470190166 3.242157886881889
0.37700356470190166 3.2436146878693677
0.37700356470190166 3.2436146878693677
0.37700356470190166 3.3985521296498065
0.37700356470190166 3.204030166711002
0.37700356470190166 3.2469998203778925
0.37700356470190166 3.4253759705484748
0.37700356470190166 3.3217395910157648
0.37700356470190166 3.3217395910157648
0.37700356470190166 3.302224870089972
0.37598514210521594 2.958461010933219
0.37598514210521594 2.958461010933219
0.37598514210521594 2.958461010933219
0.37598514210521594 2.958461010933219
0.37598514210521594 2.958461010933219
0.37598514210521594 2.958461010933219
0.37598514210521594 2.958461010933219
0.37598514210521594 2.958461010933219
0.37598514210521594 2.958461010933219
0.37598514210521594 2.958461010933219
0.37598514210521594 2.958461010933219
0.37598514210521594 2.958461010933219
0.37598514210521594 2.958461010933219
0.37598514210521594 2.958461010933219
0.37598514210521594 2.958461010933219
0.37598514210521594 2.958461010933219
0.37598514210521594 2.958461010933219
0.37598514210521594 2.958461010933219
0.37598514210521594 2.958461010933219
0.37598514210521594 2.958461010933219
0.37598514210521594 2.958461010933219
0.37598514210521594 2.958461010933219
0.37598514210521594 2.958461010933219
0.37598514210521594 2.958461010933219
0.37598514210521594 2.958461010933219
0.37598514210521594 2.958461010933219
0.37598514210521594 2.958461010933219
0.37598514210521594 2.958461010933219
0.37598514210521594 2.958461010933219
0.37598514210521594 2.958461010933219
0.37598514210521594 2.945405608169154
0.37598514210521594 2.9581408851825
0.37598514210521594 2.958461010933219
0.37598514210521594 2.9880922407735793
0.37598514210521594 2.965226228353414
0.37598514210521594 2.9660806411802327
0.37598514210521594 2.943695082430156
0.37598514210521594 2.965568526065793
0.37598514210521594 2.9931448982313147
0.37598514210521594 2.9931448982313147
0.37598514210521594 2.9817365906194846
0.37598514210521594 2.9817365906194846
0.37598514210521594 2.9411300627813692
0.37598514210521594 2.972244510482588
0.37598514210521594 2.972244510482588
0.37598514210521594 2.9179526078780875
0.37598514210521594 2.996077136593753
0.37598514210521594 2.993305096764054
0.37598514210521594 2.993305096764054
0.37598514210521594 2.981896745067206
0.37598514210521594 2.972324569204144
0.37598514210521594 2.9654084351006578
0.37598514210521594 2.961255121873564
0.37598514210521594 3.004951053258184
0.37598514210521594 2.942021690609796
0.35407759412055284 3.000876191217745
0.35407759412055284 3.000876191217745
0.35407759412055284 3.000876191217745
0.35407759412055284 3.000876191217745
0.35407759412055284 3.000876191217745
0.35407759412055284 3.000876191217745
0.35407759412055284 3.000876191217745
0.35407759412055284 3.000876191217745
0.35407759412055284 3.000876191217745
0.35407759412055284 3.000876191217745
0.35407759412055284 3.000876191217745
0.35407759412055284 3.000876191217745
0.35407759412055284 3.000876191217745
0.35407759412055284 3.000876191217745
0.35407759412055284 3.000876191217745
0.35407759412055284 3.000876191217745
0.35407759412055284 3.000876191217745
0.35407759412055284 3.000876191217745
0.24128386660540463 3.9291234815399867
0.35407759412055284 3.000876191217745
0.35407759412055284 3.000876191217745
0.35407759412055284 3.000876191217745
0.35407759412055284 3.000876191217745
0.35407759412055284 3.000876191217745
0.35407759412055284 3.000876191217745
0.35407759412055284 3.000876191217745
0.35407759412055284 3.000876191217745
0.35407759412055284 3.000876191217745
0.35407759412055284 3.000876191217745
0.35407759412055284 3.000876191217745
0.35407759412055284 2.999747083086796
0.26271951956306444 3.0531101762245605
0.26271951956306444 3.0531101762245605
0.26271951956306444 3.0531101762245605
0.26271951956306444 3.0531101762245605
0.26271951956306444 3.0531101762245605
0.26271951956306444 3.0531101762245605
0.26271951956306444 3.0531101762245605
0.26271951956306444 3.0531101762245605
0.26271951956306444 3.0531101762245605
0.26271951956306444 3.0531101762245605
0.26271951956306444 3.0531101762245605
0.26271951956306444 3.0531101762245605
0.26271951956306444 3.0531101762245605
0.26271951956306444 3.0531101762245605
0.26271951956306444 3.0531101762245605
0.26271951956306444 3.0531101762245605
0.26271951956306444 3.0531101762245605
0.26271951956306444 3.0531101762245605
0.26271951956306444 3.0531101762245605
0.26271951956306444 3.0531101762245605
0.26271951956306444 3.0531101762245605
0.26271951956306444 3.0531101762245605
0.26271951956306444 3.0531101762245605
0.26271951956306444 3.0531101762245605
0.1359395485040991 3.864748644597762
0.1359395485040991 3.848623114621769
0.1359395485040991 3.848623114621769
0.08276636714651764 4.393964576318525
0.08276636714651764 4.393964576318525
0.08276636714651764 4.393964576318525
0.08276636714651764 4.393964576318525
0.08276636714651764 4.393964576318525
0.08276636714651764 4.393964576318525
0.08276636714651764 4.393964576318525
0.08276636714651764 4.393964576318525
0.08276636714651764 4.393964576318525
0.08276636714651764 4.393964576318525
0.08276636714651764 4.393964576318525
0.08276636714651764 4.393964576318525
0.08276636714651764 4.393964576318525
0.08276636714651764 4.393964576318525
0.08276636714651764 4.393964576318525
0.08276636714651764 4.393964576318525
0.08276636714651764 4.393964576318525
0.08276636714651764 4.418362783762605
0.06862550390753497 4.473042955684019
0.06171908723364966 4.503609361566809
0.06171908723364966 4.503609361566809
0.06171908723364966 4.503609361566809
0.06171908723364966 4.503609361566809
0.06171908723364966 4.503609361566809
0.05119544727721567 4.534868196841324
0.05119544727721567 4.534868196841324
0.05119544727721567 4.534868196841324
0.04067180732078168 4.553121245583857
0.04067180732078168 4.553121245583857
0.04067180732078168 4.553121245583857
0.03360137570129035 4.6717811327040675
0.03360137570129035 4.6717811327040675
0.024845343649729193 4.683124771900829
0.024845343649729193 4.683124771900829
0.009018879978676703 4.8618146907765984
0.009018879978676703 4.8618146907765984
0.009018879978676703 4.8618146907765984
0.009018879978676703 4.8618146907765984
0.01182821645764534 5.01534396063946
