0.6393436408340503 4.465175693016544
0.5928209631429036 3.1030669486079865
0.8053287062868066 3.237331520001117
0.6393436408340503 4.465175693016544
0.6393436408340503 4.444261262166176
0.6393436408340503 4.444261262166176
0.6351230610750052 4.126815833541228
0.6351230610750052 4.126815833541228
0.5928209631429036 3.0807170629666647
0.5928209631429036 3.0807170629666647
0.5928209631429036 3.0807170629666647
0.5928209631429036 3.0807170629666647
0.5928209631429036 3.0807170629666647
0.5928209631429036 3.06263565535931
0.5928209631429036 3.048292460406263
0.5928209631429036 3.048292460406263
0.5928209631429036 3.035282295211376
0.5928209631429036 3.0276534979093386
0.5928209631429036 3.0276534979093386
0.5928209631429036 3.0276534979093386
0.5928209631429036 3.0091060552225706
0.5928209631429036 2.9780477713814326
0.5928209631429036 2.9780477713814326
0.5928209631429036 2.9780477713814326
0.5928209631429036 2.9780477713814326
0.5928209631429036 2.969724266497599
0.5928209631429036 2.9394095455531564
0.5928209631429036 2.9394095455531564
0.5928209631429036 2.9394095455531564
0.5928209631429036 2.9394095455531564
0.5928209631429036 2.9394095455531564
0.5928209631429036 2.9394095455531564
0.5928209631429036 2.9394095455531564
0.5928209631429036 2.9394095455531564
0.5928209631429036 2.9394095455531564
0.7222930588159496 2.754306704788238
0.7222930588159496 2.754306704788238
0.7222930588159496 2.754306704788238
0.7222930588159496 2.754306704788238
0.7222930588159496 2.754306704788238
0.7222930588159496 2.754306704788238
0.7222930588159496 2.754306704788238
0.7222930588159496 2.754306704788238
0.7222930588159496 2.754306704788238
0.7222930588159496 2.754306704788238
0.7222930588159496 2.754306704788238
0.7222930588159496 2.754306704788238
0.7222930588159496 2.754306704788238
0.7222930588159496 2.754306704788238
0.7222930588159496 2.754306704788238
0.7222930588159496 2.754306704788238
0.7222930588159496 2.754306704788238
0.7222930588159496 2.754306704788238
0.6530102276515735 2.740524938351466
0.6530102276515735 2.740524938351466
0.6530102276515735 2.740524938351466
0.6530102276515735 2.740524938351466
0.6530102276515735 2.740524938351466
0.6530102276515735 2.740524938351466
0.6530102276515735 2.740524938351466
0.6530102276515735 2.740524938351466
0.6530102276515735 2.740524938351466
0.6530102276515735 2.740524938351466
0.6530102276515735 2.740524938351466
0.6530102276515735 2.740524938351466
0.6530102276515735 2.740524938351466
0.6530102276515735 2.740524938351466
0.5837273964871972 2.731759835993952
0.6530102276515735 2.740524938351466
0.6530102276515735 2.695903232966331
0.6530102276515735 2.695903232966331
0.6530102276515735 2.695903232966331
0.6530102276515735 2.695903232966331
0.6530102276515735 2.695903232966331
0.6530102276515735 2.695903232966331
0.6530102276515735 2.695903232966331
0.6530102276515735 2.695903232966331
0.6530102276515735 2.695903232966331
0.6530102276515735 2.695903232966331
0.6530102276515735 2.695903232966331
0.6530102276515735 2.695903232966331
0.6530102276515735 2.695903232966331
0.6530102276515735 2.695903232966331
0.6530102276515735 2.7119327701306974
0.6530102276515735 2.7119327701306974
0.6530102276515735 2.7119327701306974
0.6530102276515735 2.7119327701306974
0.6530102276515735 2.7119327701306974
0.6530102276515735 2.7119327701306974
0.6530102276515735 2.7119327701306974
0.658132390201733 2.6917525349756737
0.6530102276515735 2.6878917088140595
0.6530102276515735 2.6878917088140595
0.6555713089266533 2.693825200876612
0.6555713089266533 2.693825200876612
0.6530102276515735 2.6675333945588977
0.6530102276515735 2.695903232966331
0.6530102276515735 2.695903232966331
0.6530102276515735 2.695903232966331
0.6530102276515735 2.6878917088140595
0.6530102276515735 2.70040889236625
0.6530102276515735 2.6878917088140595
0.6530102276515735 2.695903232966331
0.6530102276515735 2.6976723537065213
0.6530102276515735 2.7050939963540155
0.6530102276515735 2.7050939963540155
0.6530102276515735 2.6414111768099677
0.6530102276515735 2.6675333945588977
0.6530102276515735 2.6675333945588977
0.6530102276515735 2.6675333945588977
0.6530102276515735 2.6675333945588977
0.6530102276515735 2.6675333945588977
0.6530102276515735 2.6675333945588977
0.6530102276515735 2.6675333945588977
0.6530102276515735 2.6675333945588977
0.6530102276515735 2.6675333945588977
0.6530102276515735 2.6675333945588977
0.6530102276515735 2.6675333945588977
0.6530102276515735 2.6675333945588977
0.6447260655620153 2.694288550235512
0.6405839845172361 2.707379726702113
0.6405839845172361 2.707379726702113
0.6405839845172361 2.707379726702113
0.6405839845172361 2.707379726702113
0.6405839845172361 2.707379726702113
0.6405839845172361 2.707379726702113
0.636441903472457 2.703483103469587
0.636441903472457 2.703483103469587
0.636441903472457 2.703483103469587
0.636441903472457 2.703483103469587
0.636441903472457 2.703483103469587
0.636441903472457 2.703483103469587
0.636441903472457 2.703483103469587
0.636441903472457 2.703483103469587
0.636441903472457 2.703483103469587
0.636441903472457 2.7205021387716437
0.636441903472457 2.7205021387716437
0.636441903472457 2.7218390634835448
0.636441903472457 2.7218390634835448
0.636441903472457 2.703483103469587
0.636441903472457 2.703483103469587
0.636441903472457 2.703483103469587
0.636441903472457 2.703483103469587
0.636441903472457 2.703483103469587
0.636441903472457 2.703483103469587
0.636441903472457 2.703483103469587
0.636441903472457 2.703483103469587
0.636441903472457 2.703483103469587
0.636441903472457 2.703483103469587
0.636441903472457 2.703483103469587
0.636441903472457 2.703483103469587
0.636441903472457 2.703483103469587
0.636441903472457 2.703483103469587
0.636441903472457 2.703483103469587
0.636441903472457 2.703483103469587
0.636441903472457 2.703483103469587
0.636441903472457 2.703483103469587
0.636441903472457 2.7028683076719515
0.636441903472457 2.714680683300893
0.636441903472457 2.6902122922502723
0.636441903472457 2.7161900836004906
0.636441903472457 2.726103566434562
0.636441903472457 2.711323167826289
0.636441903472457 2.720029889269852
0.6319626963378003 2.689396971029363
0.6319626963378003 2.689396971029363
0.6319626963378003 2.689396971029363
0.6319626963378003 2.689396971029363
0.6319626963378003 2.689396971029363
0.6319626963378003 2.689396971029363
0.6319626963378003 2.689396971029363
0.629530867942051 2.6684743351949067
0.629530867942051 2.6684743351949067
0.629530867942051 2.6684743351949067
0.629530867942051 2.6684743351949067
0.629530867942051 2.6684743351949067
0.629530867942051 2.6684743351949067
0.629530867942051 2.6684743351949067
0.629530867942051 2.6684743351949067
0.629530867942051 2.6684743351949067
0.629530867942051 2.6684743351949067
0.629530867942051 2.6684743351949067
0.4616535811427282 2.885183757262322
0.43883740885861194 2.9283463524956397
0.43883740885861194 2.9283463524956397
0.43883740885861194 2.9283463524956397
0.43883740885861194 2.9283463524956397
0.43883740885861194 2.9283463524956397
0.43883740885861194 2.9283463524956397
0.43883740885861194 2.9283463524956397
0.43883740885861194 2.9283463524956397
0.43883740885861194 2.9283463524956397
0.43883740885861194 2.9283463524956397
0.43883740885861194 2.9283463524956397
0.38864928802014 2.6798070381307277
0.38864928802014 2.6798070381307277
0.38864928802014 2.6798070381307277
0.38864928802014 2.6798070381307277
0.38864928802014 2.6798070381307277
0.38864928802014 2.6798070381307277
0.38864928802014 2.6798070381307277
0.38864928802014 2.6798070381307277
0.38864928802014 2.6798070381307277
0.38864928802014 2.6798070381307277
0.38864928802014 2.6798070381307277
0.38864928802014 2.6798070381307277
0.3284537865558731 2.748448289662903
0.3284537865558731 2.748448289662903
0.3284537865558731 2.748448289662903
0.3284537865558731 2.748448289662903
0.3284537865558731 2.748448289662903
0.3284537865558731 2.748448289662903
0.3284537865558731 2.748448289662903
0.3284537865558731 2.748448289662903
0.3284537865558731 2.748448289662903
0.3284537865558731 2.748448289662903
0.3284537865558731 2.748448289662903
0.3284537865558731 2.748448289662903
0.3284537865558731 2.748448289662903
0.3284537865558731 2.748448289662903
0.3284537865558731 2.748448289662903
0.3284537865558731 2.748448289662903
0.3284537865558731 2.748448289662903
0.3284537865558731 2.748448289662903
0.3284537865558731 2.748448289662903
0.3284537865558731 2.748448289662903
0.3284537865558731 2.748448289662903
0.3284537865558731 2.748448289662903
0.3284537865558731 2.748448289662903
0.3284537865558731 2.748448289662903
0.3284537865558731 2.748448289662903
0.3284537865558731 2.748448289662903
0.3284537865558731 2.748448289662903
0.3284537865558731 2.748448289662903
0.3284537865558731 2.748448289662903
0.3284537865558731 2.748448289662903
0.3284537865558731 2.745991485482327
0.3284537865558731 2.7558174226119245
0.3284537865558731 2.7558174226119245
0.3284537865558731 2.748448289662903
0.3284537865558731 2.748448289662903
0.3284537865558731 2.7566813553735545
0.3284537865558731 2.742713722184264
0.3284537865558731 2.748448289662903
0.3284537865558731 2.7489736648995042
0.3284537865558731 2.758233921942074
0.3284537865558731 2.758233921942074
0.3455621167282594 3.283854935471934
0.3455621167282594 3.2843976512719504
0.3455621167282594 3.2843976512719504
0.3455621167282594 3.2843976512719504
0.3455621167282594 3.2843976512719504
0.3455621167282594 3.2843976512719504
0.3455621167282594 3.2843976512719504
0.3307867214125543 3.3129956145139063
0.3307867214125543 3.3129956145139063
0.3307867214125543 3.3129956145139063
0.3169347883040807 3.2929828124168328
0.3169347883040807 3.2929828124168328
0.3169347883040807 3.2929828124168328
0.3169347883040807 3.2929828124168328
0.3169347883040807 3.2929828124168328
0.3169347883040807 3.2929828124168328
0.3169347883040807 3.2929828124168328
0.3169347883040807 3.2929828124168328
0.3169347883040807 3.2929828124168328
0.3169347883040807 3.2929828124168328
0.3169347883040807 3.2929828124168328
0.302330689527025 3.3347323092195755
0.302330689527025 3.3347323092195755
0.302330689527025 3.3347323092195755
0.302330689527025 3.3347323092195755
0.302330689527025 3.3347323092195755
0.302330689527025 3.3347323092195755
0.302330689527025 3.3347323092195755
0.29648905001620274 3.3436704964383606
0.29648905001620274 3.3436704964383606
0.29648905001620274 3.3436704964383606
0.29648905001620274 3.3436704964383606
0.2304223120059048 3.119375547934999
0.2935682302607916 3.360155425548432
0.2935682302607916 3.360155425548432
0.27741244598867365 3.3661758269261686
0.25523247097102036 3.3559448042143574
0.25523247097102036 3.3559448042143574
0.25523247097102036 3.3559448042143574
0.25523247097102036 3.338839869587327
0.25523247097102036 3.338839869587327
0.25523247097102036 3.308838462872299
0.25523247097102036 3.308838462872299
0.25523247097102036 3.308838462872299
0.25523247097102036 3.308838462872299
0.25523247097102036 3.338839869587327
0.25523247097102036 3.338839869587327
0.25523247097102036 3.338839869587327
0.25523247097102036 3.3559448042143574
0.25523247097102036 3.3559448042143574
0.25523247097102036 3.3559448042143574
0.25523247097102036 3.3559448042143574
0.25523247097102036 3.3559448042143574
0.25523247097102036 3.3901700676090885
0.25523247097102036 3.3901700676090885
0.25523247097102036 3.3901700676090885
0.25523247097102036 3.3901700676090885
0.25523247097102036 3.3901700676090885
0.25523247097102036 3.3901700676090885
0.25523247097102036 3.3901700676090885
0.25523247097102036 3.3901700676090885
0.25523247097102036 3.3900471752215773
0.25523247097102036 3.3900471752215773
0.25523247097102036 3.3559448042143574
0.25523247097102036 3.3559448042143574
0.25523247097102036 3.3559448042143574
0.25523247097102036 3.338839869587327
0.25523247097102036 3.338839869587327
0.25523247097102036 3.338839869587327
0.25523247097102036 3.421093179401251
0.25523247097102036 3.308838462872299
0.25523247097102036 3.293209745487236
0.25523247097102036 3.3655359593954057
0.25523247097102036 3.366597836714603
0.25523247097102036 3.318848270604904
0.25523247097102036 3.3556317872047323
0.25523247097102036 3.3407823820764078
0.25523247097102036 3.3554313441895527
0.25523247097102036 3.3554313441895527
0.25523247097102036 3.3713951035021745
0.25523247097102036 3.3564172803042585
0.25523247097102036 3.3930973955278296
0.25523247097102036 3.3930973955278296
0.25523247097102036 3.3444985344488254
0.25523247097102036 3.3444985344488254
0.25523247097102036 3.339258647144713
0.1799284049157044 3.7365053299981894
0.1799284049157044 3.7365053299981894
0.1799284049157044 3.7145136908525296
0.1799284049157044 3.7145136908525296
0.19380186395861088 3.6703297235225794
0.18686513443715763 3.666986329653596
0.18686513443715763 3.666986329653596
0.18686513443715763 3.666986329653596
0.18686513443715763 3.666986329653596
0.18686513443715763 3.666986329653596
0.18686513443715763 3.666986329653596
0.18686513443715763 3.666986329653596
0.18686513443715763 3.666986329653596
0.18686513443715763 3.666986329653596
0.18686513443715763 3.666986329653596
0.1851309520567943 3.6734180366320905
0.1799284049157044 3.68645486309076
0.1799284049157044 3.68645486309076
0.1799284049157044 3.68645486309076
0.1799284049157044 3.7145136908525296
0.1799284049157044 3.7365053299981894
0.1799284049157044 3.743739111234885
0.17646004015497777 3.7663973315597272
0.17646004015497777 3.7717960712633825
0.17646004015497777 3.7717960712633825
0.17646004015497777 3.7717960712633825
0.17646004015497777 3.7717960712633825
0.17472585777461444 3.858079131076101
0.17429231217952362 3.8589101267804007
0.17429231217952362 3.8589101267804007
0.11733589753099262 3.7242307515336237
0.11733589753099262 3.7242307515336237
0.11733589753099262 3.7242307515336237
0.11733589753099262 3.7242307515336237
0.11733589753099262 3.7242307515336237
0.11733589753099262 3.7242307515336237
0.11733589753099262 3.7242307515336237
0.11733589753099262 3.7242307515336237
0.11733589753099262 3.7242307515336237
0.11733589753099262 3.743872569479684
0.11733589753099262 3.743872569479684
0.09875579430581742 3.8232407045829686
0.06047091490205858 3.99810389356761
0.06700907375939864 3.752701734090797
0.06700907375939864 3.752701734090797
0.06700907375939864 3.752701734090797
0.06700907375939864 3.752701734090797
0.06700907375939864 3.752701734090797
0.06700907375939864 3.752701734090797
0.06700907375939864 3.752701734090797
0.06700907375939864 3.752701734090797
0.06700907375939864 3.752701734090797
0.06700907375939864 3.752701734090797
0.06700907375939864 3.752701734090797
0.06700907375939864 3.752701734090797
0.06047091490205858 3.9513173691725583
0.06047091490205858 3.9513173691725583
0.06047091490205858 3.9513173691725583
0.06047091490205858 3.9513173691725583
0.06047091490205858 3.9513173691725583
0.06047091490205858 3.9513173691725583
0.06047091490205858 3.9513173691725583
0.06047091490205858 3.9513173691725583
0.06047091490205858 3.9513173691725583
0.06047091490205858 3.9513173691725583
0.06047091490205858 3.9513173691725583
0.06047091490205858 3.9513173691725583
0.06047091490205858 3.9513173691725583
0.06047091490205858 4.014976874167561
0.06047091490205858 4.014976874167561
0.06047091490205858 4.014976874167561
0.029271507587371563 4.864128277369884
0.029271507587371563 4.864128277369884
