0.13721165046863915 4.938392499923994
0.457813760904073 4.572083649913074
0.13721165046863915 4.901802295238019
0.13721165046863915 4.891893057911572
0.457813760904073 4.556759389325043
0.13721165046863915 4.891893057911572
0.13721165046863915 4.891893057911572
0.457813760904073 4.556759389325043
0.31480801290035104 4.279461880313665
0.31480801290035104 4.279461880313665
0.31480801290035104 4.2637877684781795
0.31480801290035104 4.2637877684781795
0.31480801290035104 4.2637877684781795
0.31480801290035104 4.2637877684781795
0.31480801290035104 4.2637877684781795
0.31480801290035104 4.2637877684781795
0.31480801290035104 4.2637877684781795
0.31480801290035104 4.2557768961317475
0.31480801290035104 4.2557768961317475
0.31480801290035104 4.2557768961317475
0.31480801290035104 4.254680579789196
0.31480801290035104 4.254680579789196
0.31480801290035104 4.254680579789196
0.31480801290035104 4.254680579789196
0.31480801290035104 4.254680579789196
0.3800533938510289 4.151645294726416
0.3800533938510289 4.151645294726416
0.3800533938510289 4.151645294726416
0.3800533938510289 4.151645294726416
0.3800533938510289 4.151645294726416
0.3800533938510289 4.130365723208793
0.3800533938510289 4.130365723208793
0.3800533938510289 4.130365723208793
0.3800533938510289 4.130365723208793
0.3800533938510289 4.130365723208793
0.3800533938510289 4.130365723208793
0.3800533938510289 4.130365723208793
0.3800533938510289 4.130365723208793
0.3800533938510289 4.130365723208793
0.3800533938510289 4.108547710856174
0.3800533938510289 4.108547710856174
0.3800533938510289 4.108547710856174
0.3800533938510289 4.108547710856174
0.3800533938510289 4.108547710856174
0.3800533938510289 4.108547710856174
0.3800533938510289 4.108547710856174
0.3800533938510289 4.0316647586492875
0.3800533938510289 4.0316647586492875
0.3800533938510289 4.0316647586492875
0.3800533938510289 4.0316647586492875
0.3800533938510289 4.003663502137875
0.3800533938510289 4.003663502137875
0.3800533938510289 4.003663502137875
0.3800533938510289 4.003663502137875
0.3800533938510289 4.003663502137875
0.3800533938510289 4.003663502137875
0.3800533938510289 4.003663502137875
0.3800533938510289 4.003663502137875
0.3800533938510289 3.968258556014418
0.5370859729260017 3.619700116435458
0.5370859729260017 3.619700116435458
0.7506591576387254 3.30537842631795
0.7506591576387254 3.30537842631795
0.7506591576387254 3.30537842631795
0.7506591576387254 3.30537842631795
0.7506591576387254 3.30537842631795
0.7506591576387254 3.30537842631795
0.7506591576387254 3.30537842631795
0.7506591576387254 3.30537842631795
0.7506591576387254 3.30537842631795
0.7190208631597298 3.3585996291186184
0.703201715920232 3.385602120299897
0.6873825686807342 3.397836882603842
0.6873825686807342 3.397836882603842
0.6873825686807342 3.397836882603842
0.6873825686807342 3.397836882603842
0.6873825686807342 3.397836882603842
0.6873825686807342 3.397836882603842
0.6873825686807342 3.397836882603842
0.6240696092384623 3.407469765126804
0.6240696092384623 3.3794286065499857
0.45543128638571473 3.118845878146751
0.45543128638571473 3.118845878146751
0.45543128638571473 3.118845878146751
0.45543128638571473 3.118845878146751
0.45543128638571473 3.118845878146751
0.45543128638571473 3.118845878146751
0.45543128638571473 3.118845878146751
0.45543128638571473 3.118845878146751
0.45543128638571473 3.118845878146751
0.45543128638571473 3.118845878146751
0.45543128638571473 3.118845878146751
0.45543128638571473 3.118845878146751
0.45543128638571473 3.118845878146751
0.45543128638571473 3.118845878146751
0.45543128638571473 3.118845878146751
0.45543128638571473 3.118845878146751
0.45543128638571473 3.118845878146751
0.45543128638571473 3.118845878146751
0.45543128638571473 3.118845878146751
0.45543128638571473 3.118845878146751
0.45543128638571473 3.118845878146751
0.45543128638571473 3.118845878146751
0.45543128638571473 3.118845878146751
0.45543128638571473 3.118845878146751
0.45543128638571473 3.118845878146751
0.45543128638571473 3.118845878146751
0.45543128638571473 3.118845878146751
0.45543128638571473 3.118845878146751
0.45543128638571473 3.118845878146751
0.45543128638571473 3.118845878146751
0.45543128638571473 3.111508756123528
0.45543128638571473 3.111508756123528
0.45543128638571473 3.111508756123528
0.45543128638571473 3.111508756123528
0.45543128638571473 3.118845878146751
0.45543128638571473 3.118845878146751
0.45543128638571473 3.118845878146751
0.45543128638571473 3.118845878146751
0.45543128638571473 3.118845878146751
0.45543128638571473 3.1272882518421814
0.45543128638571473 3.1186005999837647
0.45543128638571473 3.1272882518421814
0.45543128638571473 3.1272882518421814
0.45543128638571473 3.1028680700005906
0.45543128638571473 3.1398134542466423
0.45543128638571473 3.1398134542466423
0.45543128638571473 3.108366111910263
0.45543128638571473 3.108366111910263
0.45543128638571473 3.0453113882554437
0.45543128638571473 3.0825129241315703
0.45543128638571473 3.11360565873314
0.45543128638571473 3.118845878146751
0.45543128638571473 3.1189594827213196
0.45543128638571473 3.1218920629531888
0.45543128638571473 3.0903305801067713
0.45543128638571473 3.0903305801067713
0.45543128638571473 3.0830773107671536
0.45543128638571473 3.0830773107671536
0.45543128638571473 3.0830773107671536
0.45543128638571473 3.0888481141939197
0.45543128638571473 3.0888481141939197
0.45543128638571473 3.0903305801067713
0.45543128638571473 3.093249864540352
0.45543128638571473 3.093249864540352
0.45543128638571473 3.093249864540352
0.45543128638571473 3.093249864540352
0.45543128638571473 3.093249864540352
0.45543128638571473 2.892840042556842
0.45543128638571473 2.892840042556842
0.45543128638571473 2.892840042556842
0.45543128638571473 2.892840042556842
0.45543128638571473 2.892840042556842
0.45543128638571473 2.892840042556842
0.45543128638571473 2.892840042556842
0.45543128638571473 2.892840042556842
0.45543128638571473 2.892840042556842
0.45543128638571473 2.892840042556842
0.45543128638571473 2.892840042556842
0.45543128638571473 2.892840042556842
0.45543128638571473 2.892840042556842
0.45543128638571473 2.892840042556842
0.45543128638571473 2.892840042556842
0.45543128638571473 2.892840042556842
0.45543128638571473 2.892840042556842
0.45543128638571473 2.892840042556842
0.45543128638571473 2.892840042556842
0.45543128638571473 2.892840042556842
0.45543128638571473 2.892840042556842
0.45543128638571473 2.892840042556842
0.45543128638571473 2.892840042556842
0.45543128638571473 2.892840042556842
0.45543128638571473 2.892840042556842
0.45543128638571473 2.892840042556842
0.3670378240273442 3.514963705983468
0.336982757520031 3.511537710703873
0.336982757520031 3.511537710703873
0.336982757520031 3.511537710703873
0.336982757520031 3.511537710703873
0.336982757520031 3.511537710703873
0.336982757520031 3.5089136217042736
0.336982757520031 3.5089136217042736
0.336982757520031 3.5042543303491067
0.336982757520031 3.5042543303491067
0.336982757520031 3.5042543303491067
0.336982757520031 3.5042543303491067
0.336982757520031 3.5089136217042736
0.336982757520031 3.511537710703873
0.336982757520031 3.511537710703873
0.336982757520031 3.511537710703873
0.336982757520031 3.511537710703873
0.336982757520031 3.511537710703873
0.336982757520031 3.511537710703873
0.336982757520031 3.511537710703873
0.336982757520031 3.5320535914417137
0.336982757520031 3.5320535914417137
0.336982757520031 3.5320535914417137
0.336982757520031 3.5320535914417137
0.336982757520031 3.5320535914417137
0.336982757520031 3.5320535914417137
0.336982757520031 3.5320535914417137
0.336982757520031 3.5320535914417137
0.336982757520031 3.5320535914417137
0.336982757520031 3.5320535914417137
0.336982757520031 3.511537710703873
0.336982757520031 3.52179468387042
0.336982757520031 3.5320535914417137
0.336982757520031 3.5320535914417137
0.336982757520031 3.5089136217042736
0.336982757520031 3.5089136217042736
0.336982757520031 3.5439101963615434
0.336982757520031 3.5042543303491067
0.336982757520031 3.5356970219505452
0.336982757520031 3.5440969042565804
0.336982757520031 3.5178543438469716
0.336982757520031 3.510225650307849
0.336982757520031 3.535229082462128
0.336982757520031 3.5384331961624325
0.336982757520031 3.5423144262800275
0.336982757520031 3.5423144262800275
0.336982757520031 3.526923896302612
0.336982757520031 3.526923896302612
0.336982757520031 3.5300381007683916
0.336982757520031 3.5240064648046556
0.336982757520031 3.567275029225697
0.336982757520031 3.52145210852902
0.336982757520031 3.5095811272646413
0.336982757520031 3.5287454100028492
0.336982757520031 3.5287454100028492
0.336982757520031 3.546426061977159
0.336982757520031 3.5139862456401305
0.336982757520031 3.5187322271829897
0.336982757520031 3.5321307874343035
0.336982757520031 3.5352579418768744
0.336982757520031 3.5214145346467625
0.336982757520031 3.5214145346467625
0.336982757520031 3.485491293884374
0.336982757520031 3.5071862973560965
0.336982757520031 3.5071862973560965
0.336982757520031 3.5415165586497435
0.336982757520031 3.5276506550646283
0.336982757520031 3.5498373049634036
0.336982757520031 3.5281586777658855
0.336982757520031 3.529960129011156
0.336982757520031 3.532979415238479
0.336982757520031 3.4922156519483116
0.336982757520031 3.4922156519483116
0.336982757520031 3.5591185003840202
0.336982757520031 3.5431726179258414
0.336982757520031 3.530324999098377
0.336982757520031 3.5247340820560518
0.336982757520031 3.561327906805645
0.336982757520031 3.5217078636521966
0.336982757520031 3.6073280421246645
0.336982757520031 3.5294019808174766
0.336982757520031 3.5294019808174766
0.336982757520031 3.5304380281840677
0.336982757520031 3.5304380281840677
0.336982757520031 3.543596593736937
0.336982757520031 3.5094756774008804
0.336982757520031 3.504777531592241
0.336982757520031 3.504777531592241
0.336982757520031 3.6336197394922563
0.336982757520031 3.51563301567354
0.336982757520031 3.520660326177832
0.336982757520031 3.520660326177832
0.336982757520031 3.4333434446165296
0.336982757520031 3.5296409274368763
0.336982757520031 3.5315947710676467
0.336982757520031 3.5300960509762693
0.336982757520031 3.5150410242123065
0.336982757520031 3.495866502721987
0.336982757520031 3.4754568668230323
0.2972752776567386 3.7078565642037384
0.2972752776567386 3.7078565642037384
0.2972752776567386 3.7078565642037384
0.2972752776567386 3.7078565642037384
0.2972752776567386 3.7078565642037384
0.2972752776567386 3.7078565642037384
0.2972752776567386 3.7078565642037384
0.2972752776567386 3.7078565642037384
0.2972752776567386 3.7078565642037384
0.2972752776567386 3.7078565642037384
0.12459460977510117 3.821464070633172
0.12459460977510117 3.821464070633172
0.12459460977510117 3.8209627926658714
0.12459460977510117 3.7893303473571094
0.12459460977510117 3.800024724987827
0.12459460977510117 3.800024724987827
0.12459460977510117 3.800024724987827
0.12459460977510117 3.800024724987827
0.12459460977510117 3.800024724987827
0.12459460977510117 3.7976031988119505
0.12459460977510117 3.7837829808704084
0.12459460977510117 3.7837829808704084
0.12459460977510117 3.7837829808704084
0.12459460977510117 3.758666874900089
0.12459460977510117 3.729626536112743
0.12459460977510117 3.729626536112743
0.12459460977510117 3.729626536112743
0.12459460977510117 3.729626536112743
0.12459460977510117 3.729626536112743
0.12459460977510117 3.70555405692085
0.12459460977510117 3.6680692189707393
0.12459460977510117 3.6680692189707393
0.12459460977510117 3.6680692189707393
0.12459460977510117 3.6680692189707393
0.12459460977510117 3.653909357556968
0.12459460977510117 3.653909357556968
0.12459460977510117 3.653909357556968
0.12459460977510117 3.6280983913431997
0.12459460977510117 3.6280983913431997
0.12459460977510117 3.6280983913431997
0.12459460977510117 3.6280983913431997
0.12459460977510117 3.6280983913431997
0.12459460977510117 3.6280983913431997
0.12459460977510117 3.6280983913431997
0.12459460977510117 3.6280983913431997
0.12459460977510117 3.6280983913431997
0.12459460977510117 3.653909357556968
0.12459460977510117 3.653909357556968
0.12459460977510117 3.6680692189707393
0.12459460977510117 3.6680692189707393
0.12459460977510117 3.6680692189707393
0.12459460977510117 3.6680692189707393
0.12459460977510117 3.6680692189707393
0.12459460977510117 3.70555405692085
0.12459460977510117 3.70555405692085
0.12459460977510117 3.70555405692085
0.12459460977510117 3.70555405692085
0.12459460977510117 3.70555405692085
0.12459460977510117 3.70555405692085
0.12459460977510117 3.6680692189707393
0.12459460977510117 3.6775438651559877
0.12459460977510117 3.6775438651559877
0.12459460977510117 3.7081601121260204
0.12459460977510117 3.6772245862672213
0.12459460977510117 3.700632581250369
0.12459460977510117 3.6280983913431997
0.12459460977510117 3.6280983913431997
0.12459460977510117 3.645416160264233
0.12459460977510117 3.7389139699416787
0.2317625152276732 3.8224801829988246
0.23271048359021462 3.5126475813064304
0.23271048359021462 3.5126475813064304
0.23271048359021462 3.5126475813064304
0.12459460977510117 3.650268188707152
0.2271215185023426 3.5700464084852888
0.12459460977510117 3.62803298422143
0.12459460977510117 3.625855591346709
0.12459460977510117 3.6086931874535924
0.12459460977510117 3.6086931874535924
0.12459460977510117 3.6086931874535924
0.12459460977510117 3.6086931874535924
0.12459460977510117 3.6086931874535924
0.12459460977510117 3.6086931874535924
0.12459460977510117 3.6086931874535924
0.12459460977510117 3.6086931874535924
0.12459460977510117 3.60011262292231
0.12459460977510117 3.60011262292231
0.12459460977510117 3.60011262292231
0.12459460977510117 3.60011262292231
0.12459460977510117 3.60011262292231
0.12459460977510117 3.60011262292231
0.12459460977510117 3.60011262292231
0.12459460977510117 3.60011262292231
0.12459460977510117 3.6086931874535924
0.12459460977510117 3.62803298422143
0.12459460977510117 3.640709408432835
0.12459460977510117 3.640709408432835
0.12459460977510117 3.7021377642786177
0.10981169426139448 3.7548375261663667
0.10981169426139448 3.7548375261663667
0.10981169426139448 3.7548375261663667
0.10981169426139448 3.7548375261663667
0.10981169426139448 3.7548375261663667
0.09502877874768778 3.814592212214691
0.09502877874768778 3.814592212214691
0.09502877874768778 3.814592212214691
0.09502877874768778 3.814592212214691
0.09502877874768778 3.814592212214691
0.08722895408336669 3.8520933327633267
0.08722895408336669 3.8520933327633267
0.08430146649534416 3.8709601235348083
0.08132548638279027 3.874650644252576
0.07655013435555441 3.8951879646567558
0.07655013435555441 3.8951879646567558
0.07357415424300053 3.910278553764157
0.0702867922720416 3.9333486521868286
0.06546294772027439 3.9476048828055865
0.06361508328106105 3.956474823058468
0.06104747007597492 3.967206621028458
0.06104747007597492 3.967206621028458
0.02442752432681304 4.396337954325722
0.02442752432681304 4.396337954325722
0.02442752432681304 4.396337954325722
0.02442752432681304 4.396337954325722
0.02442752432681304 4.396337954325722
0.02442752432681304 4.396337954325722
0.02442752432681304 4.396337954325722
0.02442752432681304 4.396337954325722
0.02442752432681304 4.396337954325722
0.003854829302136431 4.453310442107202
0.003854829302136431 4.453310442107202
0.003854829302136431 4.453310442107202
0.003854829302136431 4.453310442107202
