0.16548276056700184 4.621536330116914
0.16548276056700184 4.621536330116914
0.16548276056700184 4.621536330116914
0.16548276056700184 4.621536330116914
0.5606471919023979 3.397173141259516
0.5606471919023979 3.397173141259516
0.10868823885516044 4.509180638748132
0.5606471919023979 3.397173141259516
0.5606471919023979 3.397173141259516
0.10868823885516044 4.496788164789767
0.5606471919023979 3.367275822416381
0.5606471919023979 3.367275822416381
0.5606471919023979 3.367275822416381
0.5606471919023979 3.367275822416381
0.5606471919023979 3.367275822416381
0.5606471919023979 3.367275822416381
0.5606471919023979 3.367275822416381
0.5606471919023979 3.367275822416381
0.5606471919023979 3.367275822416381
0.5606471919023979 3.3625571667903777
0.5606471919023979 3.3625571667903777
0.5606471919023979 3.3625571667903777
0.5606471919023979 3.3625571667903777
0.5606471919023979 3.3263057252967
0.5606471919023979 3.3263057252967
0.5606471919023979 3.308840606617328
0.574004873895723 3.28905291312937
0.6916055332466705 3.123098004782242
0.6916055332466705 3.123098004782242
0.6916055332466705 3.123098004782242
0.6916055332466705 3.123098004782242
0.6916055332466705 3.123098004782242
0.6916055332466705 3.0949611294106454
0.6916055332466705 3.0949611294106454
0.6916055332466705 3.0949611294106454
0.8181824236891135 2.935920694122149
0.8181824236891135 2.935920694122149
0.8181824236891135 2.935920694122149
0.8181824236891135 2.935920694122149
0.8181824236891135 2.935920694122149
0.48414159689790004 3.6664534987519986
0.48414159689790004 3.6664534987519986
0.48414159689790004 3.6664534987519986
0.48414159689790004 3.6664534987519986
0.48414159689790004 3.6664534987519986
0.48414159689790004 3.6664534987519986
0.48414159689790004 3.6664534987519986
0.48414159689790004 3.664958755775279
0.48414159689790004 3.6664534987519986
0.48414159689790004 3.6664534987519986
0.48414159689790004 3.6664534987519986
0.48414159689790004 3.664958755775279
0.48414159689790004 3.664958755775279
0.48414159689790004 3.6664534987519986
0.48414159689790004 3.6664534987519986
0.48414159689790004 3.6664534987519986
0.48414159689790004 3.664958755775279
0.48414159689790004 3.664958755775279
0.48414159689790004 3.664958755775279
0.48414159689790004 3.664958755775279
0.48414159689790004 3.664958755775279
0.48414159689790004 3.6664534987519986
0.48414159689790004 3.6664534987519986
0.48414159689790004 3.664958755775279
0.48414159689790004 3.664958755775279
0.45093479340169085 3.7095461917865746
0.8347439607211855 2.654233507201546
0.8347439607211855 2.654233507201546
0.8347439607211855 2.654233507201546
0.8347439607211855 2.654233507201546
0.8347439607211855 2.654233507201546
0.8347439607211855 2.654233507201546
0.8347439607211855 2.654233507201546
0.8347439607211855 2.654233507201546
0.8347439607211855 2.654233507201546
0.8347439607211855 2.668712962779849
0.8347439607211855 2.654233507201546
0.8347439607211855 2.654233507201546
0.8347439607211855 2.654233507201546
0.8347439607211855 2.654233507201546
0.45486133457602107 2.8991802651673346
0.45486133457602107 2.8991802651673346
0.45486133457602107 2.8991802651673346
0.45486133457602107 2.8991802651673346
0.45486133457602107 2.8991802651673346
0.45486133457602107 2.8991802651673346
0.45486133457602107 2.8839162286327267
0.45486133457602107 2.8839162286327267
0.45486133457602107 2.8839162286327267
0.45486133457602107 2.8839162286327267
0.45486133457602107 2.8839162286327267
0.45486133457602107 2.8839162286327267
0.45486133457602107 2.8839162286327267
0.45486133457602107 2.8839162286327267
0.45486133457602107 2.8839162286327267
0.45486133457602107 2.8839162286327267
0.45486133457602107 2.8839162286327267
0.45486133457602107 2.8839162286327267
0.45486133457602107 2.8839162286327267
0.45486133457602107 2.8839162286327267
0.45486133457602107 2.8839162286327267
0.45486133457602107 2.8839162286327267
0.45486133457602107 2.8991802651673346
0.45486133457602107 2.8991802651673346
0.45486133457602107 2.8991802651673346
0.45486133457602107 2.8991802651673346
0.45486133457602107 2.8991802651673346
0.45486133457602107 2.8991802651673346
0.45486133457602107 2.8991802651673346
0.45486133457602107 2.9081137403867086
0.45486133457602107 2.8991802651673346
0.45486133457602107 2.8991802651673346
0.45486133457602107 2.8991802651673346
0.45486133457602107 2.8991802651673346
0.45486133457602107 2.8839162286327267
0.45486133457602107 2.8839162286327267
0.45486133457602107 2.891547457837771
0.45486133457602107 2.891547457837771
0.45486133457602107 2.891547457837771
0.45486133457602107 2.891547457837771
0.45486133457602107 2.8878977534871804
0.45486133457602107 2.890036310280163
0.45486133457602107 2.891547457837771
0.45486133457602107 2.89287725726531
0.45486133457602107 2.885906937229499
0.45486133457602107 2.885906937229499
0.45486133457602107 2.885906937229499
0.45486133457602107 2.9096469241247926
0.45486133457602107 2.9096469241247926
0.45486133457602107 2.878782842675468
0.45486133457602107 2.8832535563851387
0.45486133457602107 2.885646912901351
0.45486133457602107 2.8660891539273443
0.45486133457602107 2.910092739844047
0.45486133457602107 2.8851643065393544
0.45486133457602107 2.868961251163225
0.45486133457602107 2.868961251163225
0.45486133457602107 2.8576319242215087
0.45486133457602107 2.867242749763232
0.45486133457602107 2.868961251163225
0.45486133457602107 2.868961251163225
0.45486133457602107 2.871726628253932
0.45486133457602107 2.868961251163225
0.45486133457602107 2.868961251163225
0.45486133457602107 2.868961251163225
0.45486133457602107 2.868961251163225
0.45486133457602107 2.868961251163225
0.44542175578439 2.8834829822009818
0.44542175578439 2.8834829822009818
0.44542175578439 2.8834829822009818
0.44542175578439 2.8834829822009818
0.44542175578439 2.8834829822009818
0.44542175578439 2.8834829822009818
0.44542175578439 2.8834829822009818
0.44542175578439 2.8834829822009818
0.44542175578439 2.8834829822009818
0.44542175578439 2.8834829822009818
0.44542175578439 2.8834829822009818
0.44542175578439 2.8834829822009818
0.44542175578439 2.8834829822009818
0.44542175578439 2.8834829822009818
0.44542175578439 2.8834829822009818
0.44542175578439 2.8834829822009818
0.44542175578439 2.8834829822009818
0.44542175578439 2.8834829822009818
0.44542175578439 2.8834829822009818
0.44542175578439 2.8834829822009818
0.44542175578439 2.8834829822009818
0.44542175578439 2.8834829822009818
0.44542175578439 2.8834829822009818
0.44542175578439 2.8834829822009818
0.44542175578439 2.8834829822009818
0.44542175578439 2.8834829822009818
0.44542175578439 2.8834829822009818
0.44542175578439 2.8965527714521406
0.44542175578439 2.8965527714521406
0.44542175578439 2.8842398338352284
0.44542175578439 2.8842398338352284
0.44542175578439 2.8834829822009818
0.44542175578439 2.8834829822009818
0.44542175578439 2.8546727818844575
0.44542175578439 2.920247459047622
0.44542175578439 2.915973379202701
0.44542175578439 2.915973379202701
0.44542175578439 2.883791517299085
0.44542175578439 2.8813262699219115
0.44542175578439 2.8884117718359303
0.44542175578439 2.8884117718359303
0.44542175578439 2.907579822058628
0.44542175578439 2.856195956204435
0.44542175578439 2.885140260311303
0.44542175578439 2.885140260311303
0.44542175578439 2.8834829822009818
0.44542175578439 2.860047252890232
0.44542175578439 2.868745729592483
0.44542175578439 2.8990179506688185
0.44542175578439 2.8730361763407593
0.44542175578439 2.928089261798449
0.44542175578439 2.877316616124926
0.44542175578439 2.877316616124926
0.44542175578439 2.877316616124926
0.44542175578439 2.9429775136248932
0.44542175578439 2.9429775136248932
0.44542175578439 2.910752357927673
0.44542175578439 2.910752357927673
0.44542175578439 2.910752357927673
0.44542175578439 2.910752357927673
0.44542175578439 2.9344040252356565
0.44542175578439 2.905394237898474
0.44542175578439 2.905394237898474
0.44542175578439 2.8884117718359303
0.44542175578439 2.8667736274152804
0.44542175578439 2.8667736274152804
0.44542175578439 2.9090242107955584
0.44542175578439 2.8425086396786057
0.44542175578439 2.8425086396786057
0.44542175578439 2.9240085599181276
0.44542175578439 2.924143177792259
0.44542175578439 2.9212780419229274
0.44542175578439 2.9212780419229274
0.44542175578439 2.907170513576873
0.44542175578439 2.907170513576873
0.44542175578439 2.901733301246513
0.44542175578439 2.832795933233132
0.44542175578439 2.9088105665876784
0.44542175578439 2.8532007254119622
0.44542175578439 2.8696591513969683
0.44542175578439 2.8849030285521704
0.44542175578439 2.8849030285521704
0.44542175578439 2.960724906275679
0.44542175578439 2.877478046907263
0.44542175578439 2.9145492231791823
0.44542175578439 2.9238574987428483
0.44542175578439 2.881330895987643
0.44542175578439 2.930469903476578
0.44542175578439 2.985337836397585
0.44542175578439 3.096719236077136
0.44542175578439 2.9815194708398014
0.44542175578439 2.9815194708398014
0.44542175578439 2.9231784311759577
0.44542175578439 2.8683624860303794
0.44542175578439 3.0080467382978977
0.44542175578439 2.9361560894716514
0.44542175578439 2.9361560894716514
0.44542175578439 2.8995319527996504
0.44542175578439 2.8995319527996504
0.44542175578439 2.8995319527996504
0.44542175578439 2.983419887489214
0.44542175578439 2.8387270412490526
0.44542175578439 2.8286676916357956
0.44542175578439 2.7967613086233287
0.44542175578439 3.0260475907885263
0.44542175578439 2.9544814480248593
0.44542175578439 2.9465091267716588
0.44542175578439 2.9509432732353345
0.44542175578439 2.9509432732353345
0.44542175578439 3.1713070714244522
0.44542175578439 3.1713070714244522
0.44542175578439 2.983261228039671
0.44542175578439 2.9557998492033803
0.44542175578439 3.1172202289076356
0.44542175578439 3.1609139825718704
0.44542175578439 2.984227895127615
0.44542175578439 3.049312295816646
0.42436871852653935 3.198149509109382
0.42436871852653935 3.198149509109382
0.42436871852653935 3.198149509109382
0.42436871852653935 3.198149509109382
0.42436871852653935 3.198149509109382
0.42436871852653935 3.198149509109382
0.42436871852653935 3.198149509109382
0.42436871852653935 3.198149509109382
0.42436871852653935 3.198149509109382
0.42436871852653935 3.198149509109382
0.42436871852653935 3.198149509109382
0.42436871852653935 3.198149509109382
0.42436871852653935 3.198149509109382
0.42436871852653935 3.198149509109382
0.42436871852653935 3.198149509109382
0.42436871852653935 3.198149509109382
0.42436871852653935 3.198149509109382
0.42436871852653935 3.198149509109382
0.42436871852653935 3.198149509109382
0.2508835602885894 3.132418663820104
0.2508835602885894 3.132418663820104
0.2508835602885894 3.132418663820104
0.2508835602885894 3.132418663820104
0.2508835602885894 3.132418663820104
0.2508835602885894 3.132418663820104
0.2508835602885894 3.132418663820104
0.4776169454629835 2.967740219161719
0.4776169454629835 2.967740219161719
0.4776169454629835 2.967740219161719
0.4776169454629835 2.967740219161719
0.4776169454629835 2.967740219161719
0.4776169454629835 2.967740219161719
0.4776169454629835 2.967740219161719
0.4776169454629835 2.967740219161719
0.4776169454629835 2.967740219161719
0.4776169454629835 2.967740219161719
0.34862605952925535 3.3810656619629946
0.34862605952925535 3.3810656619629946
0.34862605952925535 3.3810656619629946
0.34862605952925535 3.3810656619629946
0.34862605952925535 3.3810656619629946
0.34862605952925535 3.3632106272209716
0.34862605952925535 3.3632106272209716
0.34862605952925535 3.3632106272209716
0.34862605952925535 3.3810656619629946
0.34862605952925535 3.38920074026008
0.34862605952925535 3.396842398449856
0.3359145009967288 3.0954847361569677
0.3359145009967288 3.08440464697387
0.3359145009967288 3.08440464697387
0.3359145009967288 3.08440464697387
0.3359145009967288 3.08440464697387
0.3359145009967288 3.08440464697387
0.3359145009967288 3.08440464697387
0.3359145009967288 3.08440464697387
0.3359145009967288 3.08440464697387
0.3359145009967288 3.08440464697387
0.3359145009967288 3.070351387033528
0.3359145009967288 3.070351387033528
0.3359145009967288 3.070351387033528
0.3359145009967288 3.070351387033528
0.3359145009967288 3.0507184740359703
0.3359145009967288 3.0507184740359703
0.3359145009967288 3.0507184740359703
0.3359145009967288 3.0409052546442474
0.3359145009967288 3.0409052546442474
0.3359145009967288 3.0409052546442474
0.3359145009967288 3.0409052546442474
0.3359145009967288 3.0409052546442474
0.3359145009967288 3.016089338041961
0.3359145009967288 3.016089338041961
0.3359145009967288 3.0409052546442474
0.3359145009967288 3.0507184740359703
0.3359145009967288 3.0507184740359703
0.3359145009967288 3.0507184740359703
0.3359145009967288 3.0507184740359703
0.3359145009967288 3.0507184740359703
0.3359145009967288 3.0507184740359703
0.3359145009967288 3.0507184740359703
0.3359145009967288 3.0507184740359703
0.3359145009967288 3.0507184740359703
0.3359145009967288 3.0507184740359703
0.3359145009967288 3.0507184740359703
0.3359145009967288 3.0507184740359703
0.3359145009967288 3.070351387033528
0.3359145009967288 3.08440464697387
0.3359145009967288 3.08440464697387
0.3359145009967288 3.070351387033528
0.3359145009967288 3.070351387033528
0.3359145009967288 3.070351387033528
0.3359145009967288 3.0507184740359703
0.3359145009967288 3.0409052546442474
0.2924878897276949 3.194245865042271
0.2924878897276949 3.168826361170281
0.2924878897276949 3.168826361170281
0.2924878897276949 3.168826361170281
0.2924878897276949 3.168826361170281
0.2924878897276949 3.168826361170281
0.2924878897276949 3.168826361170281
0.2924878897276949 3.1644506353926714
0.2924878897276949 3.1644506353926714
0.2924878897276949 3.1644506353926714
0.2924878897276949 3.1644506353926714
0.2924878897276949 3.1644506353926714
0.2924878897276949 3.168826361170281
0.2924878897276949 3.194245865042271
0.2924878897276949 3.194245865042271
0.2924878897276949 3.194245865042271
0.2924878897276949 3.194245865042271
0.2924878897276949 3.194245865042271
0.12262291337121384 4.099834534577736
0.12262291337121384 4.152741294339756
0.16710853140005424 3.8718180529164883
0.16710853140005424 3.8718180529164883
0.16710853140005424 3.8718180529164883
0.16710853140005424 3.8718180529164883
0.16710853140005424 3.8718180529164883
0.152339005067593 3.962588501052405
0.152339005067593 3.962588501052405
0.152339005067593 3.962588501052405
0.152339005067593 3.962588501052405
0.1338770971520164 4.000416606536193
0.1338770971520164 4.000416606536193
0.1338770971520164 4.000416606536193
0.1338770971520164 4.000416606536193
0.1338770971520164 4.000416606536193
0.1338770971520164 4.000416606536193
0.1301847155689011 4.055827978057232
0.12279995240267047 4.122108649572303
0.12279995240267047 4.122108649572303
0.11541518923643984 4.141977042321682
0.11541518923643984 4.141977042321682
0.10064566290397858 4.1908461304947755
0.10064566290397858 4.1908461304947755
0.10064566290397858 4.1908461304947755
0.09326089973774794 4.194279435208398
0.09326089973774794 4.194279435208398
0.08587613657151733 4.247352851075378
0.08587613657151733 4.247352851075378
0.07664518261372903 4.279059698677322
0.07664518261372903 4.279059698677322
0.07110661023905607 4.300999146708226
