0.6379702107276801 3.5744135028837665
0.36169253604029605 4.01418874404289
0.2646034491742423 3.8652788983623423
0.6379702107276801 3.5657017789201864
0.36169253604029605 4.01418874404289
0.2646034491742423 3.8652788983623423
0.6536204521733101 2.7688512880406613
0.36169253604029605 4.01418874404289
0.6536204521733101 2.7688512880406613
0.6536204521733101 2.7688512880406613
0.36169253604029605 4.012309024042717
0.36169253604029605 4.012309024042717
0.36169253604029605 4.012309024042717
0.6536204521733101 2.748369764400596
0.6536204521733101 2.7417052728526534
0.6536204521733101 2.7417052728526534
0.6536204521733101 2.7417052728526534
0.6536204521733101 2.7417052728526534
0.6536204521733101 2.7417052728526534
0.6536204521733101 2.7417052728526534
0.6536204521733101 2.7417052728526534
0.6536204521733101 2.7417052728526534
0.6536204521733101 2.7417052728526534
0.6536204521733101 2.7417052728526534
0.6536204521733101 2.7417052728526534
0.6536204521733101 2.7044593618075785
0.6536204521733101 2.6988840131317025
0.6536204521733101 2.6988840131317025
0.6536204521733101 2.6988840131317025
0.6536204521733101 2.6988840131317025
0.6536204521733101 2.6759789366651865
0.6536204521733101 2.6759789366651865
0.6536204521733101 2.6759789366651865
0.6536204521733101 2.669208644646701
0.6536204521733101 2.669208644646701
0.6536204521733101 2.6630824285636296
0.6536204521733101 2.6630824285636296
0.6536204521733101 2.6476157782471215
0.6536204521733101 2.6476157782471215
0.6536204521733101 2.6476157782471215
0.6536204521733101 2.6238250400496557
0.6536204521733101 2.6238250400496557
0.6536204521733101 2.6238250400496557
0.6536204521733101 2.6238250400496557
0.6536204521733101 2.61582303198421
0.6536204521733101 2.61582303198421
0.6536204521733101 2.61582303198421
0.6536204521733101 2.608867652258841
0.6536204521733101 2.608867652258841
0.6536204521733101 2.608867652258841
0.6536204521733101 2.608867652258841
0.6536204521733101 2.608867652258841
0.6536204521733101 2.608867652258841
0.6536204521733101 2.608867652258841
0.6536204521733101 2.608867652258841
0.6536204521733101 2.608867652258841
0.6536204521733101 2.6020644589148
0.6536204521733101 2.6020644589148
0.6536204521733101 2.6020644589148
0.6536204521733101 2.6020644589148
0.6536204521733101 2.6020644589148
0.6536204521733101 2.6020644589148
0.6536204521733101 2.608867652258841
0.6536204521733101 2.608867652258841
0.6536204521733101 2.6053906011037937
0.6536204521733101 2.6053906011037937
0.6536204521733101 2.5912772267278106
0.6536204521733101 2.5912772267278106
0.6536204521733101 2.5912772267278106
0.6536204521733101 2.5912772267278106
0.6536204521733101 2.5912772267278106
0.6536204521733101 2.5912772267278106
0.6536204521733101 2.5912772267278106
0.6536204521733101 2.5912772267278106
0.6536204521733101 2.5912772267278106
0.6536204521733101 2.5912772267278106
0.6536204521733101 2.5647390276410467
0.6536204521733101 2.5647390276410467
0.6536204521733101 2.5473687490992982
0.6536204521733101 2.5473687490992982
0.6536204521733101 2.5473687490992982
0.6536204521733101 2.53143783579544
0.6536204521733101 2.53143783579544
0.6536204521733101 2.53143783579544
0.6536204521733101 2.5170621591829367
0.6536204521733101 2.5170621591829367
0.6536204521733101 2.5170621591829367
0.6536204521733101 2.5170621591829367
0.6536204521733101 2.5170621591829367
0.6536204521733101 2.5170621591829367
0.6536204521733101 2.5170621591829367
0.6536204521733101 2.5170621591829367
0.6536204521733101 2.5170621591829367
0.6536204521733101 2.499741677555312
0.6536204521733101 2.499741677555312
0.6644268802207429 2.462636753279878
0.6644268802207429 2.462636753279878
0.6644268802207429 2.462636753279878
0.6644268802207429 2.462636753279878
0.6644268802207429 2.462636753279878
0.9345261380948975 2.5454059693654205
0.9345261380948975 2.5454059693654205
0.9345261380948975 2.5454059693654205
0.9345261380948975 2.5454059693654205
0.5661838789486375 2.984017437591445
0.5661838789486375 2.984017437591445
0.5661838789486375 2.984017437591445
0.5661838789486375 2.971060220755172
0.5661838789486375 2.971060220755172
0.5661838789486375 2.971060220755172
0.5661838789486375 2.988389493496144
0.5661838789486375 2.99061916891933
0.5661838789486375 2.99061916891933
0.5661838789486375 2.986142024061338
0.5661838789486375 2.9904978153851816
0.5661838789486375 2.9511129993745904
0.5661838789486375 2.980805247298953
0.5661838789486375 2.985989504360404
0.5661838789486375 2.9826889144228748
0.5661838789486375 2.99061916891933
0.5661838789486375 2.958995783048639
0.5661838789486375 2.958995783048639
0.5661838789486375 2.9873181505644464
0.5661838789486375 2.990767607783342
0.5661838789486375 2.984017437591445
0.5661838789486375 2.9715044011003595
0.5661838789486375 2.9715044011003595
0.5661838789486375 2.956515186371685
0.5661838789486375 2.956515186371685
0.5661838789486375 2.990275605912314
0.5661838789486375 2.9819655470137514
0.5661838789486375 2.997864804625497
0.5226107751520624 3.0314011914203425
0.5226107751520624 3.0314011914203425
0.5226107751520624 3.0314011914203425
0.5226107751520624 3.0314011914203425
0.5226107751520624 3.0314011914203425
0.5226107751520624 3.0314011914203425
0.5226107751520624 3.0314011914203425
0.5226107751520624 3.0314011914203425
0.5226107751520624 3.0314011914203425
0.5226107751520624 3.0314011914203425
0.5226107751520624 3.0314011914203425
0.5226107751520624 3.0314011914203425
0.5226107751520624 3.0314011914203425
0.5226107751520624 3.0314011914203425
0.5226107751520624 3.0314011914203425
0.5226107751520624 3.0314011914203425
0.5226107751520624 3.0314011914203425
0.5226107751520624 3.0314011914203425
0.5237917577146591 2.970273417790888
0.5237917577146591 2.970273417790888
0.5237917577146591 2.970273417790888
0.5237917577146591 2.970273417790888
0.45415247608729803 2.747283144462661
0.45415247608729803 2.747283144462661
0.45415247608729803 2.747283144462661
0.45415247608729803 2.747283144462661
0.45415247608729803 2.747283144462661
0.45415247608729803 2.747283144462661
0.45415247608729803 2.747283144462661
0.45415247608729803 2.747283144462661
0.45415247608729803 2.747283144462661
0.45415247608729803 2.747283144462661
0.45415247608729803 2.747283144462661
0.45415247608729803 2.747283144462661
0.45415247608729803 2.747283144462661
0.45415247608729803 2.747283144462661
0.30821833221906486 2.824486473475134
0.3952583317227005 2.6788418069640128
0.3952583317227005 2.6788418069640128
0.35173833197088267 2.7820592259577444
0.35173833197088267 2.7820592259577444
0.35173833197088267 2.780967162290042
0.35173833197088267 2.780967162290042
0.35173833197088267 2.7820592259577444
0.35173833197088267 2.7820592259577444
0.35173833197088267 2.7820592259577444
0.35173833197088267 2.7820592259577444
0.35173833197088267 2.7820592259577444
0.35173833197088267 2.7820592259577444
0.35173833197088267 2.7820592259577444
0.35173833197088267 2.7820592259577444
0.35173833197088267 2.7820592259577444
0.35173833197088267 2.7820592259577444
0.35173833197088267 2.7820592259577444
0.35173833197088267 2.7820592259577444
0.35173833197088267 2.7820592259577444
0.35173833197088267 2.7820592259577444
0.35173833197088267 2.7820592259577444
0.35173833197088267 2.7820592259577444
0.35173833197088267 2.7820592259577444
0.35173833197088267 2.7820592259577444
0.35173833197088267 2.7820592259577444
0.35173833197088267 2.7820592259577444
0.35173833197088267 2.7820592259577444
0.35173833197088267 2.7820592259577444
0.35173833197088267 2.7820592259577444
0.35173833197088267 2.7820592259577444
0.35173833197088267 2.7820592259577444
0.35173833197088267 2.7820592259577444
0.35173833197088267 2.780967162290042
0.35173833197088267 2.780967162290042
0.35173833197088267 2.7820592259577444
0.35173833197088267 2.780967162290042
0.35173833197088267 2.7816462685204564
0.35173833197088267 2.811490715284074
0.35173833197088267 2.8006775165467728
0.35173833197088267 2.8006775165467728
0.35173833197088267 2.8006775165467728
0.35173833197088267 2.8006775165467728
0.35173833197088267 2.8006775165467728
0.35173833197088267 2.7820592259577444
0.35173833197088267 2.7716616486729913
0.2942282323623058 2.8006033348704276
0.2942282323623058 2.8006033348704276
0.2942282323623058 2.8006033348704276
0.2942282323623058 2.8006033348704276
0.2942282323623058 2.8006033348704276
0.2942282323623058 2.8006033348704276
0.2942282323623058 2.7870441883824326
0.2942282323623058 2.7870441883824326
0.2942282323623058 2.7870441883824326
0.2942282323623058 2.7870441883824326
0.2942282323623058 2.7870441883824326
0.2942282323623058 2.7870441883824326
0.2942282323623058 2.7870441883824326
0.2942282323623058 2.7870441883824326
0.2942282323623058 2.7870441883824326
0.2942282323623058 2.7870441883824326
0.2942282323623058 2.7870441883824326
0.2942282323623058 2.7870441883824326
0.2942282323623058 2.7870441883824326
0.2942282323623058 2.7870441883824326
0.2942282323623058 2.7870441883824326
0.2942282323623058 2.7870441883824326
0.2942282323623058 2.7870441883824326
0.2942282323623058 2.7870441883824326
0.2942282323623058 2.8006033348704276
0.2942282323623058 2.8006033348704276
0.2942282323623058 2.8006033348704276
0.2942282323623058 2.8006033348704276
0.2942282323623058 2.8006033348704276
0.2942282323623058 2.8006033348704276
0.2942282323623058 2.8006033348704276
0.2942282323623058 2.8006033348704276
0.2942282323623058 2.8109173633441915
0.2942282323623058 2.8006033348704276
0.2942282323623058 2.8006033348704276
0.2942282323623058 2.8135325520820094
0.2942282323623058 2.7886572988641016
0.2942282323623058 2.8100367668129254
0.2942282323623058 2.8100367668129254
0.2942282323623058 2.7973347679491196
0.2942282323623058 2.7973347679491196
0.2942282323623058 2.7973347679491196
0.2942282323623058 2.7973347679491196
0.2835542878035274 2.798787275747207
0.2835542878035274 2.798787275747207
0.2835542878035274 2.798787275747207
0.2835542878035274 2.798787275747207
0.2835542878035274 2.798787275747207
0.2835542878035274 2.798787275747207
0.2835542878035274 2.798787275747207
0.2835542878035274 2.798787275747207
0.2835542878035274 2.798787275747207
0.2835542878035274 2.798787275747207
0.2835542878035274 2.798787275747207
0.2835542878035274 2.798787275747207
0.2835542878035274 2.798787275747207
0.2835542878035274 2.798787275747207
0.2835542878035274 2.798787275747207
0.2835542878035274 2.798787275747207
0.2835542878035274 2.798787275747207
0.2835542878035274 2.798787275747207
0.2835542878035274 2.798787275747207
0.2835542878035274 2.798787275747207
0.2835542878035274 2.798787275747207
0.2835542878035274 2.798787275747207
0.2835542878035274 2.798787275747207
0.2835542878035274 2.798787275747207
0.2835542878035274 2.798787275747207
0.2835542878035274 2.798787275747207
0.2835542878035274 2.798787275747207
0.2835542878035274 2.798787275747207
0.2835542878035274 2.798787275747207
0.2835542878035274 2.798787275747207
0.2835542878035274 2.793773470130925
0.2835542878035274 2.798787275747207
0.2835542878035274 2.7894323670429086
0.2835542878035274 2.798787275747207
0.2835542878035274 2.8092126683804
0.2835542878035274 2.8180048808991813
0.2835542878035274 2.8180048808991813
0.2835542878035274 2.8236754407859324
0.2835542878035274 2.8236754407859324
0.2835542878035274 2.816636987884919
0.2835542878035274 2.8041547026871894
0.2835542878035274 2.798787275747207
0.2835542878035274 2.798787275747207
0.2835542878035274 2.796103817808806
0.2835542878035274 2.796103817808806
0.2835542878035274 2.796103817808806
0.2835542878035274 2.7863486768199404
0.2835542878035274 2.8180048808991813
0.2835542878035274 2.796103817808806
0.2835542878035274 2.792567517176124
0.2835542878035274 2.813074282843232
0.2835542878035274 2.8030411850304393
0.2835542878035274 2.8030411850304393
0.2835542878035274 2.7919603932194184
0.2835542878035274 2.795900118762509
0.2835542878035274 2.795900118762509
0.2835542878035274 2.8543292602259576
0.2835542878035274 2.8398762218183173
0.2835542878035274 2.8398762218183173
0.2835542878035274 2.8109531573706827
0.2835542878035274 2.803537496057954
0.2835542878035274 2.7624723636497412
0.2835542878035274 2.8472673613136084
0.2835542878035274 2.8327473388085087
0.2835542878035274 2.806639726475688
0.2835542878035274 2.806639726475688
0.2835542878035274 2.7452072361727837
0.2835542878035274 2.818439416262313
0.2835542878035274 2.818439416262313
0.2835542878035274 2.8152880713172257
0.2835542878035274 2.7785907517413406
0.2835542878035274 2.8091161716742965
0.2835542878035274 2.8091161716742965
0.2835542878035274 2.748944326198719
0.2835542878035274 2.748944326198719
0.2835542878035274 2.748944326198719
0.2835542878035274 2.789573705189157
0.2835542878035274 2.789573705189157
0.33500585363861723 2.9605088269078395
0.33500585363861723 2.9605088269078395
0.33500585363861723 2.9605088269078395
0.33500585363861723 2.9441202857542463
0.33500585363861723 2.9441202857542463
0.33500585363861723 2.9297292193954045
0.33500585363861723 2.9297292193954045
0.33500585363861723 2.9297292193954045
0.33500585363861723 2.9297292193954045
0.33500585363861723 2.923044191131422
0.33500585363861723 2.923044191131422
0.33500585363861723 2.908906190337847
0.33500585363861723 2.896066317512006
0.33500585363861723 2.890155970160831
0.33500585363861723 2.890155970160831
0.33500585363861723 2.888766494090064
0.33500585363861723 2.8697384944759525
0.33500585363861723 2.8666317500317775
0.33500585363861723 2.8666317500317775
0.33500585363861723 2.8666317500317775
0.33500585363861723 2.8666317500317775
0.33500585363861723 2.8666317500317775
0.33500585363861723 2.8666317500317775
0.33500585363861723 2.8666317500317775
0.33500585363861723 2.8666317500317775
0.33500585363861723 2.8666317500317775
0.33500585363861723 2.8666317500317775
0.33500585363861723 2.8666317500317775
0.33500585363861723 2.8666317500317775
0.33500585363861723 2.8666317500317775
0.33500585363861723 2.8666317500317775
0.33500585363861723 2.8666317500317775
0.33500585363861723 2.8666317500317775
0.33500585363861723 2.8634327983748493
0.33500585363861723 2.8634327983748493
0.33500585363861723 2.8634327983748493
0.33500585363861723 2.8634327983748493
0.33500585363861723 2.8666317500317775
0.33500585363861723 2.890155970160831
0.33500585363861723 2.908906190337847
0.33500585363861723 2.908906190337847
0.117503234637512 3.579772254224845
0.117503234637512 3.579772254224845
0.11275328907447263 3.594228946618055
0.11275328907447263 3.594228946618055
0.10136742068620519 3.6004699267689304
0.10136742068620519 3.6004699267689304
0.10136742068620519 3.6004699267689304
0.10136742068620519 3.6004699267689304
0.09771571278642813 3.6029116486744543
0.09771571278642813 3.6029116486744543
0.09203052806657011 3.637808143557183
0.09203052806657011 3.637808143557183
0.09203052806657011 3.637808143557183
0.084727112267016 3.6440722267301475
0.084727112267016 3.6440722267301475
0.084727112267016 3.6440722267301475
0.07559784251757334 3.685030416117363
0.07559784251757334 3.685030416117363
0.07559784251757334 3.685030416117363
0.07559784251757334 3.685030416117363
0.06383360327839413 3.7162712030274307
0.06383360327839413 3.7162712030274307
0.06383360327839413 3.7162712030274307
0.06383360327839413 3.7162712030274307
0.05916515696857659 3.7388734952233498
0.05916515696857659 3.7388734952233498
0.05916515696857659 3.7388734952233498
0.05916515696857659 3.7388734952233498
0.14301676555420428 4.176260693867971
0.14301676555420428 4.176260693867971
