0.8908791676016986 2.11330835230772
0.8908791676016986 2.11330835230772
0.8908791676016986 2.105046409628372
0.8908791676016986 2.105046409628372
0.8908791676016986 2.0975978197197667
0.8908791676016986 2.0975978197197667
0.8908791676016986 2.0975978197197667
0.8908791676016986 2.0975978197197667
0.8908791676016986 2.096582775712199
0.8908791676016986 2.084103484427713
0.8908791676016986 2.0597128970734166
0.8908791676016986 2.0597128970734166
0.8908791676016986 2.0597128970734166
0.8358295441421679 2.0515371677852987
0.8358295441421679 2.0515371677852987
0.8358295441421679 2.0515371677852987
0.8358295441421679 2.0515371677852987
0.8902159687838554 2.026412834567854
0.8358295441421679 2.0114338735977575
0.8902159687838554 2.0091961352411722
0.8358295441421679 1.9987227983629707
0.8358295441421679 1.9987227983629707
0.8358295441421679 1.9987227983629707
0.8916629119574172 1.9283047504887636
0.8916629119574172 1.9283047504887636
0.8916629119574172 1.9283047504887636
0.8916629119574172 1.9095989285229709
0.8916629119574172 1.8990982105368137
0.8916629119574172 1.8990982105368137
0.8916629119574172 1.8990982105368137
0.8916629119574172 1.8990982105368137
0.8916629119574172 1.8990982105368137
0.8916629119574172 1.8593406812794087
0.8916629119574172 1.8593406812794087
0.8916629119574172 1.8593406812794087
0.8916629119574172 1.8593406812794087
0.8916629119574172 1.8593406812794087
0.8916629119574172 1.8593406812794087
0.8916629119574172 1.8593406812794087
0.8916629119574172 1.849124236106116
0.8916629119574172 1.849124236106116
0.8916629119574172 1.849124236106116
0.8916629119574172 1.8417567909573207
0.8916629119574172 1.8417567909573207
0.8916629119574172 1.8405848975679515
0.8916629119574172 1.8405848975679515
0.8916629119574172 1.7805578556589743
0.8916629119574172 1.7805578556589743
0.8916629119574172 1.7805578556589743
0.8916629119574172 1.7805578556589743
0.8916629119574172 1.7805578556589743
0.8916629119574172 1.7805578556589743
0.8916629119574172 1.7805578556589743
0.8916629119574172 1.7805578556589743
0.8916629119574172 1.8405848975679515
0.8916629119574172 1.8417567909573207
0.8916629119574172 1.8417567909573207
0.8916629119574172 1.849124236106116
0.8916629119574172 1.849124236106116
0.8916629119574172 1.849124236106116
0.8916629119574172 1.8593406812794087
0.8902159687838554 1.8598733821432845
0.8902159687838554 1.8598733821432845
0.8902159687838554 1.8598733821432845
0.8902159687838554 1.8598733821432845
0.8358295441421679 1.8721553125858708
0.8358295441421679 1.8721553125858708
0.8358295441421679 1.8721553125858708
0.8358295441421679 1.8721553125858708
0.8358295441421679 1.8721553125858708
0.8358295441421679 1.8721553125858708
0.8358295441421679 1.8721553125858708
0.8358295441421679 1.8721553125858708
0.8358295441421679 1.8721553125858708
0.8358295441421679 1.8721553125858708
0.8358295441421679 1.8721553125858708
0.8358295441421679 1.8962805542701064
0.8358295441421679 1.8962805542701064
0.8358295441421679 1.8962805542701064
0.8358295441421679 1.8962805542701064
0.8358295441421679 1.8962805542701064
0.8358295441421679 1.8962805542701064
0.8358295441421679 1.8962805542701064
0.8358295441421679 1.9130079411848024
0.8358295441421679 1.8962805542701064
0.8358295441421679 1.8962805542701064
0.8358295441421679 1.894545700466874
0.8358295441421679 1.894545700466874
0.8358295441421679 1.8721553125858708
0.8358295441421679 1.8800047233018808
0.8358295441421679 1.8800047233018808
0.8358295441421679 1.8721553125858708
0.8358295441421679 1.8721553125858708
0.8358295441421679 1.904424135642867
0.8358295441421679 1.904424135642867
0.8358295441421679 1.9196960886491619
0.8358295441421679 1.8778653833719254
0.8358295441421679 1.8411434251537986
0.8358295441421679 1.8838430835525626
0.6722894974749865 1.970735483051215
0.6722894974749865 1.9658811038130661
0.6722894974749865 1.9634543676240679
0.6722894974749865 1.9634543676240679
0.6722894974749865 1.9634543676240679
0.6722894974749865 1.9634543676240679
0.6722894974749865 1.9634543676240679
0.6722894974749865 1.9634543676240679
0.6722894974749865 1.9634543676240679
0.6722894974749865 1.9350709017395977
0.6722894974749865 1.9350709017395977
0.6722894974749865 1.9350709017395977
0.6722894974749865 1.9350709017395977
0.6722894974749865 1.9350709017395977
0.6722894974749865 1.9634543676240679
0.6722894974749865 1.9658811038130661
0.6722894974749865 1.9658811038130661
0.6722894974749865 1.970735483051215
0.6722894974749865 1.970735483051215
0.6722894974749865 1.970735483051215
0.6722894974749865 1.9804478577320872
0.6722894974749865 1.9804478577320872
0.6722894974749865 1.989621228733233
0.6722894974749865 1.989621228733233
0.6722894974749865 1.989621228733233
0.6722894974749865 1.9804478577320872
0.6722894974749865 1.9804478577320872
0.6722894974749865 1.9804478577320872
0.6722894974749865 1.9801760878008572
0.6722894974749865 1.9801760878008572
0.6722894974749865 1.9658811038130661
0.6722894974749865 1.9634543676240679
0.6555637109229034 2.021002597900376
0.6555637109229034 2.021002597900376
0.6555637109229034 2.021002597900376
0.6555637109229034 2.021002597900376
0.6555637109229034 2.027580945037021
0.6555637109229034 2.027580945037021
0.6555637109229034 2.027580945037021
0.6555637109229034 2.027580945037021
0.6555637109229034 2.043050344471765
0.5860728794103465 2.0375717028825795
0.5860728794103465 2.0375717028825795
0.5860728794103465 2.0375717028825795
0.5860728794103465 2.0375717028825795
0.5860728794103465 2.0375717028825795
0.5860728794103465 2.0375717028825795
0.5860728794103465 2.035393245095086
0.5860728794103465 2.035393245095086
0.5860728794103465 2.0375717028825795
0.5860728794103465 2.0375717028825795
0.5860728794103465 2.0375717028825795
0.5860728794103465 2.0499943747661598
0.5860728794103465 2.0499943747661598
0.5860728794103465 2.0499943747661598
0.5860728794103465 2.0499943747661598
0.5860728794103465 2.0499943747661598
0.5860728794103465 2.0499943747661598
0.5860728794103465 2.0499943747661598
0.5860728794103465 2.0499943747661598
0.5860728794103465 2.0499943747661598
0.5860728794103465 2.0499943747661598
0.5860728794103465 2.0499943747661598
0.5860728794103465 2.0499943747661598
0.5296247220311978 2.0938009878796024
0.5296247220311978 2.0938009878796024
0.5264826460654812 2.092310430146242
0.5210094905040251 2.0914698815239285
0.5210094905040251 2.0914698815239285
0.5210094905040251 2.0914698815239285
0.5210094905040251 2.0914698815239285
0.5210094905040251 2.0914698815239285
0.5210094905040251 2.0914698815239285
0.5210094905040251 2.0914698815239285
0.5210094905040251 2.0914698815239285
0.5210094905040251 2.0914698815239285
0.5170564181683315 2.095296508931846
0.5170564181683315 2.095296508931846
0.5170564181683315 2.095296508931846
0.5170564181683315 2.095296508931846
0.5170564181683315 2.095296508931846
0.5170564181683315 2.095296508931846
0.4942641479005109 2.117707068499153
0.4942641479005109 2.117707068499153
0.4942641479005109 2.117707068499153
0.4815107434139532 2.1105835608866785
0.4815107434139532 2.1105835608866785
0.4815107434139532 2.1105835608866785
0.4815107434139532 2.1105835608866785
0.47939465679603815 2.1163371356520724
0.47939465679603815 2.1163371356520724
0.47939465679603815 2.1163371356520724
0.47939465679603815 2.1163371356520724
0.47939465679603815 2.1163371356520724
0.47939465679603815 2.1163371356520724
0.4762205268691655 2.13964779886738
0.4762205268691655 2.13964779886738
0.4730463969422929 2.1467029213975657
0.4730463969422929 2.1467029213975657
0.4730463969422929 2.1467029213975657
0.4730463969422929 2.1467029213975657
0.4730463969422929 2.1467029213975657
0.4730463969422929 2.163016901319407
0.4730463969422929 2.163016901319407
0.4730463969422929 2.163016901319407
0.4730463969422929 2.163016901319407
0.4730463969422929 2.163016901319407
0.4730463969422929 2.163016901319407
0.4730463969422929 2.163016901319407
0.4730463969422929 2.163016901319407
0.4730463969422929 2.163016901319407
0.4730463969422929 2.163016901319407
0.4730463969422929 2.1467029213975657
0.4730463969422929 2.1467029213975657
0.4730463969422929 2.1467029213975657
0.4730463969422929 2.1467029213975657
0.4730463969422929 2.1467029213975657
0.4730463969422929 2.1467029213975657
0.4730463969422929 2.1467029213975657
0.3989094493289232 2.246926126393428
0.3989094493289232 2.246926126393428
0.3989094493289232 2.246926126393428
0.3989094493289232 2.246926126393428
0.3989094493289232 2.246926126393428
0.3989094493289232 2.246926126393428
0.3989094493289232 2.2034250771099457
0.3989094493289232 2.2034250771099457
0.3989094493289232 2.2034250771099457
0.3989094493289232 2.2034250771099457
0.3989094493289232 2.2034250771099457
0.3989094493289232 2.2034250771099457
0.3989094493289232 2.2034250771099457
0.3989094493289232 2.2034250771099457
0.3989094493289232 2.2034250771099457
0.3989094493289232 2.2034250771099457
0.31301556661534236 2.219116778981043
0.31301556661534236 2.219116778981043
0.31301556661534236 2.219116778981043
0.31301556661534236 2.219116778981043
0.31301556661534236 2.219116778981043
0.31301556661534236 2.219116778981043
0.3263257579336177 2.213854502942537
0.3263257579336177 2.213854502942537
0.31301556661534236 2.204600621951799
0.3263257579336177 2.192313397821428
0.3263257579336177 2.192313397821428
0.31301556661534236 2.196719225221309
0.31301556661534236 2.196719225221309
0.31301556661534236 2.196719225221309
0.31301556661534236 2.196719225221309
0.31301556661534236 2.196719225221309
0.31301556661534236 2.204600621951799
0.31301556661534236 2.204600621951799
0.31301556661534236 2.204600621951799
0.31301556661534236 2.219116778981043
0.31301556661534236 2.219116778981043
0.31301556661534236 2.219116778981043
0.29423061815046997 2.2294405273529394
0.29423061815046997 2.2294405273529394
0.29423061815046997 2.2294405273529394
0.29423061815046997 2.2294405273529394
0.29423061815046997 2.2294405273529394
0.29423061815046997 2.2294405273529394
0.29423061815046997 2.2294405273529394
0.26672049833634337 2.240237613282067
0.23921037852221666 2.2303602254188455
0.23921037852221666 2.2303602254188455
0.23921037852221666 2.2303602254188455
0.23921037852221666 2.2303602254188455
0.23921037852221666 2.2303602254188455
0.23921037852221666 2.2303602254188455
0.23921037852221666 2.2303602254188455
0.23921037852221666 2.2303602254188455
0.23921037852221666 2.2303602254188455
0.23921037852221666 2.2303602254188455
0.23921037852221666 2.2303602254188455
0.23921037852221666 2.2303602254188455
0.23921037852221666 2.2303602254188455
0.23921037852221666 2.2303602254188455
0.23921037852221666 2.2303602254188455
0.23921037852221666 2.2303602254188455
0.23921037852221666 2.2303602254188455
0.23921037852221666 2.2303602254188455
0.23921037852221666 2.2303602254188455
0.23921037852221666 2.2303602254188455
0.21439841867287862 2.2559565337677245
0.21439841867287862 2.2559565337677245
0.21439841867287862 2.2559565337677245
0.21439841867287862 2.2559565337677245
0.21439841867287862 2.2559565337677245
0.21439841867287862 2.2559565337677245
0.21439841867287862 2.2559565337677245
0.21439841867287862 2.2559565337677245
0.21439841867287862 2.2559565337677245
0.21439841867287862 2.2559565337677245
0.21439841867287862 2.2559565337677245
0.21439841867287862 2.2559565337677245
0.21439841867287862 2.2559565337677245
0.21439841867287862 2.2559565337677245
0.20479835202263702 2.2882404440833057
0.20479835202263702 2.2882404440833057
0.20479835202263702 2.2882404440833057
0.20479835202263702 2.2882404440833057
0.20140846178243135 2.28034833463686
0.20140846178243135 2.28034833463686
0.19820698078382212 2.29979939751339
0.19820698078382212 2.29979939751339
0.19161560954500723 2.302299872596089
0.19161560954500723 2.302299872596089
0.19161560954500723 2.302299872596089
0.17772639455119305 2.3073195693372353
0.17772639455119305 2.3073195693372353
0.17772639455119305 2.3073195693372353
0.17772639455119305 2.3073195693372353
0.17772639455119305 2.3073195693372353
0.17772639455119305 2.3073195693372353
0.17772639455119305 2.3073195693372353
0.1753890347922242 2.3206240918850622
0.1753890347922242 2.3206240918850622
0.17305167503325536 2.3278918354930878
0.17305167503325536 2.333978256230081
0.16791155809039437 2.343122307382174
0.16791155809039437 2.343122307382174
0.16791155809039437 2.343122307382174
0.15519416922672818 2.3488841737104518
0.15519416922672818 2.3488841737104518
0.15519416922672818 2.3488841737104518
0.15519416922672818 2.3488841737104518
0.15519416922672818 2.3488841737104518
0.15519416922672818 2.3488841737104518
0.13998780480930534 2.3646994775415746
0.13998780480930534 2.3646994775415746
0.13998780480930534 2.3646994775415746
0.13998780480930534 2.3646994775415746
0.13998780480930534 2.3646994775415746
0.13998780480930534 2.3646994775415746
0.13998780480930534 2.3646994775415746
0.137336663420201 2.365736829165292
0.137336663420201 2.365736829165292
0.12859559768621392 2.38501853921788
0.12859559768621392 2.38501853921788
0.12859559768621392 2.38501853921788
0.12859559768621392 2.38501853921788
0.12859559768621392 2.38501853921788
0.12443957589326474 2.4019623475764518
0.12443957589326474 2.4019623475764518
0.12329331490800527 2.403527450430088
0.12329331490800527 2.403527450430088
0.1179910321297966 2.422345862633554
0.1179910321297966 2.422345862633554
0.1179910321297966 2.422345862633554
0.1179910321297966 2.422345862633554
0.10741874546312317 2.45047193539231
0.10741874546312317 2.45047193539231
0.10741874546312317 2.45047193539231
0.10741874546312317 2.45047193539231
0.10741874546312317 2.45047193539231
0.10741874546312317 2.45047193539231
0.10741874546312317 2.45047193539231
0.10741874546312317 2.4872306671099125
0.1069668819020579 2.509910342424239
0.1069668819020579 2.509910342424239
0.09930642201341444 2.5349576755280907
0.09930642201341444 2.5349576755280907
0.09930642201341444 2.5349576755280907
0.09525519928552861 2.5526631555174317
0.09525519928552861 2.5526631555174317
0.08838809577978286 2.5606680626852154
0.08838809577978286 2.5606680626852154
0.08838809577978286 2.5606680626852154
0.08444561149714339 2.5697135904551565
0.08444561149714339 2.5697135904551565
0.08300658872119587 2.579904263363613
0.07487658353689092 2.594713408276206
0.07487658353689092 2.594713408276206
0.07487658353689092 2.594713408276206
0.07070437867511911 2.587957463780634
0.07070437867511911 2.587957463780634
0.07070437867511911 2.587957463780634
0.0665321738133473 2.622262828928765
0.0665321738133473 2.622262828928765
0.05636829098088543 2.6647964099957893
0.05636829098088543 2.6647964099957893
0.05636829098088543 2.6647964099957893
0.05636829098088543 2.6647964099957893
0.05636829098088543 2.6647964099957893
0.049599897781504414 2.705048014579122
0.049599897781504414 2.705048014579122
0.049599897781504414 2.705048014579122
0.03970950986001992 2.7205026975144198
0.03970950986001992 2.7205026975144198
0.03970950986001992 2.7205026975144198
0.03970950986001992 2.7205026975144198
0.03970950986001992 2.7205026975144198
0.02894916102824026 2.7829112924183845
0.02894916102824026 2.7829112924183845
0.02894916102824026 2.7829112924183845
0.02894916102824026 2.7829112924183845
0.026337479900398957 2.8173160557566086
0.024193968105889446 2.8394735100620636
0.019208551991502495 2.8656658595496185
0.018240844557285005 2.895254463338029
0.012364668126415155 2.905268853842574
0.012364668126415155 2.905268853842574
0.009947724582035758 2.9630009457118875
0.007428463364680938 2.9927271298015077
0.00351903745897416 3.0045583030396186
0.05799529370221712 6.318293825712766
