0.2058996546750238 4.535424346951294
0.2058996546750238 4.529600331936142
0.2058996546750238 4.529600331936142
0.2058996546750238 4.529600331936142
0.2058996546750238 4.529600331936142
0.2058996546750238 4.529600331936142
0.2058996546750238 4.525699417035163
0.2058996546750238 4.525699417035163
0.2058996546750238 4.525404891193066
0.2058996546750238 4.525404891193066
0.2058996546750238 4.525404891193066
0.2058996546750238 4.525404891193066
0.2058996546750238 4.525404891193066
0.2058996546750238 4.525404891193066
0.2058996546750238 4.502865692201923
0.2058996546750238 4.502865692201923
0.2058996546750238 4.502865692201923
0.2058996546750238 4.502865692201923
0.2058996546750238 4.486067622187546
0.2058996546750238 4.486067622187546
0.2058996546750238 4.486067622187546
0.2058996546750238 4.455262353570642
0.2058996546750238 4.455262353570642
0.2058996546750238 4.455262353570642
0.2058996546750238 4.455262353570642
0.2058996546750238 4.455262353570642
0.2058996546750238 4.455262353570642
0.2058996546750238 4.455262353570642
0.2058996546750238 4.455262353570642
0.2058996546750238 4.455262353570642
0.2058996546750238 4.42729291550308
0.2058996546750238 4.42729291550308
0.2058996546750238 4.416590109306616
0.2058996546750238 4.416590109306616
0.2058996546750238 4.416590109306616
0.2058996546750238 4.395553549182673
0.2058996546750238 4.395553549182673
0.2058996546750238 4.387550560629278
0.2058996546750238 4.387550560629278
0.2058996546750238 4.362194193436942
0.2058996546750238 4.362194193436942
0.2058996546750238 4.362194193436942
0.2058996546750238 4.362194193436942
0.2058996546750238 4.362194193436942
0.2058996546750238 4.362194193436942
0.2058996546750238 4.362194193436942
0.2058996546750238 4.362194193436942
0.2058996546750238 4.32362868185742
0.5258926182552145 3.5425772341383084
0.5258926182552145 3.5425772341383084
0.5258926182552145 3.5425772341383084
0.5258926182552145 3.5425772341383084
0.5258926182552145 3.5425772341383084
0.5258926182552145 3.5425772341383084
0.5258926182552145 3.5425772341383084
0.5258926182552145 3.5425772341383084
0.35159220441877936 3.4794398906109953
0.35159220441877936 3.4794398906109953
0.35159220441877936 3.4794398906109953
0.35159220441877936 3.4794398906109953
0.35159220441877936 3.4794398906109953
0.35159220441877936 3.4794398906109953
0.35159220441877936 3.4794398906109953
0.35159220441877936 3.4794398906109953
0.35159220441877936 3.4794398906109953
0.35159220441877936 3.4794398906109953
0.35159220441877936 3.4794398906109953
0.35159220441877936 3.4794398906109953
0.35159220441877936 3.4794398906109953
0.35159220441877936 3.4794398906109953
0.35159220441877936 3.4794398906109953
0.35159220441877936 3.4794398906109953
0.35159220441877936 3.4794398906109953
0.35159220441877936 3.4794398906109953
0.35159220441877936 3.4794398906109953
0.35159220441877936 3.4794398906109953
0.35159220441877936 3.4794398906109953
0.35159220441877936 3.4794398906109953
0.35159220441877936 3.4794398906109953
0.35159220441877936 3.4794398906109953
0.35159220441877936 3.4794398906109953
0.35159220441877936 3.4794398906109953
0.35159220441877936 3.4794398906109953
0.35159220441877936 3.4794398906109953
0.35159220441877936 3.4794398906109953
0.35159220441877936 3.4587118911373844
0.35159220441877936 3.4455612712707624
0.35159220441877936 3.4455612712707624
0.35159220441877936 3.4947997779320055
0.35159220441877936 3.4947997779320055
0.35159220441877936 3.4947997779320055
0.35159220441877936 3.495382331244232
0.35159220441877936 3.495382331244232
0.35159220441877936 3.4545310036525994
0.35159220441877936 3.4545310036525994
0.35159220441877936 3.482340216034151
0.35159220441877936 3.482340216034151
0.35159220441877936 3.4875767253129655
0.35159220441877936 3.477852771295265
0.35159220441877936 3.4753719450866702
0.35159220441877936 3.4753719450866702
0.35159220441877936 3.380030889119431
0.35159220441877936 3.380030889119431
0.35159220441877936 3.380030889119431
0.35159220441877936 3.4669839648985206
0.35159220441877936 3.486019045746112
0.16219112781538603 3.5006003673573987
0.16219112781538603 3.5006003673573987
0.16219112781538603 3.5006003673573987
0.16219112781538603 3.5006003673573987
0.16219112781538603 3.5006003673573987
0.16219112781538603 3.5006003673573987
0.16219112781538603 3.5006003673573987
0.16219112781538603 3.5006003673573987
0.16219112781538603 3.5006003673573987
0.16219112781538603 3.5006003673573987
0.16219112781538603 3.5006003673573987
0.16219112781538603 3.5006003673573987
0.16123931721188378 3.5030656567717164
0.16123931721188378 3.5030656567717164
0.16123931721188378 3.5030656567717164
0.16123931721188378 3.5030656567717164
0.16123931721188378 3.5030656567717164
0.16123931721188378 3.5030656567717164
0.16123931721188378 3.5030656567717164
0.23236244583601295 3.393834910109825
0.23236244583601295 3.393834910109825
0.23236244583601295 3.393834910109825
0.23236244583601295 3.393834910109825
0.23236244583601295 3.393834910109825
0.23236244583601295 3.402017657170735
0.23236244583601295 3.402017657170735
0.23236244583601295 3.402017657170735
0.23236244583601295 3.402017657170735
0.23236244583601295 3.402017657170735
0.23236244583601295 3.402017657170735
0.23236244583601295 3.402017657170735
0.23236244583601295 3.402017657170735
0.23236244583601295 3.402017657170735
0.23236244583601295 3.402017657170735
0.23236244583601295 3.402017657170735
0.23236244583601295 3.402017657170735
0.23236244583601295 3.402017657170735
0.23236244583601295 3.402017657170735
0.23236244583601295 3.402017657170735
0.23236244583601295 3.402017657170735
0.23236244583601295 3.402017657170735
0.23236244583601295 3.402017657170735
0.23236244583601295 3.402017657170735
0.23236244583601295 3.4078830997104306
0.23236244583601295 3.3853049223564584
0.23236244583601295 3.3853049223564584
0.23236244583601295 3.402017657170735
0.23236244583601295 3.3973764487512574
0.23236244583601295 3.3973764487512574
0.23236244583601295 3.402017657170735
0.23236244583601295 3.381332402857434
0.23236244583601295 3.370357470576668
0.23236244583601295 3.3973764487512574
0.23236244583601295 3.386185473193745
0.23236244583601295 3.410693799270211
0.23236244583601295 3.410693799270211
0.23236244583601295 3.404636073513304
0.23236244583601295 3.411614251736941
0.23236244583601295 3.411614251736941
0.23236244583601295 3.4276987872939837
0.23236244583601295 3.4276987872939837
0.23236244583601295 3.4074343521543518
0.23236244583601295 3.365306905050783
0.23236244583601295 3.412037255127519
0.23236244583601295 3.4378891284224737
0.23236244583601295 3.3980393641502173
0.23236244583601295 3.3980393641502173
0.28702852750198127 3.2467863765953178
0.28702852750198127 3.2467863765953178
0.28702852750198127 3.1979420813766333
0.28702852750198127 3.23064574958025
0.28702852750198127 3.1935589133805213
0.28702852750198127 3.1935589133805213
0.28702852750198127 3.2087477327333644
0.28702852750198127 3.237773595714088
0.23236244583601295 3.4067016701289505
0.23236244583601295 3.3666496239137396
0.23236244583601295 3.3666496239137396
0.23236244583601295 3.359316022383242
0.23236244583601295 3.342985947939591
0.23236244583601295 3.342985947939591
0.23236244583601295 3.342985947939591
0.23236244583601295 3.342985947939591
0.23236244583601295 3.342985947939591
0.23236244583601295 3.359316022383242
0.23236244583601295 3.359316022383242
0.23236244583601295 3.359316022383242
0.23236244583601295 3.359316022383242
0.23236244583601295 3.359316022383242
0.23236244583601295 3.3666496239137396
0.23236244583601295 3.3666496239137396
0.23236244583601295 3.3666496239137396
0.23236244583601295 3.3666496239137396
0.23236244583601295 3.36981391948012
0.23236244583601295 3.36981391948012
0.21984742561459703 3.3682208951617554
0.21984742561459703 3.3682208951617554
0.21984742561459703 3.3682208951617554
0.21984742561459703 3.3713927390248926
0.21984742561459703 3.3713927390248926
0.21984742561459703 3.3713927390248926
0.21984742561459703 3.3713927390248926
0.21984742561459703 3.3713927390248926
0.21984742561459703 3.3713927390248926
0.21984742561459703 3.3713927390248926
0.21984742561459703 3.3713927390248926
0.21984742561459703 3.3713927390248926
0.21984742561459703 3.3713927390248926
0.21984742561459703 3.3713927390248926
0.21984742561459703 3.3713927390248926
0.21984742561459703 3.3713927390248926
0.21984742561459703 3.3713927390248926
0.21984742561459703 3.3713927390248926
0.21984742561459703 3.3713927390248926
0.21984742561459703 3.3713927390248926
0.21984742561459703 3.3713927390248926
0.21984742561459703 3.3713927390248926
0.21984742561459703 3.3713927390248926
0.21984742561459703 3.3713927390248926
0.21984742561459703 3.3713927390248926
0.21984742561459703 3.3713927390248926
0.21984742561459703 3.3713927390248926
0.21984742561459703 3.3713927390248926
0.21984742561459703 3.3713927390248926
0.21984742561459703 3.3713927390248926
0.21984742561459703 3.3713927390248926
0.21984742561459703 3.3679630087884878
0.21984742561459703 3.372901129019149
0.21984742561459703 3.351518028055499
0.21984742561459703 3.391981574900077
0.21984742561459703 3.3721469293579895
0.21984742561459703 3.3721469293579895
0.21984742561459703 3.3721469293579895
0.21984742561459703 3.3706385580225913
0.21984742561459703 3.3553014507252863
0.21984742561459703 3.3721469293579895
0.21984742561459703 3.3685473422548196
0.21984742561459703 3.3713927390248926
0.21984742561459703 3.3500908495060515
0.21984742561459703 3.3537647844045426
0.21984742561459703 3.3537647844045426
0.21984742561459703 3.3717698330252617
0.21984742561459703 3.3816862914848427
0.21984742561459703 3.3378082591376796
0.21984742561459703 3.400988469956955
0.21984742561459703 3.399825417893243
0.21984742561459703 3.3622267263755377
0.21984742561459703 3.4007998328333695
0.21984742561459703 3.3889463340582027
0.21984742561459703 3.3889463340582027
0.21984742561459703 3.338976600298208
0.21984742561459703 3.338976600298208
0.21984742561459703 3.339353492460882
0.21984742561459703 3.3148510812318763
0.21984742561459703 3.391391544031941
0.21984742561459703 3.3244635035901906
0.21984742561459703 3.341655957294134
0.21984742561459703 3.341655957294134
0.21984742561459703 3.3523406089514696
0.21984742561459703 3.3523406089514696
0.21984742561459703 3.3523406089514696
0.21984742561459703 3.3523406089514696
0.21984742561459703 3.3313383349895895
0.21984742561459703 3.3971149105357834
0.21984742561459703 3.3556724912644347
0.21984742561459703 3.3721050460147537
0.21984742561459703 3.435904511955407
0.21984742561459703 3.383458651870465
0.21984742561459703 3.383458651870465
0.21984742561459703 3.3770017024377124
0.21984742561459703 3.3770017024377124
0.16326166751126148 3.561872470208078
0.16326166751126148 3.5414175967294863
0.16326166751126148 3.5414175967294863
0.16326166751126148 3.5414175967294863
0.16326166751126148 3.5414175967294863
0.16326166751126148 3.5414175967294863
0.16326166751126148 3.540686981593932
0.16326166751126148 3.5215909669466785
0.16326166751126148 3.5215909669466785
0.16326166751126148 3.5215909669466785
0.16326166751126148 3.509918417569813
0.16326166751126148 3.509918417569813
0.16326166751126148 3.509918417569813
0.16326166751126148 3.509918417569813
0.16326166751126148 3.509918417569813
0.16326166751126148 3.509918417569813
0.16326166751126148 3.5215909669466785
0.16326166751126148 3.5215909669466785
0.16326166751126148 3.5215909669466785
0.16326166751126148 3.5215909669466785
0.15399490860499165 3.598611794161412
0.15399490860499165 3.598611794161412
0.15399490860499165 3.598611794161412
0.15399490860499165 3.598611794161412
0.15399490860499165 3.598611794161412
0.15399490860499165 3.598611794161412
0.15399490860499165 3.598611794161412
0.15399490860499165 3.598611794161412
0.13632933748128284 3.6268194093482764
0.13763206947316106 3.598719321286431
0.13763206947316106 3.580329607390756
0.13763206947316106 3.580329607390756
0.13763206947316106 3.598719321286431
0.13763206947316106 3.598719321286431
0.13763206947316106 3.598719321286431
0.13763206947316106 3.598719321286431
0.13763206947316106 3.598719321286431
0.13632933748128284 3.6268194093482764
0.13632933748128284 3.6268194093482764
0.13632933748128284 3.6268194093482764
0.13567797148534372 3.6420394487936116
0.1312889679838291 3.6466506498647195
0.12876878323510224 3.6344309588245736
0.12876878323510224 3.6344309588245736
0.12876878323510224 3.6344309588245736
0.12876878323510224 3.6344309588245736
0.12876878323510224 3.6344309588245736
0.21504360137761133 3.3913403062977814
0.12624859848637537 3.6498113673224037
0.12624859848637537 3.6456106916752278
0.12624859848637537 3.6456106916752278
0.12624859848637537 3.6456106916752278
0.12624859848637537 3.6456106916752278
0.12624859848637537 3.6456106916752278
0.12624859848637537 3.6391180349140457
0.12624859848637537 3.6391180349140457
0.12624859848637537 3.6372131677334436
0.12624859848637537 3.6372131677334436
0.12624859848637537 3.63301471147608
0.12624859848637537 3.63301471147608
0.12624859848637537 3.63301471147608
0.12624859848637537 3.6019785775948794
0.12624859848637537 3.6019785775948794
0.12624859848637537 3.5680766561660877
0.12624859848637537 3.5680766561660877
0.12624859848637537 3.5680766561660877
0.12624859848637537 3.5680766561660877
0.12624859848637537 3.5680766561660877
0.12624859848637537 3.5680766561660877
0.12624859848637537 3.5680766561660877
0.12624859848637537 3.5680766561660877
0.12624859848637537 3.5680766561660877
0.12624859848637537 3.5680766561660877
0.12624859848637537 3.5680766561660877
0.12624859848637537 3.5680766561660877
0.12624859848637537 3.6019785775948794
0.12624859848637537 3.6019785775948794
0.12624859848637537 3.6456106916752278
0.12624859848637537 3.6456106916752278
0.12624859848637537 3.6630142032851474
0.12624859848637537 3.6456106916752278
0.12624859848637537 3.6671737193170975
0.12624859848637537 3.6477643502812924
0.12624859848637537 3.6391180349140457
0.12624859848637537 3.6381424888497897
0.11484905457352784 3.788604241642686
0.11484905457352784 3.788604241642686
0.11484905457352784 3.788604241642686
0.11484905457352784 3.788604241642686
0.11484905457352784 3.788604241642686
0.1062993966388922 3.8202131507461004
0.1062993966388922 3.8202131507461004
0.1062993966388922 3.8202131507461004
0.1062993966388922 3.8202131507461004
0.09975216521301135 3.827710221506808
0.09975216521301135 3.827710221506808
0.09774973870425654 3.8529734644982923
0.09347490973693873 3.8623180478688712
0.09347490973693873 3.8623180478688712
0.08706266628596199 3.8569662493404393
0.08706266628596199 3.8569662493404393
0.08706266628596199 3.891115246428557
0.08706266628596199 3.891115246428557
0.08706266628596199 3.891115246428557
0.08706266628596199 3.891115246428557
0.08706266628596199 3.891115246428557
0.07810459604053047 4.209300876193349
0.07810459604053047 4.209300876193349
0.05878689984775329 4.226790737975094
0.05878689984775329 4.226790737975094
0.05878689984775329 4.226790737975094
0.05878689984775329 4.226790737975094
0.05878689984775329 4.226790737975094
0.05878689984775329 4.226790737975094
0.05878689984775329 4.262444321980816
0.05479050620778013 4.319987354509321
0.05079411256780697 4.360785134837629
0.04679771892783382 4.381766155431601
0.04679771892783382 4.381766155431601
0.04280132528786066 4.457905890852012
0.039804030057880795 4.501471051707258
0.03480853800791435 4.582262066387443
0.03480853800791435 4.582262066387443
0.055371778362580476 4.4711831801625115
0.055371778362580476 4.4711831801625115
0.055371778362580476 4.4711831801625115
0.055371778362580476 4.4711831801625115
0.055371778362580476 4.4711831801625115
0.04637443798193805 4.800408070456351
