0.7531723670417199 4.009200522871327
0.4569886897939739 3.2520976342039685
0.4569886897939739 3.2520976342039685
0.7531723670417199 4.005557290017302
0.4569886897939739 3.247574974897981
0.4569886897939739 3.247574974897981
0.7531723670417199 3.9913729834967233
0.7531723670417199 3.9913729834967233
0.7531723670417199 3.990913680624087
0.7531723670417199 3.990913680624087
0.7531723670417199 3.990913680624087
0.7531723670417199 3.990913680624087
0.47071949670716073 4.110856986992418
0.33867671283721834 3.7295391302312244
0.33867671283721834 3.7174060720557347
0.33867671283721834 3.7174060720557347
0.33867671283721834 3.7174060720557347
0.33867671283721834 3.7174060720557347
0.33867671283721834 3.6968137150414955
0.33867671283721834 3.6968137150414955
0.33867671283721834 3.6699634508100454
0.33867671283721834 3.6699634508100454
0.33867671283721834 3.6699634508100454
0.33867671283721834 3.6699634508100454
0.33867671283721834 3.6699634508100454
0.33867671283721834 3.6699634508100454
0.33867671283721834 3.6699634508100454
0.33867671283721834 3.6699634508100454
0.33867671283721834 3.6699634508100454
0.33867671283721834 3.6699634508100454
0.33867671283721834 3.6699634508100454
0.33867671283721834 3.6459078577540796
0.33867671283721834 3.6459078577540796
0.33867671283721834 3.6459078577540796
0.33867671283721834 3.6459078577540796
0.3585518723914434 3.5716029638447107
0.3585518723914434 3.5716029638447107
0.3585518723914434 3.5716029638447107
0.3585518723914434 3.5716029638447107
0.3585518723914434 3.5716029638447107
0.3585518723914434 3.5716029638447107
0.3585518723914434 3.5716029638447107
0.3585518723914434 3.5716029638447107
0.3585518723914434 3.5716029638447107
0.3585518723914434 3.5716029638447107
0.3585518723914434 3.5716029638447107
0.3585518723914434 3.5716029638447107
0.3585518723914434 3.5716029638447107
0.3585518723914434 3.5716029638447107
0.3585518723914434 3.5716029638447107
0.3585518723914434 3.5716029638447107
0.3585518723914434 3.5716029638447107
0.3585518723914434 3.5716029638447107
0.3585518723914434 3.5716029638447107
0.3585518723914434 3.5716029638447107
0.3585518723914434 3.5716029638447107
0.3585518723914434 3.5716029638447107
0.3585518723914434 3.5716029638447107
0.09992439291567812 3.3304426684339465
0.09992439291567812 3.277128487983652
0.09992439291567812 3.277128487983652
0.09992439291567812 3.277128487983652
0.09992439291567812 3.277128487983652
0.09992439291567812 3.277128487983652
0.09992439291567812 3.277128487983652
0.09992439291567812 3.277128487983652
0.09992439291567812 3.277128487983652
0.09992439291567812 3.2770418460823545
0.09992439291567812 3.2710754402218964
0.09992439291567812 3.270707171256294
0.09992439291567812 3.268641637446523
0.09992439291567812 3.268641637446523
0.09992439291567812 3.268641637446523
0.09992439291567812 3.268641637446523
0.09992439291567812 3.268641637446523
0.09992439291567812 3.268641637446523
0.09992439291567812 3.268641637446523
0.09992439291567812 3.268641637446523
0.09992439291567812 3.268641637446523
0.09992439291567812 3.268641637446523
0.09992439291567812 3.268641637446523
0.09992439291567812 3.268641637446523
0.09992439291567812 3.268641637446523
0.09992439291567812 3.268641637446523
0.1296730062251399 3.172570891187355
0.1296730062251399 3.172570891187355
0.1296730062251399 3.172570891187355
0.1296730062251399 3.172570891187355
0.1296730062251399 3.172570891187355
0.1296730062251399 3.172570891187355
0.1296730062251399 3.172570891187355
0.1296730062251399 3.172570891187355
0.3585518723914434 3.388731025996669
0.3585518723914434 3.388731025996669
0.3585518723914434 3.388731025996669
0.3585518723914434 3.388731025996669
0.3585518723914434 3.388731025996669
0.3585518723914434 3.388731025996669
0.3585518723914434 3.388731025996669
0.3585518723914434 3.388731025996669
0.3585518723914434 3.388731025996669
0.3585518723914434 3.388731025996669
0.3585518723914434 3.388731025996669
0.3585518723914434 3.388731025996669
0.3585518723914434 3.388731025996669
0.3585518723914434 3.37157337005004
0.3585518723914434 3.37157337005004
0.3585518723914434 3.37157337005004
0.3585518723914434 3.37157337005004
0.424364739655764 3.270563999217898
0.424364739655764 3.270563999217898
0.424364739655764 3.270563999217898
0.424364739655764 3.270563999217898
0.424364739655764 3.270563999217898
0.424364739655764 3.270563999217898
0.424364739655764 3.270563999217898
0.424364739655764 3.270563999217898
0.424364739655764 3.270563999217898
0.3914583060236037 3.3156584204632047
0.3914583060236037 3.3156584204632047
0.3914583060236037 3.3156584204632047
0.3914583060236037 3.3156584204632047
0.3914583060236037 3.3156584204632047
0.3914583060236037 3.3156584204632047
0.3914583060236037 3.3156584204632047
0.3914583060236037 3.3156584204632047
0.3914583060236037 3.3156584204632047
0.3914583060236037 3.3156584204632047
0.3914583060236037 3.3156584204632047
0.3914583060236037 3.3156584204632047
0.3504638530941102 3.3444947588601166
0.3504638530941102 3.3444947588601166
0.3504638530941102 3.3444947588601166
0.3504638530941102 3.3562865106105515
0.3504638530941102 3.3562865106105515
0.3504638530941102 3.3562865106105515
0.3504638530941102 3.3562865106105515
0.3504638530941102 3.3562865106105515
0.3504638530941102 3.3562865106105515
0.3504638530941102 3.3562865106105515
0.3504638530941102 3.3562865106105515
0.3504638530941102 3.3562865106105515
0.3504638530941102 3.3562865106105515
0.3504638530941102 3.3562865106105515
0.3504638530941102 3.3562865106105515
0.3504638530941102 3.3562865106105515
0.3504638530941102 3.3562865106105515
0.3504638530941102 3.3562865106105515
0.3504638530941102 3.3562865106105515
0.3504638530941102 3.3562865106105515
0.3504638530941102 3.3562865106105515
0.3504638530941102 3.3562865106105515
0.3504638530941102 3.3562865106105515
0.3504638530941102 3.3562865106105515
0.3504638530941102 3.3562865106105515
0.3504638530941102 3.3444947588601166
0.3504638530941102 3.3444947588601166
0.3504638530941102 3.3444947588601166
0.3504638530941102 3.3444947588601166
0.3504638530941102 3.3444947588601166
0.3504638530941102 3.35762765050637
0.3504638530941102 3.362854073194445
0.3504638530941102 3.362854073194445
0.3504638530941102 3.3451651660520922
0.3504638530941102 3.3451651660520922
0.3504638530941102 3.3498987243486917
0.3504638530941102 3.3498987243486917
0.3504638530941102 3.3498987243486917
0.3504638530941102 3.369906728900044
0.3504638530941102 3.321749488857442
0.3504638530941102 3.3562865106105515
0.3827402026352609 2.7747175692155865
0.3827402026352609 2.7747175692155865
0.3827402026352609 2.750154978964994
0.3827402026352609 2.750154978964994
0.3504638530941102 3.326792364096237
0.3827402026352609 2.718119154613854
0.3827402026352609 2.7494895677526583
0.3827402026352609 2.7494895677526583
0.3827402026352609 2.7691945915757477
0.3827402026352609 2.7691945915757477
0.3827402026352609 2.756262662927591
0.3827402026352609 2.608735891180778
0.3827402026352609 2.608735891180778
0.3504638530941102 3.3364740214972874
0.3504638530941102 3.35127116006433
0.3504638530941102 3.35127116006433
0.3504638530941102 3.319979511522623
0.3504638530941102 3.35127116006433
0.3504638530941102 3.3494573231020226
0.3504638530941102 3.35127116006433
0.3504638530941102 3.35127116006433
0.3504638530941102 3.294943391672991
0.3504638530941102 3.294943391672991
0.3504638530941102 3.294943391672991
0.3504638530941102 3.294943391672991
0.3504638530941102 3.294943391672991
0.3504638530941102 3.294943391672991
0.3504638530941102 3.294943391672991
0.3504638530941102 3.294943391672991
0.3504638530941102 3.294943391672991
0.3504638530941102 3.294943391672991
0.3504638530941102 3.294943391672991
0.3504638530941102 3.294943391672991
0.3504638530941102 3.294943391672991
0.3504638530941102 3.294943391672991
0.3504638530941102 3.294943391672991
0.3504638530941102 3.294943391672991
0.3504638530941102 3.294943391672991
0.3504638530941102 3.294943391672991
0.3504638530941102 3.294943391672991
0.3504638530941102 3.35127116006433
0.3504638530941102 3.35127116006433
0.3504638530941102 3.35127116006433
0.3504638530941102 3.35127116006433
0.3504638530941102 3.3639815414784264
0.3504638530941102 3.3621059286772406
0.3504638530941102 3.35127116006433
0.3504638530941102 3.35127116006433
0.3504638530941102 3.35127116006433
0.3504638530941102 3.294943391672991
0.3504638530941102 3.294943391672991
0.3504638530941102 3.3285569948148206
0.3504638530941102 3.35127116006433
0.3504638530941102 3.353159248811135
0.3504638530941102 3.353159248811135
0.3170886566662534 2.8458947119474294
0.3170886566662534 2.8429849339613185
0.3052782686659022 2.8724861245254782
0.3052782686659022 2.8724861245254782
0.3052782686659022 2.8724861245254782
0.3052782686659022 2.8724861245254782
0.2964204776656388 2.8770100159096046
0.2964204776656388 2.8770100159096046
0.2964204776656388 2.8770100159096046
0.2964204776656388 2.8770100159096046
0.2964204776656388 2.8770100159096046
0.292729731415529 2.879896912503349
0.292729731415529 2.879896912503349
0.292729731415529 2.879896912503349
0.292729731415529 2.879896912503349
0.292729731415529 2.879896912503349
0.2901462090404522 2.898946241752856
0.2901462090404522 2.898946241752856
0.2901462090404522 2.898946241752856
0.2901462090404522 2.898946241752856
0.2901462090404522 2.898946241752856
0.2901462090404522 2.898946241752856
0.28820856725914457 2.910935688200598
0.28820856725914457 2.910935688200598
0.28820856725914457 2.910935688200598
0.28820856725914457 2.910935688200598
0.28820856725914457 2.910935688200598
0.28820856725914457 2.910935688200598
0.28820856725914457 2.910935688200598
0.28820856725914457 2.910935688200598
0.28820856725914457 2.910935688200598
0.28820856725914457 2.910935688200598
0.28820856725914457 2.910935688200598
0.28820856725914457 2.910935688200598
0.28820856725914457 2.910935688200598
0.28661736792835113 2.9180815317111723
0.28661736792835113 2.9180815317111723
0.28661736792835113 2.9180815317111723
0.28661736792835113 2.9180815317111723
0.28661736792835113 2.9180815317111723
0.28661736792835113 2.9180815317111723
0.28661736792835113 2.9180815317111723
0.28661736792835113 2.9180815317111723
0.28661736792835113 2.9180815317111723
0.28661736792835113 2.9180815317111723
0.28661736792835113 2.9180815317111723
0.28661736792835113 2.9180815317111723
0.28661736792835113 2.9180815317111723
0.28661736792835113 2.9180815317111723
0.28661736792835113 2.9180815317111723
0.28661736792835113 2.9180815317111723
0.28661736792835113 2.9180815317111723
0.28661736792835113 2.9180815317111723
0.28661736792835113 2.9180815317111723
0.28661736792835113 2.9180815317111723
0.2513290459164415 3.0128594200786134
0.2513290459164415 3.0128594200786134
0.2513290459164415 3.0083115392900677
0.2513290459164415 3.0128594200786134
0.2513290459164415 3.0128594200786134
0.2513290459164415 3.0128594200786134
0.2513290459164415 3.0128594200786134
0.2513290459164415 3.0128594200786134
0.2513290459164415 3.0128594200786134
0.2513290459164415 3.0128594200786134
0.2513290459164415 3.0128594200786134
0.2336848849104867 3.062252624240881
0.2336848849104867 3.062252624240881
0.2336848849104867 3.062252624240881
0.2336848849104867 3.062252624240881
0.2336848849104867 3.062252624240881
0.2336848849104867 3.062252624240881
0.2336848849104867 3.062252624240881
0.2336848849104867 3.062252624240881
0.2336848849104867 3.062252624240881
0.22706832453325365 3.0767766387841644
0.22706832453325365 3.0767766387841644
0.22706832453325365 3.0767766387841644
0.22706832453325365 3.0767766387841644
0.22486280440750928 3.0889909366750823
0.22486280440750928 3.0889909366750823
0.22045176415602058 3.09241639964759
0.22045176415602058 3.09241639964759
0.21824624403027623 3.0970211053866774
0.21824624403027623 3.0970211053866774
0.21604072390453188 3.106030028418493
0.20147229457178967 3.550925262230287
0.20147229457178967 3.550925262230287
0.20147229457178967 3.550300062397565
0.20147229457178967 3.550300062397565
0.20147229457178967 3.550300062397565
0.20147229457178967 3.550300062397565
0.20147229457178967 3.550300062397565
0.20147229457178967 3.5466049220950193
0.20147229457178967 3.5466049220950193
0.20147229457178967 3.544873323879626
0.20147229457178967 3.544873323879626
0.20147229457178967 3.5444941676156874
0.20147229457178967 3.5444941676156874
0.20147229457178967 3.5444941676156874
0.20147229457178967 3.5444941676156874
0.20147229457178967 3.5444941676156874
0.20147229457178967 3.5444941676156874
0.1961389963674278 3.516489513111628
0.1961389963674278 3.516489513111628
0.1961389963674278 3.516489513111628
0.1961389963674278 3.516489513111628
0.1961389963674278 3.50836417265943
0.1961389963674278 3.50836417265943
0.1961389963674278 3.5012776271811785
0.1961389963674278 3.5012776271811785
0.1961389963674278 3.5012776271811785
0.1961389963674278 3.5012776271811785
0.1961389963674278 3.5012776271811785
0.1961389963674278 3.467929841712268
0.1961389963674278 3.467929841712268
0.1961389963674278 3.467929841712268
0.1961389963674278 3.467929841712268
0.1961389963674278 3.467929841712268
0.1961389963674278 3.50836417265943
0.1961389963674278 3.516489513111628
0.1961389963674278 3.516489513111628
0.18035985901438453 3.5422306067282054
0.18035985901438453 3.5287361481846458
0.18035985901438453 3.5287361481846458
0.18035985901438453 3.5287361481846458
0.18035985901438453 3.5287361481846458
0.18035985901438453 3.5287361481846458
0.18035985901438453 3.5287361481846458
0.18035985901438453 3.5422306067282054
0.18035985901438453 3.5422306067282054
0.18035985901438453 3.5422306067282054
0.18035985901438453 3.5422306067282054
0.18035985901438453 3.5422306067282054
0.18035985901438453 3.5422306067282054
0.18035985901438453 3.5422306067282054
0.18035985901438453 3.5422306067282054
0.18035985901438453 3.5422306067282054
0.17068262661274308 3.6092059105619008
0.17068262661274308 3.6092059105619008
0.17068262661274308 3.6092059105619008
0.1417581834324531 3.6867713086607483
0.1417581834324531 3.6867713086607483
0.1417581834324531 3.6867713086607483
0.1417581834324531 3.6867713086607483
0.1417581834324531 3.6812907472031164
0.1417581834324531 3.659582277052454
0.1417581834324531 3.659582277052454
0.1417581834324531 3.659582277052454
0.1417581834324531 3.659582277052454
0.12101407143695117 3.6228002440651483
0.12101407143695117 3.6228002440651483
0.12101407143695117 3.6228002440651483
0.12101407143695117 3.6228002440651483
0.003476654669086504 4.2595988982686475
0.003476654669086504 4.2595988982686475
0.003476654669086504 4.2595988982686475
0.003476654669086504 4.2595988982686475
0.003476654669086504 4.2595988982686475
0.003476654669086504 4.2595988982686475
0.003476654669086504 4.2595988982686475
0.003476654669086504 4.2595988982686475
0.003476654669086504 4.2595988982686475
0.003476654669086504 4.2595988982686475
0.003476654669086504 4.2595988982686475
0.003476654669086504 4.2595988982686475
0.003476654669086504 4.2595988982686475
0.003476654669086504 4.2595988982686475
0.003476654669086504 4.2595988982686475
0.003476654669086504 4.2595988982686475
0.003476654669086504 4.2595988982686475
0.003476654669086504 4.2595988982686475
0.003476654669086504 4.2595988982686475
0.003476654669086504 4.2595988982686475
0.003476654669086504 4.2595988982686475
0.003476654669086504 4.2595988982686475
0.003476654669086504 4.2595988982686475
0.003476654669086504 4.2595988982686475
0.003476654669086504 4.2595988982686475
0.003476654669086504 4.2595988982686475
