0.02608369059022142 5.436410995128458
0.02608369059022142 5.436410995128458
0.02608369059022142 5.436410995128458
0.02608369059022142 5.433955477285845
0.02608369059022142 5.433955477285845
0.02608369059022142 5.433955477285845
0.02608369059022142 5.395637619519573
0.02608369059022142 5.395637619519573
0.02608369059022142 5.391756331142483
0.02608369059022142 5.350757999579026
0.02608369059022142 5.350757999579026
0.02608369059022142 5.350757999579026
0.02608369059022142 5.350757999579026
0.02608369059022142 5.348428949381402
0.02608369059022142 5.348428949381402
0.02608369059022142 5.348428949381402
0.05029388858805617 4.589696032341144
0.05029388858805617 4.589696032341144
0.05029388858805617 4.589696032341144
0.05029388858805617 4.580303337359176
0.05029388858805617 4.580303337359176
0.05029388858805617 4.567058115468123
0.05029388858805617 4.567058115468123
0.14708720347205984 4.182923579812847
0.14708720347205984 4.182923579812847
0.14708720347205984 4.172226676325417
0.14708720347205984 4.172226676325417
0.14708720347205984 4.172226676325417
0.14708720347205984 4.172226676325417
0.14708720347205984 4.172226676325417
0.14708720347205984 4.172226676325417
0.14708720347205984 4.1613655159394956
0.525245011439575 2.951207427925291
0.525245011439575 2.951207427925291
0.525245011439575 2.951207427925291
0.525245011439575 2.951207427925291
0.525245011439575 2.9717384312341273
0.525245011439575 2.9717384312341273
0.525245011439575 2.9717384312341273
0.525245011439575 2.9717384312341273
0.525245011439575 2.9717384312341273
0.525245011439575 2.9717384312341273
0.525245011439575 2.9717384312341273
0.525245011439575 2.9717384312341273
0.525245011439575 2.9542108424944336
0.525245011439575 2.9542108424944336
0.525245011439575 2.9542108424944336
0.525245011439575 2.9586102137217463
0.525245011439575 2.9717384312341273
0.525245011439575 2.9542108424944336
0.525245011439575 2.966965770141297
0.525245011439575 2.9599694339022964
0.525245011439575 2.9599694339022964
0.525245011439575 2.951207427925291
0.525245011439575 2.9254779816366687
0.525245011439575 2.9254779816366687
0.525245011439575 2.9254779816366687
0.525245011439575 2.9254779816366687
0.525245011439575 2.9542108424944336
0.525245011439575 2.9542108424944336
0.525245011439575 2.951207427925291
0.525245011439575 2.951207427925291
0.525245011439575 2.9151523299457764
0.525245011439575 2.9151523299457764
0.525245011439575 2.9151523299457764
0.525245011439575 2.9254779816366687
0.525245011439575 2.9254779816366687
0.525245011439575 2.9489164832448007
0.525245011439575 2.9489164832448007
0.525245011439575 2.908156696812877
0.525245011439575 2.9542108424944336
0.525245011439575 2.9542108424944336
0.525245011439575 2.9542108424944336
0.525245011439575 2.9542108424944336
0.525245011439575 2.9552924497505737
0.525245011439575 2.9552924497505737
0.525245011439575 2.9151523299457764
0.525245011439575 2.9557037971325024
0.525245011439575 2.9593602777149197
0.525245011439575 2.950532230966628
0.525245011439575 2.9254779816366687
0.525245011439575 2.9254779816366687
0.525245011439575 2.9254779816366687
0.525245011439575 2.9151523299457764
0.525245011439575 2.9151523299457764
0.525245011439575 2.9151523299457764
0.525245011439575 2.9373721610773638
0.525245011439575 2.9373721610773638
0.525245011439575 2.9151523299457764
0.525245011439575 2.9231321706553124
0.525245011439575 2.9231321706553124
0.525245011439575 2.9378012530886677
0.525245011439575 2.9378012530886677
0.525245011439575 2.9231321706553124
0.525245011439575 2.9231321706553124
0.525245011439575 2.9231321706553124
0.525245011439575 2.9231321706553124
0.525245011439575 2.9280984388541027
0.525245011439575 2.908156696812877
0.525245011439575 2.913239049630748
0.525245011439575 2.923317808390837
0.525245011439575 2.9196603288547176
0.525245011439575 2.9196603288547176
0.5931859981642454 2.946430144275178
0.5931859981642454 2.946430144275178
0.5931859981642454 2.946430144275178
0.5931859981642454 2.946430144275178
0.5931859981642454 2.946430144275178
0.5931859981642454 2.946430144275178
0.5931859981642454 2.946430144275178
0.5931859981642454 2.946430144275178
0.5931859981642454 2.946430144275178
0.5931859981642454 2.946430144275178
0.5931859981642454 2.946430144275178
0.5189814416095282 2.9260614821177398
0.5189814416095282 2.9260614821177398
0.5189814416095282 2.9260614821177398
0.5189814416095282 2.9260614821177398
0.5189814416095282 2.9260614821177398
0.5189814416095282 2.9260614821177398
0.5189814416095282 2.9260614821177398
0.5189814416095282 2.9260614821177398
0.5189814416095282 2.9260614821177398
0.5189814416095282 2.9260614821177398
0.5189814416095282 2.9260614821177398
0.5189814416095282 2.9260614821177398
0.5189814416095282 2.9260614821177398
0.5189814416095282 2.9260614821177398
0.5189814416095282 2.9260614821177398
0.5189814416095282 2.9260614821177398
0.5189814416095282 2.9260614821177398
0.5189814416095282 2.9260614821177398
0.5189814416095282 2.9260614821177398
0.5189814416095282 2.9260614821177398
0.5189814416095282 2.9260614821177398
0.5189814416095282 2.9260614821177398
0.5189814416095282 2.9260614821177398
0.6596528585275511 2.8560256501409635
0.6596528585275511 2.8560256501409635
0.6596528585275511 2.8560256501409635
0.6596528585275511 2.8560256501409635
0.6596528585275511 2.8560256501409635
0.6596528585275511 2.8560256501409635
0.6521417511523304 2.8727493544616554
0.6521417511523304 2.8722027848053373
0.6521417511523304 2.8727493544616554
0.6465084206209148 2.8741742362221614
0.6455695321990123 2.8739718223841266
0.6455695321990123 2.8739718223841266
0.6455695321990123 2.8739718223841266
0.6455695321990123 2.8739718223841266
0.6455695321990123 2.8739718223841266
0.6455695321990123 2.8739718223841266
0.6455695321990123 2.8739718223841266
0.6455695321990123 2.8739718223841266
0.6446306437771097 2.8932349674296822
0.6446306437771097 2.8932349674296822
0.6446306437771097 2.8932349674296822
0.6446306437771097 2.8932349674296822
0.6446306437771097 2.8932349674296822
0.645100087988061 2.8932672411923535
0.645100087988061 2.8932672411923535
0.6446306437771097 2.912122088389957
0.6446306437771097 2.912122088389957
0.6446306437771097 2.912122088389957
0.6446306437771097 2.912122088389957
0.6446306437771097 2.912122088389957
0.6446306437771097 2.912122088389957
0.6446306437771097 2.912122088389957
0.6446306437771097 2.912122088389957
0.6446306437771097 2.912122088389957
0.6446306437771097 2.912122088389957
0.6446306437771097 2.912122088389957
0.6446306437771097 2.912122088389957
0.6446306437771097 2.912122088389957
0.6446306437771097 2.912122088389957
0.6446306437771097 2.9215697114319084
0.5141901203361592 3.0756696896847946
0.5141901203361592 3.0756696896847946
0.5141901203361592 3.0658689757466373
0.5141901203361592 3.0658689757466373
0.5141901203361592 3.0658689757466373
0.5141901203361592 3.0658689757466373
0.5141901203361592 3.0658689757466373
0.5141901203361592 3.078575818012703
0.5141901203361592 3.078575818012703
0.5141901203361592 3.0516735155136145
0.5141901203361592 3.0717200768940147
0.5141901203361592 3.0717200768940147
0.5141901203361592 3.083284553317279
0.5141901203361592 3.0723238504857036
0.5141901203361592 3.0723238504857036
0.5141901203361592 3.0988915849502066
0.5141901203361592 3.0805709854381256
0.5141901203361592 3.0800406257571544
0.5141901203361592 3.0778437424382394
0.5141901203361592 3.09440569756445
0.5141901203361592 3.100782028266481
0.5141901203361592 3.083021867488016
0.5141901203361592 3.083021867488016
0.5141901203361592 3.083021867488016
0.5141901203361592 3.0856944088346068
0.5141901203361592 3.0856944088346068
0.5141901203361592 3.0798011760020105
0.5141901203361592 3.0798011760020105
0.5141901203361592 3.0798011760020105
0.5141901203361592 3.0798011760020105
0.49076445581061634 2.895708290974549
0.49076445581061634 2.895708290974549
0.49076445581061634 2.895708290974549
0.49076445581061634 2.895708290974549
0.49076445581061634 2.9080040107791922
0.49076445581061634 2.91339098985187
0.49076445581061634 2.91339098985187
0.49076445581061634 2.91339098985187
0.49076445581061634 2.91339098985187
0.49076445581061634 2.91339098985187
0.49076445581061634 2.91339098985187
0.49076445581061634 2.91339098985187
0.39863943360038223 3.2389009788975525
0.39863943360038223 3.2332594728010027
0.39863943360038223 3.219498013410106
0.39863943360038223 3.219498013410106
0.39863943360038223 3.2133658850858087
0.39863943360038223 3.2133658850858087
0.39863943360038223 3.2133658850858087
0.39863943360038223 3.1780692526639154
0.39863943360038223 3.1780692526639154
0.39863943360038223 3.1780692526639154
0.40354299320844433 2.844875905634167
0.40354299320844433 2.844875905634167
0.40354299320844433 2.844875905634167
0.40354299320844433 2.844875905634167
0.40354299320844433 2.844875905634167
0.40354299320844433 2.844875905634167
0.40354299320844433 2.844875905634167
0.40354299320844433 2.844875905634167
0.40354299320844433 2.844875905634167
0.40354299320844433 2.844875905634167
0.40354299320844433 2.844875905634167
0.40354299320844433 2.844875905634167
0.40354299320844433 2.844875905634167
0.40354299320844433 2.844875905634167
0.40354299320844433 2.844875905634167
0.40354299320844433 2.844875905634167
0.40354299320844433 2.844875905634167
0.40354299320844433 2.844875905634167
0.40354299320844433 2.844875905634167
0.40354299320844433 2.844875905634167
0.40354299320844433 2.844875905634167
0.40354299320844433 2.844875905634167
0.40354299320844433 2.844875905634167
0.40354299320844433 2.844875905634167
0.40354299320844433 2.844875905634167
0.40354299320844433 2.844875905634167
0.40354299320844433 2.844875905634167
0.40354299320844433 2.844875905634167
0.40354299320844433 2.844875905634167
0.40354299320844433 2.844875905634167
0.40354299320844433 2.8411076942591027
0.40354299320844433 2.8411076942591027
0.40354299320844433 2.835857828719036
0.40354299320844433 2.844875905634167
0.40354299320844433 2.8475358643252173
0.40354299320844433 2.8419053040582707
0.40354299320844433 2.8419053040582707
0.40354299320844433 2.825175066515747
0.40354299320844433 2.8261283793910508
0.40354299320844433 2.8377764304537814
0.40354299320844433 2.8435459965983645
0.40354299320844433 2.8282087309623973
0.40354299320844433 2.833974127443495
0.40354299320844433 2.844875905634167
0.40354299320844433 2.84067984299382
0.40354299320844433 2.84067984299382
0.40354299320844433 2.861889028068738
0.40354299320844433 2.861889028068738
0.40354299320844433 2.8434240096668972
0.40354299320844433 2.8396603223328793
0.40354299320844433 2.8336704039676386
0.40354299320844433 2.8218853472078305
0.40354299320844433 2.8296118063384514
0.40354299320844433 2.8480901748065555
0.40354299320844433 2.8480901748065555
0.40354299320844433 2.8480901748065555
0.40354299320844433 2.8480901748065555
0.40354299320844433 2.837161735012665
0.40354299320844433 2.8402983988022776
0.40354299320844433 2.7951767070551297
0.40354299320844433 2.812953314798071
0.40354299320844433 2.8694140193380444
0.40354299320844433 2.8352642251172955
0.40354299320844433 2.8352642251172955
0.40354299320844433 2.8352642251172955
0.40354299320844433 2.778357924255638
0.40354299320844433 2.778357924255638
0.40354299320844433 2.833983074093421
0.3204545554637824 3.097383520096574
0.3204545554637824 3.097383520096574
0.3204545554637824 3.097383520096574
0.3204545554637824 3.097383520096574
0.3204545554637824 3.097383520096574
0.3204545554637824 3.097383520096574
0.3204545554637824 3.097383520096574
0.3204545554637824 3.097383520096574
0.3204545554637824 3.097383520096574
0.3204545554637824 3.097383520096574
0.3204545554637824 3.097383520096574
0.2021168451767012 3.1835189347795736
0.2021168451767012 3.1835189347795736
0.2021168451767012 3.1835189347795736
0.2021168451767012 3.1835189347795736
0.2021168451767012 3.1828726571775
0.2021168451767012 3.1828726571775
0.2021168451767012 3.1828726571775
0.2021168451767012 3.1828726571775
0.28083551570245396 3.445485439050606
0.28083551570245396 3.445485439050606
0.28083551570245396 3.4481587150820268
0.28083551570245396 3.4481587150820268
0.28083551570245396 3.4481587150820268
0.28083551570245396 3.4481587150820268
0.28083551570245396 3.4481587150820268
0.28083551570245396 3.4481587150820268
0.28083551570245396 3.4481587150820268
0.2021168451767012 3.178621443058912
0.2021168451767012 3.178621443058912
0.2021168451767012 3.178621443058912
0.2021168451767012 3.178621443058912
0.2021168451767012 3.1508832112996785
0.2021168451767012 3.133113534354109
0.2021168451767012 3.133113534354109
0.2021168451767012 3.133113534354109
0.2021168451767012 3.133113534354109
0.2021168451767012 3.133113534354109
0.2021168451767012 3.133113534354109
0.2021168451767012 3.133113534354109
0.2021168451767012 3.133113534354109
0.2021168451767012 3.133113534354109
0.2021168451767012 3.133113534354109
0.2021168451767012 3.0891885270448025
0.2021168451767012 3.0891885270448025
0.2021168451767012 3.0891885270448025
0.2021168451767012 3.0891885270448025
0.2021168451767012 3.0891885270448025
0.2021168451767012 3.133113534354109
0.2021168451767012 3.1508832112996785
0.2021168451767012 3.1508832112996785
0.2021168451767012 3.178621443058912
0.2021168451767012 3.189541658646212
0.2021168451767012 3.189541658646212
0.2021168451767012 3.210806330839373
0.21770843478037438 3.56851194645165
0.21770843478037438 3.56851194645165
0.2145999042804235 3.588414043205874
0.2145999042804235 3.588414043205874
0.2145999042804235 3.588414043205874
0.2145999042804235 3.588414043205874
0.20372004753059536 3.6413542161172203
0.20372004753059536 3.6413542161172203
0.20372004753059536 3.6413542161172203
0.2031371980618546 3.61590846696743
0.2031371980618546 3.61590846696743
0.2013886496556322 3.6581031995475026
0.2013886496556322 3.6581031995475026
0.20100008334313835 3.6667543191354643
0.19284019078076725 3.698883990991178
0.19284019078076725 3.698883990991178
0.19284019078076725 3.698883990991178
0.19284019078076725 3.698883990991178
0.18584599715587774 3.7374958418116
0.18584599715587774 3.7374958418116
0.18584599715587774 3.7374958418116
0.18312603296842073 3.7404190156039627
0.18040606878096369 3.745474495963136
0.18040606878096369 3.745474495963136
0.1614634610468879 3.7501089259137226
0.1614634610468879 3.7501089259137226
0.08865544761335992 3.490021395914041
0.08865544761335992 3.490021395914041
0.08865544761335992 3.490021395914041
0.08865544761335992 3.490021395914041
0.08865544761335992 3.490021395914041
0.14317655896514553 3.7595344802675874
0.14317655896514553 3.7595344802675874
0.08391890867672011 3.5572521285427543
0.08391890867672011 3.5572521285427543
0.08284296072371902 3.6025963472152394
0.11346034308231417 4.047659836042841
0.11346034308231417 4.047659836042841
0.13098529091065061 3.7761347726548666
0.13098529091065061 3.7761347726548666
0.11346034308231417 4.047659836042841
0.11346034308231417 4.047659836042841
0.11346034308231417 4.047659836042841
0.11346034308231417 4.047659836042841
0.11346034308231417 4.047659836042841
0.08031533305915611 4.216266176514091
0.0894587841000273 4.202649524485423
0.0894587841000273 4.202649524485423
0.0894587841000273 4.202649524485423
0.0894587841000273 4.202649524485423
0.0894587841000273 4.202649524485423
0.0894587841000273 4.202649524485423
0.08031533305915611 4.216266176514091
0.08031533305915611 4.216266176514091
