0.6536769516156753 4.118496245404942
0.4542084130864935 4.264542078351227
0.4542084130864935 4.264542078351227
0.4542084130864935 4.264542078351227
0.4542084130864935 4.250093634727322
0.4542084130864935 4.250093634727322
0.4542084130864935 4.250093634727322
0.4542084130864935 4.250093634727322
0.19450844950028157 4.195189217915031
0.19450844950028157 4.173716466870934
0.19450844950028157 4.173716466870934
0.19450844950028157 4.173716466870934
0.19450844950028157 4.173716466870934
0.19450844950028157 4.170040513308784
0.19450844950028157 4.165513648621455
0.19450844950028157 4.165513648621455
0.19450844950028157 4.165513648621455
0.2730409705074658 3.9802306127969724
0.2730409705074658 3.9802306127969724
0.2730409705074658 3.9802306127969724
0.2730409705074658 3.974807738280109
0.2730409705074658 3.974807738280109
0.2730409705074658 3.974807738280109
0.2730409705074658 3.974807738280109
0.2730409705074658 3.974807738280109
0.2730409705074658 3.974807738280109
0.2730409705074658 3.974807738280109
0.2730409705074658 3.9802306127969724
0.2730409705074658 3.9802306127969724
0.2730409705074658 3.9802306127969724
0.2730409705074658 3.9802306127969724
0.2730409705074658 3.9802306127969724
0.2730409705074658 3.9802306127969724
0.2730409705074658 3.9802306127969724
0.2730409705074658 3.9802306127969724
0.2730409705074658 3.9802306127969724
0.2730409705074658 3.9802306127969724
0.2730409705074658 3.9802306127969724
0.2730409705074658 3.9802306127969724
0.2730409705074658 3.9802306127969724
0.2730409705074658 3.9802306127969724
0.2730409705074658 3.9802306127969724
0.2730409705074658 3.9802306127969724
0.2730409705074658 3.9802306127969724
0.2730409705074658 3.9802306127969724
0.2730409705074658 3.9802306127969724
0.4523446228957855 3.497210156272958
0.4523446228957855 3.497210156272958
0.4523446228957855 3.497210156272958
0.4523446228957855 3.497210156272958
0.4523446228957855 3.497210156272958
0.4523446228957855 3.497210156272958
0.4523446228957855 3.497210156272958
0.4523446228957855 3.497210156272958
0.8048566991476005 2.6919523890700354
0.8048566991476005 2.6919523890700354
0.8048566991476005 2.6919523890700354
0.8048566991476005 2.6919523890700354
0.8048566991476005 2.6919523890700354
0.8048566991476005 2.6919523890700354
0.8048566991476005 2.6919523890700354
0.8048566991476005 2.6919523890700354
0.8048566991476005 2.6919523890700354
0.8048566991476005 2.6919523890700354
0.8048566991476005 2.6919523890700354
0.8048566991476005 2.6919523890700354
0.8048566991476005 2.6919523890700354
0.8048566991476005 2.6919523890700354
0.8048566991476005 2.6919523890700354
0.8048566991476005 2.6919523890700354
0.8048566991476005 2.6919523890700354
0.8048566991476005 2.6919523890700354
0.8048566991476005 2.6919523890700354
0.5472257601939937 2.6921203576847192
0.8048566991476005 2.675297625966461
0.8048566991476005 2.6710156897185704
0.8048566991476005 2.6710156897185704
0.8048566991476005 2.6710156897185704
0.8048566991476005 2.675297625966461
0.8048566991476005 2.675297625966461
0.8048566991476005 2.675297625966461
0.8048566991476005 2.675297625966461
0.8048566991476005 2.675297625966461
0.8048566991476005 2.676328533253319
0.5144164223074239 2.7268625421271584
0.5144164223074239 2.7268625421271584
0.5144164223074239 2.7268625421271584
0.5144164223074239 2.7268625421271584
0.5144164223074239 2.7268625421271584
0.5144164223074239 2.7268625421271584
0.5144164223074239 2.7268625421271584
0.5144164223074239 2.7268625421271584
0.5144164223074239 2.7268625421271584
0.5144164223074239 2.7268625421271584
0.5144164223074239 2.7268625421271584
0.5144164223074239 2.7268625421271584
0.5144164223074239 2.7268625421271584
0.5144164223074239 2.7268625421271584
0.5144164223074239 2.7268625421271584
0.5144164223074239 2.7268625421271584
0.45067191248338445 2.938850539111798
0.45067191248338445 2.938850539111798
0.45067191248338445 2.938850539111798
0.45067191248338445 2.938850539111798
0.45067191248338445 2.938850539111798
0.45067191248338445 2.938850539111798
0.45067191248338445 2.938850539111798
0.45067191248338445 2.9314596051692576
0.45067191248338445 2.932855744878663
0.45067191248338445 2.932855744878663
0.45067191248338445 2.941487570857974
0.45067191248338445 2.941487570857974
0.45067191248338445 2.941487570857974
0.45067191248338445 2.941487570857974
0.4499138057170571 2.805215644954556
0.4499138057170571 2.805215644954556
0.4499138057170571 2.800939242276838
0.4499138057170571 2.805215644954556
0.4499138057170571 2.805215644954556
0.4499138057170571 2.805215644954556
0.4499138057170571 2.805215644954556
0.4499138057170571 2.805215644954556
0.4499138057170571 2.805215644954556
0.4499138057170571 2.805215644954556
0.4499138057170571 2.805215644954556
0.4499138057170571 2.805215644954556
0.4499138057170571 2.805215644954556
0.4499138057170571 2.805215644954556
0.4499138057170571 2.805215644954556
0.4499138057170571 2.805215644954556
0.4499138057170571 2.805215644954556
0.4499138057170571 2.805215644954556
0.447973731376514 2.81419763257143
0.447973731376514 2.81419763257143
0.447973731376514 2.81419763257143
0.447973731376514 2.81419763257143
0.447973731376514 2.81419763257143
0.447973731376514 2.81419763257143
0.447973731376514 2.81419763257143
0.447973731376514 2.81419763257143
0.447973731376514 2.81419763257143
0.447973731376514 2.81419763257143
0.447973731376514 2.81419763257143
0.447973731376514 2.81419763257143
0.447973731376514 2.81419763257143
0.447973731376514 2.81419763257143
0.447973731376514 2.81419763257143
0.447973731376514 2.81419763257143
0.447973731376514 2.81419763257143
0.447973731376514 2.81419763257143
0.4146943226458134 2.860239724627783
0.4146943226458134 2.860239724627783
0.4146943226458134 2.860239724627783
0.4146943226458134 2.860239724627783
0.4146943226458134 2.860239724627783
0.4146943226458134 2.860239724627783
0.4146943226458134 2.860239724627783
0.4146943226458134 2.860239724627783
0.4146943226458134 2.860239724627783
0.4146943226458134 2.860239724627783
0.4146943226458134 2.860239724627783
0.4146943226458134 2.860239724627783
0.4146943226458134 2.860239724627783
0.4146943226458134 2.860239724627783
0.4146943226458134 2.860239724627783
0.4146943226458134 2.860239724627783
0.4146943226458134 2.860239724627783
0.4146943226458134 2.860239724627783
0.4146943226458134 2.860239724627783
0.4146943226458134 2.860239724627783
0.4146943226458134 2.860239724627783
0.4146943226458134 2.860239724627783
0.4146943226458134 2.860239724627783
0.4146943226458134 2.860239724627783
0.4146943226458134 2.860239724627783
0.4146943226458134 2.860239724627783
0.4146943226458134 2.860239724627783
0.4146943226458134 2.860239724627783
0.4146943226458134 2.860239724627783
0.2520679189984889 3.12959546982682
0.4065682321050572 2.8432089080645118
0.4065682321050572 2.8432089080645118
0.4065682321050572 2.8432089080645118
0.4065682321050572 2.8432089080645118
0.4065682321050572 2.8432089080645118
0.4065682321050572 2.8432089080645118
0.4065682321050572 2.8432089080645118
0.4065682321050572 2.8432089080645118
0.4065682321050572 2.8432089080645118
0.4065682321050572 2.8432089080645118
0.4065682321050572 2.8432089080645118
0.4065682321050572 2.8432089080645118
0.4065682321050572 2.8432089080645118
0.4065682321050572 2.8432089080645118
0.4065682321050572 2.8432089080645118
0.4065682321050572 2.8432089080645118
0.4065682321050572 2.8432089080645118
0.4065682321050572 2.8432089080645118
0.4065682321050572 2.8432089080645118
0.4065682321050572 2.8432089080645118
0.4065682321050572 2.8432089080645118
0.4065682321050572 2.8432089080645118
0.4065682321050572 2.8432089080645118
0.4065682321050572 2.8432089080645118
0.4065682321050572 2.8432089080645118
0.4065682321050572 2.8432089080645118
0.37054535876651173 3.212999164533812
0.37054535876651173 3.212999164533812
0.37054535876651173 3.212999164533812
0.37054535876651173 3.186386342390584
0.37054535876651173 3.186386342390584
0.37054535876651173 3.186386342390584
0.37054535876651173 3.186386342390584
0.37054535876651173 3.186386342390584
0.37054535876651173 3.186386342390584
0.37054535876651173 3.186386342390584
0.37054535876651173 3.186386342390584
0.37054535876651173 3.212999164533812
0.37054535876651173 3.212999164533812
0.37054535876651173 3.212999164533812
0.37054535876651173 3.212999164533812
0.37054535876651173 3.212999164533812
0.37054535876651173 3.212999164533812
0.37054535876651173 3.212999164533812
0.37054535876651173 3.212999164533812
0.37054535876651173 3.212999164533812
0.37054535876651173 3.212999164533812
0.37054535876651173 3.212999164533812
0.37054535876651173 3.212999164533812
0.37054535876651173 3.212999164533812
0.37054535876651173 3.212999164533812
0.37054535876651173 3.212999164533812
0.37054535876651173 3.212999164533812
0.37054535876651173 3.212999164533812
0.37054535876651173 3.212999164533812
0.37054535876651173 3.212999164533812
0.37054535876651173 3.212999164533812
0.37054535876651173 3.186386342390584
0.37054535876651173 3.186386342390584
0.37054535876651173 3.212999164533812
0.37054535876651173 3.159990987564409
0.37054535876651173 3.2286668867103283
0.37054535876651173 3.199690822145856
0.37054535876651173 3.190467080405654
0.37054535876651173 3.190467080405654
0.37054535876651173 3.190467080405654
0.37054535876651173 3.190467080405654
0.37054535876651173 3.241005556305524
0.37054535876651173 3.2716385982372733
0.37054535876651173 3.1807599741856167
0.37054535876651173 3.2183309295020894
0.33908548461051047 2.9283341024492997
0.33908548461051047 2.9283341024492997
0.33908548461051047 2.9283341024492997
0.33908548461051047 2.9283341024492997
0.3046114354677565 3.0282308408951453
0.3046114354677565 3.0282308408951453
0.3046114354677565 3.0282308408951453
0.3046114354677565 3.0282308408951453
0.3046114354677565 3.0282308408951453
0.3046114354677565 3.0282308408951453
0.3046114354677565 3.0282308408951453
0.3046114354677565 3.0282308408951453
0.3046114354677565 3.0282308408951453
0.3046114354677565 3.0282308408951453
0.3046114354677565 3.0282308408951453
0.3046114354677565 3.0282308408951453
0.3046114354677565 3.0282308408951453
0.3046114354677565 3.0282308408951453
0.3046114354677565 3.0282308408951453
0.3046114354677565 3.0282308408951453
0.3046114354677565 3.0282308408951453
0.3046114354677565 3.0282308408951453
0.3046114354677565 3.0282308408951453
0.3046114354677565 3.0282308408951453
0.3046114354677565 3.0282308408951453
0.3046114354677565 3.0282308408951453
0.3046114354677565 3.0282308408951453
0.3046114354677565 3.0282308408951453
0.3046114354677565 3.0282308408951453
0.3046114354677565 3.0282308408951453
0.3046114354677565 3.0282308408951453
0.3046114354677565 3.0282308408951453
0.3046114354677565 3.0282308408951453
0.3046114354677565 3.0282308408951453
0.3046114354677565 3.0282308408951453
0.3400806718676734 3.088133378453318
0.3400806718676734 3.088133378453318
0.3400806718676734 3.088133378453318
0.3400806718676734 3.088133378453318
0.3400806718676734 3.088133378453318
0.3400806718676734 3.088133378453318
0.3400806718676734 3.088133378453318
0.3400806718676734 3.088133378453318
0.3400806718676734 3.088133378453318
0.3400806718676734 3.088133378453318
0.3400806718676734 3.088133378453318
0.3400806718676734 3.088133378453318
0.3400806718676734 3.088133378453318
0.3400806718676734 3.088133378453318
0.3400806718676734 3.088133378453318
0.3400806718676734 3.088133378453318
0.3400806718676734 3.088133378453318
0.3400806718676734 3.088133378453318
0.3400806718676734 3.088133378453318
0.3400806718676734 3.088133378453318
0.3400806718676734 3.088133378453318
0.3400806718676734 3.088133378453318
0.3400806718676734 3.088133378453318
0.3400806718676734 3.088133378453318
0.3400806718676734 3.088133378453318
0.3400806718676734 3.088133378453318
0.23361253737149448 3.4939983179779475
0.23361253737149448 3.4939983179779475
0.23361253737149448 3.4939983179779475
0.23361253737149448 3.4939983179779475
0.23361253737149448 3.4939983179779475
0.23361253737149448 3.4939983179779475
0.23361253737149448 3.4939983179779475
0.23361253737149448 3.483302378515043
0.23361253737149448 3.483302378515043
0.23361253737149448 3.4679407208727966
0.23361253737149448 3.4679407208727966
0.23361253737149448 3.483302378515043
0.23361253737149448 3.4939983179779475
0.23361253737149448 3.4939983179779475
0.23361253737149448 3.5149395685872866
0.23361253737149448 3.5289042711889165
0.23361253737149448 3.5289042711889165
0.23361253737149448 3.5568428897292166
0.23361253737149448 3.5568428897292166
0.23361253737149448 3.5568428897292166
0.23361253737149448 3.5568428897292166
0.23361253737149448 3.5568428897292166
0.23361253737149448 3.5568428897292166
0.23361253737149448 3.5568428897292166
0.23361253737149448 3.5568428897292166
0.23361253737149448 3.5568428897292166
0.23361253737149448 3.5568428897292166
0.23361253737149448 3.5289042711889165
0.21274682759072272 3.7747792475036186
0.24181899098097587 3.3139259240173273
0.24181899098097587 3.3139259240173273
0.24181899098097587 3.3139259240173273
0.24181899098097587 3.2875025418696198
0.24181899098097587 3.3139259240173273
0.24181899098097587 3.3139259240173273
0.24181899098097587 3.3139259240173273
0.24181899098097587 3.3139259240173273
0.24181899098097587 3.3139259240173273
0.24181899098097587 3.3139259240173273
0.24181899098097587 3.3139259240173273
0.14698905740622942 3.6719687671104655
0.14698905740622942 3.6719687671104655
0.14698905740622942 3.669595603343623
0.14698905740622942 3.669595603343623
0.14698905740622942 3.669595603343623
0.14698905740622942 3.665555062281481
0.14698905740622942 3.665555062281481
0.14698905740622942 3.665555062281481
0.14698905740622942 3.665555062281481
0.14698905740622942 3.6719687671104655
0.14698905740622942 3.6847569063584644
0.14698905740622942 3.6847569063584644
0.14698905740622942 3.6847569063584644
0.14698905740622942 3.6847569063584644
0.14698905740622942 3.6847569063584644
0.14698905740622942 3.6847569063584644
0.14698905740622942 3.6847569063584644
0.1429436919715597 3.669696807098346
0.1429436919715597 3.669696807098346
0.1429436919715597 3.669696807098346
0.13503526537098476 3.9513558370532613
0.13503526537098476 3.9513558370532613
0.13503526537098476 3.9513558370532613
0.13503526537098476 3.9513558370532613
0.09961670012534384 3.9480677938555284
0.09961670012534384 3.9480677938555284
0.09961670012534384 3.9480677938555284
0.09961670012534384 3.9480677938555284
0.09961670012534384 3.9480677938555284
0.09961670012534384 3.9480677938555284
0.09961670012534384 3.9480677938555284
0.09961670012534384 3.9480677938555284
0.09961670012534384 3.96166848631701
0.09554159783682283 4.035392890606028
0.09554159783682283 4.035392890606028
0.0914664955483018 4.085558186470346
0.0914664955483018 4.085558186470346
0.08739139325978079 4.177076261546341
0.08331629097125978 4.225186594045346
0.08331629097125978 4.225186594045346
0.05430819538532737 4.5033235184525555
0.05430819538532737 4.5033235184525555
0.05430819538532737 4.5033235184525555
0.05430819538532737 4.5033235184525555
0.04987097589875854 4.5340445863071
0.04448858030683839 4.537749507795275
0.03910618471491823 4.554618880718696
0.02834139353107792 4.570751595230537
0.02834139353107792 4.570751595230537
0.02834139353107792 4.570751595230537
0.02834139353107792 4.583306778552509
0.05272466552140524 4.932595464272003
0.05272466552140524 4.932595464272003
0.05272466552140524 4.932595464272003
