0.5201920510135439 3.9417391226080776
0.5201920510135439 3.9269839621563944
0.4237659987756387 3.719299885002475
0.4237659987756387 3.719299885002475
0.4237659987756387 3.689623043319844
0.4237659987756387 3.689623043319844
0.4237659987756387 3.689623043319844
0.4237659987756387 3.689623043319844
0.26002611488579297 3.6816509433904545
0.26002611488579297 3.6816509433904545
0.26002611488579297 3.681613211059394
0.26002611488579297 3.681613211059394
0.26002611488579297 3.677109847791133
0.5329874268708732 2.888603870864113
0.26002611488579297 3.677109847791133
0.26002611488579297 3.677109847791133
0.26002611488579297 3.6499551262600396
0.26002611488579297 3.6499551262600396
0.26002611488579297 3.6499551262600396
0.26002611488579297 3.6499551262600396
0.26002611488579297 3.6499551262600396
0.26002611488579297 3.64476193853624
0.26002611488579297 3.64476193853624
0.26002611488579297 3.6499551262600396
0.26002611488579297 3.6499551262600396
0.26002611488579297 3.6145864045687652
0.26002611488579297 3.607440388952496
0.26002611488579297 3.599426705822886
0.6098951775089583 3.7892276813322883
0.6098951775089583 3.7892276813322883
0.45923662945755317 3.4116884205376716
0.45923662945755317 3.4116884205376716
0.45923662945755317 3.4116884205376716
0.45923662945755317 3.4116884205376716
0.45923662945755317 3.4116884205376716
0.45923662945755317 3.4116884205376716
0.45923662945755317 3.4116884205376716
0.45923662945755317 3.4116884205376716
0.45923662945755317 3.4116884205376716
0.8239869527037261 3.2025329171874524
0.8239869527037261 3.2025329171874524
0.8239869527037261 3.2025329171874524
0.8239869527037261 3.2025329171874524
0.8239869527037261 3.2025329171874524
0.8239869527037261 3.2025329171874524
0.8239869527037261 3.2025329171874524
0.8239869527037261 3.2025329171874524
0.8239869527037261 3.2025329171874524
0.8239869527037261 3.2025329171874524
0.7092265812015026 3.2078539018373946
0.7092265812015026 3.2078539018373946
0.7092265812015026 3.2078539018373946
0.5734756972594544 3.236425327335889
0.7092265812015026 3.2068716168964078
0.7092265812015026 3.2068716168964078
0.7092265812015026 3.2068716168964078
0.5734756972594544 3.236425327335889
0.5734756972594544 3.236425327335889
0.5734756972594544 3.236425327335889
0.5734756972594544 3.236425327335889
0.5734756972594544 3.236425327335889
0.5434394121865433 2.9690715253593565
0.5434394121865433 2.9690715253593565
0.5434394121865433 2.9690715253593565
0.5434394121865433 2.9690715253593565
0.5434394121865433 2.9690715253593565
0.5434394121865433 2.9690715253593565
0.5434394121865433 2.9690715253593565
0.5434394121865433 2.9690715253593565
0.5434394121865433 2.9690715253593565
0.5434394121865433 2.9690715253593565
0.5434394121865433 2.9690715253593565
0.5434394121865433 2.9690715253593565
0.5434394121865433 2.9690715253593565
0.5434394121865433 2.9690715253593565
0.5434394121865433 2.9690715253593565
0.5434394121865433 2.9690715253593565
0.5434394121865433 2.9690715253593565
0.5434394121865433 2.9690715253593565
0.5434394121865433 2.9690715253593565
0.5434394121865433 2.9690715253593565
0.5434394121865433 2.9690715253593565
0.5434394121865433 2.9690715253593565
0.5434394121865433 2.9690715253593565
0.5434394121865433 2.9690715253593565
0.5434394121865433 2.9076114173284324
0.5434394121865433 2.9076114173284324
0.5434394121865433 2.9076114173284324
0.5434394121865433 2.9076114173284324
0.5434394121865433 2.9076114173284324
0.5434394121865433 2.9076114173284324
0.5434394121865433 2.9076114173284324
0.5434394121865433 2.9076114173284324
0.5434394121865433 2.9547778799110676
0.5434394121865433 2.9547778799110676
0.5434394121865433 2.9076114173284324
0.5434394121865433 2.9076114173284324
0.5434394121865433 2.9470187923265505
0.5434394121865433 2.9470187923265505
0.5434394121865433 2.8865177519731797
0.5434394121865433 2.899490990538762
0.5434394121865433 2.899490990538762
0.5434394121865433 2.8865177519731797
0.5434394121865433 2.899490990538762
0.5434394121865433 2.8930548703211616
0.5434394121865433 2.872269601805362
0.5434394121865433 2.9076114173284324
0.5434394121865433 2.8930548703211616
0.5434394121865433 2.8930548703211616
0.5434394121865433 2.8930548703211616
0.5434394121865433 2.899490990538762
0.5434394121865433 2.9451037628578076
0.5434394121865433 2.9451037628578076
0.5282815684535542 2.908080880909805
0.5282815684535542 2.908080880909805
0.5282815684535542 2.908080880909805
0.5282815684535542 2.908080880909805
0.5282815684535542 2.908080880909805
0.5282815684535542 2.908080880909805
0.5282815684535542 2.908080880909805
0.5282815684535542 2.908080880909805
0.5282815684535542 2.908080880909805
0.5282815684535542 2.908080880909805
0.5282815684535542 2.908080880909805
0.5282815684535542 2.908080880909805
0.5282815684535542 2.908080880909805
0.5282815684535542 2.908080880909805
0.5282815684535542 2.908080880909805
0.5282815684535542 2.908080880909805
0.5282815684535542 2.908080880909805
0.5282815684535542 2.908080880909805
0.5282815684535542 2.908080880909805
0.5282815684535542 2.908080880909805
0.5282815684535542 2.908080880909805
0.5282815684535542 2.908080880909805
0.5282815684535542 2.908080880909805
0.5282815684535542 2.908080880909805
0.5282815684535542 2.908080880909805
0.5282815684535542 2.908080880909805
0.5282815684535542 2.908080880909805
0.5282815684535542 2.908080880909805
0.5282815684535542 2.908080880909805
0.5282815684535542 2.908080880909805
0.5282815684535542 2.908080880909805
0.5282815684535542 2.908080880909805
0.5282815684535542 2.908080880909805
0.5282815684535542 2.9172847567051314
0.5282815684535542 2.9172847567051314
0.5282815684535542 2.908080880909805
0.5282815684535542 2.934411462439846
0.5282815684535542 2.9034798433332885
0.5282815684535542 2.908080880909805
0.5282815684535542 2.912682519075942
0.5282815684535542 2.912682519075942
0.5282815684535542 2.912682519075942
0.5282815684535542 2.916096144130582
0.5282815684535542 2.9335336409437627
0.5282815684535542 2.906334764325894
0.5282815684535542 2.924140658426579
0.5282815684535542 2.9057802869772957
0.5282815684535542 2.9201674541030442
0.5282815684535542 2.914405368553517
0.5282815684535542 2.90851947406746
0.5282815684535542 2.923028065266088
0.5282815684535542 2.923028065266088
0.5282815684535542 2.9276428080228185
0.5282815684535542 2.9276428080228185
0.5282815684535542 2.906224592772781
0.5282815684535542 2.9189285672362373
0.5282815684535542 2.8977536626195293
0.5282815684535542 2.924828450371898
0.5282815684535542 2.90385770723562
0.5282815684535542 2.90385770723562
0.5282815684535542 2.90385770723562
0.5282815684535542 2.9008598238272625
0.5282815684535542 2.9008598238272625
0.5282815684535542 2.912696472595598
0.5282815684535542 2.903194963872339
0.5282815684535542 2.9271465231703457
0.5282815684535542 2.920026730016697
0.5282815684535542 2.891308654053091
0.5282815684535542 2.922104716880367
0.5282815684535542 2.878098277682732
0.5282815684535542 2.878098277682732
0.5282815684535542 2.8825528983721473
0.5282815684535542 2.8762816334965104
0.5282815684535542 2.9261812698886325
0.5282815684535542 2.9261812698886325
0.5282815684535542 2.9087164111122727
0.5282815684535542 2.9794609426610736
0.5282815684535542 2.8499515494348913
0.5282815684535542 2.8499515494348913
0.5282815684535542 2.8800136910398693
0.5282815684535542 2.85321100626757
0.5282815684535542 2.9139754251550882
0.5282815684535542 2.8895614336205937
0.5282815684535542 2.9330547647552154
0.38443010053208826 2.949774843898586
0.38443010053208826 2.949774843898586
0.38443010053208826 2.949774843898586
0.38443010053208826 2.949774843898586
0.37198032556377614 2.956026677308703
0.37198032556377614 2.956026677308703
0.37198032556377614 2.956026677308703
0.37198032556377614 2.956026677308703
0.37198032556377614 2.957322124614396
0.37198032556377614 2.957322124614396
0.35680716232114573 2.962551625437632
0.35680716232114573 2.962551625437632
0.35680716232114573 2.962551625437632
0.35680716232114573 2.962551625437632
0.34873426136513086 2.9615108636626735
0.34873426136513086 2.948514208418466
0.34873426136513086 2.948514208418466
0.34727530336103174 2.9631815304438294
0.34727530336103174 2.9631815304438294
0.34727530336103174 2.9631815304438294
0.34727530336103174 2.9631815304438294
0.34727530336103174 2.9631815304438294
0.34727530336103174 2.9631815304438294
0.34727530336103174 2.9631815304438294
0.34727530336103174 2.9631815304438294
0.34727530336103174 2.9631815304438294
0.34727530336103174 2.9631815304438294
0.34727530336103174 2.9631815304438294
0.34727530336103174 3.0011796416920875
0.34727530336103174 3.0011796416920875
0.34727530336103174 3.0011796416920875
0.34727530336103174 3.0011796416920875
0.34727530336103174 3.0011796416920875
0.34727530336103174 3.0011796416920875
0.34727530336103174 3.0011796416920875
0.34727530336103174 3.0011796416920875
0.34727530336103174 3.0011796416920875
0.34727530336103174 3.0011796416920875
0.34727530336103174 3.0011796416920875
0.34727530336103174 3.0011796416920875
0.34727530336103174 3.0011796416920875
0.34727530336103174 3.0011796416920875
0.34727530336103174 2.9631815304438294
0.34727530336103174 2.9631815304438294
0.34727530336103174 2.9631815304438294
0.34727530336103174 2.9631815304438294
0.34727530336103174 2.9631815304438294
0.34727530336103174 2.9821763525025675
0.34727530336103174 2.9817436087519815
0.34727530336103174 2.9817436087519815
0.34727530336103174 2.9817436087519815
0.34727530336103174 2.9817436087519815
0.34727530336103174 2.9821763525025675
0.34727530336103174 2.9704768623473057
0.34727530336103174 2.9814233562617174
0.34727530336103174 2.970996114373656
0.34727530336103174 3.0011796416920875
0.34727530336103174 2.982710866415955
0.34727530336103174 2.982710866415955
0.34727530336103174 3.013624397609917
0.34727530336103174 3.013624397609917
0.34727530336103174 2.9783191892781997
0.34727530336103174 2.9783191892781997
0.34727530336103174 2.9783191892781997
0.34727530336103174 2.9783191892781997
0.34727530336103174 2.9946156018145413
0.34727530336103174 2.9918187377878906
0.34727530336103174 3.0051743271192457
0.34727530336103174 3.0051743271192457
0.34727530336103174 2.9653765290936254
0.34727530336103174 2.9609778568560556
0.34727530336103174 2.9700599227000777
0.34727530336103174 2.994407013419454
0.34727530336103174 2.9734035803320378
0.34727530336103174 2.999231948378228
0.34727530336103174 3.035269047959235
0.34727530336103174 3.033328412442997
0.34727530336103174 3.033328412442997
0.41637633884856357 3.395105889814562
0.41637633884856357 3.395105889814562
0.41637633884856357 3.395105889814562
0.41637633884856357 3.395105889814562
0.41637633884856357 3.395105889814562
0.41637633884856357 3.3891772278426835
0.41637633884856357 3.3891772278426835
0.41637633884856357 3.3891772278426835
0.41637633884856357 3.3891772278426835
0.41637633884856357 3.3953482726449944
0.41637633884856357 3.3953482726449944
0.41637633884856357 3.3953482726449944
0.41637633884856357 3.3953482726449944
0.41637633884856357 3.3953482726449944
0.41637633884856357 3.3953482726449944
0.41637633884856357 3.3953482726449944
0.34728350271634256 3.279964675432995
0.41637633884856357 3.3953482726449944
0.41637633884856357 3.3953482726449944
0.3465311798647025 3.3509532179696175
0.3465311798647025 3.3509532179696175
0.3465311798647025 3.3509532179696175
0.3465311798647025 3.3509532179696175
0.3465311798647025 3.3509532179696175
0.3465311798647025 3.3509532179696175
0.3465311798647025 3.3509532179696175
0.3465311798647025 3.3509532179696175
0.3465311798647025 3.3509532179696175
0.3465311798647025 3.3509532179696175
0.3465311798647025 3.3509532179696175
0.3465311798647025 3.3509532179696175
0.3465311798647025 3.3509532179696175
0.3465311798647025 3.3509532179696175
0.3465311798647025 3.3509532179696175
0.3465311798647025 3.3509532179696175
0.3465311798647025 3.3509532179696175
0.3465311798647025 3.3509532179696175
0.3465311798647025 3.3509532179696175
0.3465311798647025 3.3509532179696175
0.3465311798647025 3.3509532179696175
0.30508523267991006 3.210688377991145
0.3038029359297176 3.634220531476522
0.3038029359297176 3.634220531476522
0.3038029359297176 3.634220531476522
0.3038029359297176 3.634220531476522
0.29561349924927294 3.6445957876753843
0.2966371788343285 3.6245442474107272
0.29561349924927294 3.6445957876753843
0.28128198505849483 3.6465447024394853
0.28128198505849483 3.6465447024394853
0.2621469040065745 3.3716433982322602
0.2621469040065745 3.3716433982322602
0.2621469040065745 3.3716433982322602
0.2621469040065745 3.3716433982322602
0.24309992346192238 3.457475009236088
0.24309992346192238 3.457475009236088
0.24309992346192238 3.457475009236088
0.24309992346192238 3.457475009236088
0.24309992346192238 3.457475009236088
0.24309992346192238 3.457475009236088
0.24309992346192238 3.457475009236088
0.24309992346192238 3.457475009236088
0.2338869934845189 3.588762175183939
0.24309992346192238 3.457475009236088
0.24309992346192238 3.457475009236088
0.24309992346192238 3.457475009236088
0.1708727158946679 3.45185424103679
0.1708727158946679 3.45185424103679
0.1708727158946679 3.45185424103679
0.1708727158946679 3.45185424103679
0.1708727158946679 3.45185424103679
0.1708727158946679 3.45185424103679
0.1708727158946679 3.444670843465644
0.1708727158946679 3.449076652782354
0.1708727158946679 3.449076652782354
0.1708727158946679 3.449076652782354
0.1708727158946679 3.449076652782354
0.1708727158946679 3.45185424103679
0.1708727158946679 3.45185424103679
0.1708727158946679 3.45185424103679
0.1708727158946679 3.45185424103679
0.1708727158946679 3.45185424103679
0.1708727158946679 3.45185424103679
0.1708727158946679 3.45185424103679
0.1708727158946679 3.45185424103679
0.1708727158946679 3.45185424103679
0.1708727158946679 3.45185424103679
0.1708727158946679 3.428542388794848
0.15121338809588963 3.660684892908143
0.15121338809588963 3.660684892908143
0.15121338809588963 3.660684892908143
0.15121338809588963 3.660684892908143
0.15121338809588963 3.660684892908143
0.15121338809588963 3.660684892908143
0.15121338809588963 3.6713797018864263
0.15121338809588963 3.6713797018864263
0.12832997651154499 3.7475399307361354
0.12832997651154499 3.7475399307361354
0.12832997651154499 3.7475399307361354
0.12832997651154499 3.7475399307361354
0.12832997651154499 3.7475399307361354
0.12514106659675495 3.5935907103042357
0.12514106659675495 3.5935907103042357
0.12514106659675495 3.5935907103042357
0.11529381576197764 3.759182126579709
0.11529381576197764 3.759182126579709
0.11529381576197764 3.759182126579709
0.10544656492720034 3.7810118751299457
0.10544656492720034 3.7810118751299457
0.10544656492720034 3.7810118751299457
0.09686528558307109 3.805734857799361
0.09686528558307109 3.805734857799361
0.09686528558307109 3.805734857799361
0.09257464591100646 3.828019847562214
0.08618767758560611 4.074911189062311
0.07689387579561847 4.121092273617628
0.07689387579561847 4.121092273617628
0.07689387579561847 4.121092273617628
0.07065050523458943 4.1614199544828345
0.07065050523458943 4.1614199544828345
0.06818165863080018 4.173516532481437
0.06099751230058162 4.218033153147739
0.06818165863080018 4.173516532481437
0.03659548867764287 4.617973653896276
0.03659548867764287 4.617973653896276
0.03659548867764287 4.617973653896276
0.03659548867764287 4.617973653896276
0.03659548867764287 4.617973653896276
0.03659548867764287 4.617973653896276
0.03659548867764287 4.617973653896276
0.03236542995689816 5.307567800908303
