0.47711110069333307 4.083480668053335
0.3713020048117053 3.9132996254792762
0.7722473457478274 3.3483861224765272
0.47711110069333307 4.0785996656701675
0.3713020048117053 3.882791033447365
0.7722473457478274 3.3483861224765272
0.47711110069333307 4.049616678648177
0.47711110069333307 4.049616678648177
0.47711110069333307 4.021837380377103
0.8384161927464611 3.306297520439988
0.8384161927464611 3.306297520439988
0.8384161927464611 3.306297520439988
0.8384161927464611 3.306297520439988
0.8384161927464611 3.2952820720712634
0.8384161927464611 3.2952820720712634
0.8384161927464611 3.2952820720712634
0.8280496968249667 3.202794811061864
0.8280496968249667 3.202794811061864
0.8280496968249667 3.1943001168782414
0.8280496968249667 3.1943001168782414
0.8280496968249667 3.1943001168782414
0.8280496968249667 3.1943001168782414
0.8280496968249667 3.1943001168782414
0.8280496968249667 3.1943001168782414
0.8280496968249667 3.1943001168782414
0.8280496968249667 3.1943001168782414
0.8280496968249667 3.1943001168782414
0.8280496968249667 3.1943001168782414
0.8280496968249667 3.1943001168782414
0.8280496968249667 3.1943001168782414
0.8280496968249667 3.1943001168782414
0.8280496968249667 3.1765836630375883
0.8280496968249667 3.1765836630375883
0.8280496968249667 3.1765836630375883
0.8280496968249667 3.1765836630375883
0.6487838086272987 3.4855335875596136
0.6487838086272987 3.4855335875596136
0.6487838086272987 3.4381832940969006
0.6487838086272987 3.4381832940969006
0.6487838086272987 3.3751942818382883
0.6487838086272987 3.3751942818382883
0.6487838086272987 3.3751942818382883
0.6487838086272987 3.3751942818382883
0.6487838086272987 3.3751942818382883
0.6487838086272987 3.3751942818382883
0.6487838086272987 3.3751942818382883
0.6487838086272987 3.3751942818382883
0.6487838086272987 3.3751942818382883
0.6487838086272987 3.3751942818382883
0.6487838086272987 3.3751942818382883
0.6487838086272987 3.3751942818382883
0.6487838086272987 3.3751942818382883
0.6477234152213469 3.376951248401931
0.6477234152213469 3.376951248401931
0.6456026284094436 3.3778937543349623
0.6456026284094436 3.3778937543349623
0.6456026284094436 3.3778937543349623
0.6456026284094436 3.3778937543349623
0.8176530058785358 3.2764846112778065
0.8176530058785358 3.2764846112778065
0.8176530058785358 3.2764846112778065
0.8176530058785358 3.2764846112778065
0.8176530058785358 3.2764846112778065
0.8176530058785358 3.2764846112778065
0.8176530058785358 3.2764846112778065
0.8176530058785358 3.2764846112778065
0.8176530058785358 3.2764846112778065
0.9130032232576775 2.893434122606264
0.9130032232576775 2.893434122606264
0.9130032232576775 2.893434122606264
0.9130032232576775 2.893434122606264
0.9130032232576775 2.893434122606264
0.9130032232576775 2.893434122606264
0.9130032232576775 2.893434122606264
0.9130032232576775 2.883685379866994
0.9130032232576775 2.883685379866994
0.9130032232576775 2.8708574978798316
0.9130032232576775 2.883685379866994
0.9130032232576775 2.8708574978798316
0.9130032232576775 2.893434122606264
0.9130032232576775 2.883685379866994
0.9130032232576775 2.893434122606264
0.9130032232576775 2.893434122606264
0.9130032232576775 2.893434122606264
0.9504133434860561 2.6438551318013124
0.9504133434860561 2.6438551318013124
0.9504133434860561 2.6438551318013124
0.9504133434860561 2.6438551318013124
0.9504133434860561 2.6438551318013124
0.9504133434860561 2.6438551318013124
0.9504133434860561 2.6438551318013124
0.9504133434860561 2.6438551318013124
0.9504133434860561 2.6438551318013124
0.9504133434860561 2.6438551318013124
0.9504133434860561 2.6438551318013124
0.895169607579357 2.7115204179085417
0.895169607579357 2.7115204179085417
0.895169607579357 2.7115204179085417
0.895169607579357 2.7115204179085417
0.895169607579357 2.7115204179085417
0.895169607579357 2.7115204179085417
0.895169607579357 2.7115204179085417
0.895169607579357 2.7115204179085417
0.895169607579357 2.7115204179085417
0.895169607579357 2.7115204179085417
0.895169607579357 2.7115204179085417
0.895169607579357 2.7115204179085417
0.895169607579357 2.7115204179085417
0.895169607579357 2.7115204179085417
0.895169607579357 2.7115204179085417
0.895169607579357 2.7115204179085417
0.895169607579357 2.7115204179085417
0.895169607579357 2.7115204179085417
0.895169607579357 2.7115204179085417
0.895169607579357 2.7115204179085417
0.895169607579357 2.7115204179085417
0.895169607579357 2.7115204179085417
0.895169607579357 2.7115204179085417
0.895169607579357 2.7115204179085417
0.895169607579357 2.7115204179085417
0.4722907005381223 3.1192471180141226
0.4722907005381223 3.1192471180141226
0.4722907005381223 3.1192471180141226
0.4722907005381223 3.1192471180141226
0.4722907005381223 3.1192471180141226
0.4722907005381223 3.1192471180141226
0.4722907005381223 3.1192471180141226
0.4722907005381223 3.1192471180141226
0.4722907005381223 3.1192471180141226
0.4722907005381223 3.1192471180141226
0.4722907005381223 3.1192471180141226
0.4722907005381223 3.1192471180141226
0.4722907005381223 3.1192471180141226
0.4722907005381223 3.116926154270832
0.4722907005381223 3.1192471180141226
0.4722907005381223 3.1192471180141226
0.4722907005381223 3.1123267690627583
0.4722907005381223 3.1192471180141226
0.4722907005381223 3.1192471180141226
0.4722907005381223 3.113259489792099
0.4722907005381223 3.1192471180141226
0.4722907005381223 3.1192471180141226
0.4722907005381223 3.1029030181016597
0.4722907005381223 3.1262609193937503
0.4722907005381223 3.1192471180141226
0.4722907005381223 3.1192471180141226
0.4644134899729043 3.139163758183163
0.4644134899729043 3.139163758183163
0.4644134899729043 3.139163758183163
0.4644134899729043 3.139163758183163
0.4644134899729043 3.139163758183163
0.4644134899729043 3.139163758183163
0.4644134899729043 3.139163758183163
0.4644134899729043 3.139163758183163
0.4644134899729043 3.139163758183163
0.4644134899729043 3.139163758183163
0.4644134899729043 3.139163758183163
0.4644134899729043 3.139163758183163
0.4644134899729043 3.139163758183163
0.4644134899729043 3.139163758183163
0.4644134899729043 3.139163758183163
0.4644134899729043 3.139163758183163
0.4644134899729043 3.139163758183163
0.4644134899729043 3.139163758183163
0.5258099746655496 2.8592477822742683
0.5258099746655496 2.8592477822742683
0.5258099746655496 2.8592477822742683
0.5258099746655496 2.8592477822742683
0.5258099746655496 2.8592477822742683
0.5258099746655496 2.872996370898888
0.5258099746655496 2.872996370898888
0.5245652009406488 2.877624295856555
0.5245652009406488 2.877624295856555
0.5239428140781985 2.874509869714786
0.5239428140781985 2.874509869714786
0.4343923589086507 3.260959023231639
0.4343923589086507 3.260959023231639
0.4343923589086507 3.260959023231639
0.41938179337652387 3.3108446649728496
0.41938179337652387 3.3108446649728496
0.41938179337652387 3.3108446649728496
0.41938179337652387 3.3108446649728496
0.41938179337652387 3.3108446649728496
0.41938179337652387 3.3108446649728496
0.41938179337652387 3.3108446649728496
0.41938179337652387 3.3108446649728496
0.41938179337652387 3.3108446649728496
0.41938179337652387 3.3511866872510763
0.41938179337652387 3.3511866872510763
0.41938179337652387 3.3511866872510763
0.41938179337652387 3.3511866872510763
0.41938179337652387 3.3511866872510763
0.41938179337652387 3.3511866872510763
0.40437122784439705 3.372332893719237
0.40437122784439705 3.372332893719237
0.40437122784439705 3.372332893719237
0.40437122784439705 3.372332893719237
0.40437122784439705 3.372332893719237
0.40437122784439705 3.372332893719237
0.40437122784439705 3.372332893719237
0.40437122784439705 3.372332893719237
0.40437122784439705 3.372332893719237
0.40437122784439705 3.372332893719237
0.40437122784439705 3.3867003598278096
0.40437122784439705 3.3867003598278096
0.40437122784439705 3.3867003598278096
0.40437122784439705 3.372332893719237
0.40437122784439705 3.372332893719237
0.40437122784439705 3.372332893719237
0.40437122784439705 3.372332893719237
0.40437122784439705 3.372332893719237
0.40437122784439705 3.372332893719237
0.40437122784439705 3.372332893719237
0.40437122784439705 3.372332893719237
0.40437122784439705 3.372332893719237
0.40437122784439705 3.372332893719237
0.40437122784439705 3.3795160870458654
0.40437122784439705 3.3732303091919658
0.40437122784439705 3.3732303091919658
0.40437122784439705 3.3732303091919658
0.40437122784439705 3.3768218383016304
0.3077923203367349 3.1861794092906104
0.3077923203367349 3.1787259860274304
0.3077923203367349 3.1787259860274304
0.3077923203367349 3.1787259860274304
0.3077923203367349 3.1787259860274304
0.3077923203367349 3.1787259860274304
0.3077923203367349 3.1787259860274304
0.3077923203367349 3.16956703084172
0.3077923203367349 3.16956703084172
0.3077923203367349 3.16956703084172
0.3077923203367349 3.1549666063568074
0.3077923203367349 3.1549666063568074
0.3077923203367349 3.1530734145613577
0.3077923203367349 3.112003445156156
0.3077923203367349 3.112003445156156
0.3077923203367349 3.112003445156156
0.3077923203367349 3.112003445156156
0.3077923203367349 3.112003445156156
0.3077923203367349 3.1004630084973197
0.3077923203367349 3.1004630084973197
0.3077923203367349 3.1004630084973197
0.3077923203367349 3.112003445156156
0.3077923203367349 3.112003445156156
0.3077923203367349 3.112003445156156
0.3077923203367349 3.112003445156156
0.3077923203367349 3.112003445156156
0.3077923203367349 3.112003445156156
0.3077923203367349 3.112003445156156
0.3077923203367349 3.112003445156156
0.3077923203367349 3.112003445156156
0.3077923203367349 3.1530734145613577
0.3077923203367349 3.1549666063568074
0.3077923203367349 3.1549666063568074
0.3077923203367349 3.1549666063568074
0.3077923203367349 3.16956703084172
0.3077923203367349 3.16956703084172
0.3077923203367349 3.1787259860274304
0.3077923203367349 3.1737589094424976
0.3077923203367349 3.16956703084172
0.3077923203367349 3.1549666063568074
0.3077923203367349 3.15613472128684
0.3077923203367349 3.1530734145613577
0.3077923203367349 3.112003445156156
0.3077923203367349 3.129101129338288
0.3077923203367349 3.129101129338288
0.3077923203367349 3.129101129338288
0.3077923203367349 3.129101129338288
0.3077923203367349 3.1004630084973197
0.3077923203367349 3.186451547814956
0.3077923203367349 3.186451547814956
0.3077923203367349 3.1158100607178056
0.3077923203367349 3.1392318022804546
0.3077923203367349 3.176462556229115
0.3077923203367349 3.176462556229115
0.3077923203367349 3.1789650957710816
0.17767258085143256 3.0667274505793247
0.17767258085143256 3.0667274505793247
0.17767258085143256 3.0560358986170435
0.17767258085143256 3.0560358986170435
0.17767258085143256 3.0256794058086984
0.17767258085143256 3.0256794058086984
0.17767258085143256 3.0256794058086984
0.17767258085143256 3.0240637159441937
0.17767258085143256 3.0240637159441937
0.17767258085143256 3.0240637159441937
0.17767258085143256 3.0240637159441937
0.17767258085143256 3.0171680944288943
0.17767258085143256 3.0171680944288943
0.17767258085143256 2.9888723864369213
0.17767258085143256 2.9888723864369213
0.17767258085143256 2.9888723864369213
0.17767258085143256 2.9888723864369213
0.17767258085143256 2.9816817359983543
0.17767258085143256 2.963234742666056
0.17767258085143256 2.963234742666056
0.17767258085143256 2.943234671977463
0.17767258085143256 2.9428274082578763
0.17767258085143256 2.9055203248645904
0.17767258085143256 2.9055203248645904
0.17767258085143256 2.9055203248645904
0.17767258085143256 2.9055203248645904
0.17767258085143256 2.9055203248645904
0.17767258085143256 2.9055203248645904
0.17767258085143256 2.9055203248645904
0.17767258085143256 2.9055203248645904
0.17767258085143256 2.9055203248645904
0.17767258085143256 2.943234671977463
0.17767258085143256 2.943234671977463
0.17767258085143256 2.943234671977463
0.17767258085143256 2.943234671977463
0.17767258085143256 2.963234742666056
0.17767258085143256 2.963234742666056
0.17767258085143256 2.963234742666056
0.17767258085143256 2.9816817359983543
0.17767258085143256 2.9888723864369213
0.17767258085143256 2.9888723864369213
0.17767258085143256 2.9888723864369213
0.17767258085143256 2.9888723864369213
0.17767258085143256 3.0084325656522997
0.17767258085143256 3.0084325656522997
0.17767258085143256 3.0032564448748302
0.17767258085143256 2.9816817359983543
0.17767258085143256 2.963234742666056
0.17767258085143256 2.943234671977463
0.17767258085143256 2.943234671977463
0.17767258085143256 2.9982888975681665
0.17767258085143256 2.9055203248645904
0.17767258085143256 2.9532338022868503
0.17767258085143256 2.9532338022868503
0.17767258085143256 3.0323282476547297
0.17767258085143256 3.0323282476547297
0.17767258085143256 3.065932198717057
0.17767258085143256 2.967157007202886
0.17767258085143256 2.967157007202886
0.17767258085143256 2.967157007202886
0.17767258085143256 2.9682244337261654
0.17767258085143256 2.917973813591316
0.17767258085143256 3.009532249995849
0.17767258085143256 2.9883731282120722
0.17767258085143256 2.9711061138355013
0.17767258085143256 3.003506459214753
0.17767258085143256 2.9536656096893275
0.17767258085143256 2.9536656096893275
0.17767258085143256 2.979206495588741
0.17767258085143256 2.979206495588741
0.17767258085143256 3.053013175520446
0.17767258085143256 3.053013175520446
0.16424858462640024 3.9239673448678767
0.16424858462640024 3.9239673448678767
0.16424858462640024 3.9239673448678767
0.16424858462640024 3.9239673448678767
0.16424858462640024 3.9581138628377786
0.16424858462640024 3.9581138628377786
0.16424858462640024 3.993268816859256
0.16424858462640024 3.993268816859256
0.16424858462640024 4.032359699120926
0.16424858462640024 4.061927176861518
0.16424858462640024 4.069701871795221
0.18733391397408006 3.821168936047659
0.18733391397408006 3.821168936047659
0.18733391397408006 3.8668807557982183
0.18733391397408006 3.887302947198921
0.17004454249979548 3.9066050865566777
0.17004454249979548 3.9066050865566777
0.17004454249979548 3.9066050865566777
0.17004454249979548 3.9066050865566777
0.17004454249979548 3.9066050865566777
0.14411048528836862 3.9377233144104915
0.14411048528836862 3.9377233144104915
0.14411048528836862 3.9377233144104915
0.14411048528836862 3.9377233144104915
0.14411048528836862 3.9377233144104915
0.14411048528836862 3.9377233144104915
0.14411048528836862 3.9377233144104915
0.14411048528836862 3.9377233144104915
0.13978814241979745 3.8601265121115005
0.13978814241979745 3.8601265121115005
0.1354657995512263 3.9605050218896096
0.13114345668265517 3.975605933602782
0.13114345668265517 3.9861762103917364
0.1203375995112273 4.0017340410384366
0.1203375995112273 4.0017340410384366
0.1203375995112273 4.0017340410384366
0.11817642807694173 4.015424306331579
0.11385408520837059 4.0474990100296555
0.11385408520837059 4.0474990100296555
0.09440354229980043 4.09724775565594
0.09440354229980043 4.09724775565594
0.09440354229980043 4.09724775565594
0.09440354229980043 4.09724775565594
0.09440354229980043 4.09724775565594
0.09440354229980043 4.09724775565594
0.09440354229980043 4.09724775565594
0.08900061371408649 4.224348288241749
0.08900061371408649 4.224348288241749
0.08359768512837257 4.352622383479306
0.08359768512837257 4.352622383479306
0.08359768512837257 4.352622383479306
0.05170493011851174 4.696382125680832
0.047794109087180056 4.727765988799984
0.027384561827729092 4.88889286245356
0.027384561827729092 4.88889286245356
0.027384561827729092 4.88889286245356
0.027384561827729092 4.88889286245356
0.018860850300981724 4.816388359631571
