0.6302915311965473 2.6751846871258604
0.2954913472225619 4.413109540885804
0.48362715682028834 3.3005378752785504
0.6302915311965473 2.6728988070644113
0.2954913472225619 4.413109540885804
0.48362715682028834 3.3000073240039565
0.6302915311965473 2.6728988070644113
0.6302915311965473 2.6728988070644113
0.48362715682028834 3.268791807598503
0.6302915311965473 2.6728988070644113
0.6302915311965473 2.662903151467965
0.48362715682028834 3.2601300851854664
0.6302915311965473 2.6607427437213693
0.6302915311965473 2.659137501863429
0.48362715682028834 3.2452015992210455
0.6302915311965473 2.659137501863429
0.6302915311965473 2.659137501863429
0.6302915311965473 2.659137501863429
0.6302915311965473 2.653134045274654
0.6302915311965473 2.653134045274654
0.6302915311965473 2.653134045274654
0.6302915311965473 2.653134045274654
0.6302915311965473 2.653134045274654
0.6302915311965473 2.576666124707437
0.6302915311965473 2.576666124707437
0.6302915311965473 2.5757942104799665
0.6302915311965473 2.5757942104799665
0.6302915311965473 2.5757942104799665
0.6302915311965473 2.5757942104799665
0.6302915311965473 2.5757942104799665
0.6302915311965473 2.5757942104799665
0.6302915311965473 2.5757942104799665
0.6302915311965473 2.5757942104799665
0.6302915311965473 2.5703225892986983
0.6302915311965473 2.5703225892986983
0.6302915311965473 2.5618826893242836
0.6302915311965473 2.5618826893242836
0.6302915311965473 2.5618826893242836
0.6302915311965473 2.5618826893242836
0.6302915311965473 2.55276785248458
0.6302915311965473 2.55276785248458
0.6302915311965473 2.55276785248458
0.6302915311965473 2.5274984798864013
0.6302915311965473 2.5274984798864013
0.6302915311965473 2.5274984798864013
0.6302915311965473 2.5274984798864013
0.5059849092607654 3.5642329020474226
0.5059849092607654 3.5642329020474226
0.5059849092607654 3.5642329020474226
0.5059849092607654 3.5642329020474226
0.5059849092607654 3.5642329020474226
0.5059849092607654 3.5642329020474226
0.5059849092607654 3.5642329020474226
0.5059849092607654 3.5642329020474226
0.5059849092607654 3.5642329020474226
0.5059849092607654 3.5642329020474226
0.5059849092607654 3.5642329020474226
0.5059849092607654 3.5642329020474226
0.49012707318779525 3.5653689462936793
0.49012707318779525 3.5653689462936793
0.49012707318779525 3.5653689462936793
0.49012707318779525 3.5098638138311062
0.49012707318779525 3.5098638138311062
0.49012707318779525 3.4859963334292403
0.49012707318779525 3.4859963334292403
0.49012707318779525 3.4859963334292403
0.49012707318779525 3.4859963334292403
0.49012707318779525 3.4859963334292403
0.49012707318779525 3.4859963334292403
0.49012707318779525 3.4859963334292403
0.49012707318779525 3.4859963334292403
0.49012707318779525 3.4859963334292403
0.49012707318779525 3.4859963334292403
0.49012707318779525 3.4859963334292403
0.49012707318779525 3.4859963334292403
0.49012707318779525 3.4859963334292403
0.49012707318779525 3.4859963334292403
0.49012707318779525 3.4859963334292403
0.49012707318779525 3.4859963334292403
0.49012707318779525 3.4859963334292403
0.49012707318779525 3.4859963334292403
0.49012707318779525 3.4859963334292403
0.49012707318779525 3.4859963334292403
0.49012707318779525 3.4859963334292403
0.49012707318779525 3.4859963334292403
0.49012707318779525 3.4859963334292403
0.49012707318779525 3.4859963334292403
0.49012707318779525 3.4859963334292403
0.49012707318779525 3.4859963334292403
0.49012707318779525 3.4859963334292403
0.49012707318779525 3.4859963334292403
0.4858919464469952 3.456818217602467
0.4858919464469952 3.456818217602467
0.4858919464469952 3.456818217602467
0.4858919464469952 3.456818217602467
0.4858919464469952 3.456818217602467
0.4858919464469952 3.456818217602467
0.4858919464469952 3.456818217602467
0.4858919464469952 3.456818217602467
0.4858919464469952 3.456818217602467
0.4858919464469952 3.456818217602467
0.4858919464469952 3.456818217602467
0.4858919464469952 3.456818217602467
0.4858919464469952 3.456818217602467
0.4858919464469952 3.456818217602467
0.4858919464469952 3.456818217602467
0.4858919464469952 3.456818217602467
0.4858919464469952 3.456818217602467
0.4858919464469952 3.456818217602467
0.4858919464469952 3.456818217602467
0.4858919464469952 3.456818217602467
0.4858919464469952 3.456818217602467
0.4858919464469952 3.456818217602467
0.4858919464469952 3.456818217602467
0.4858919464469952 3.456818217602467
0.4858919464469952 3.456818217602467
0.4858919464469952 3.4272547600263708
0.4858919464469952 3.4272547600263708
0.4858919464469952 3.4272547600263708
0.4858919464469952 3.4272547600263708
0.4849067313346257 3.4214718151217114
0.4849067313346257 3.4214718151217114
0.4849067313346257 3.4214718151217114
0.4849067313346257 3.4214718151217114
0.4849067313346257 3.4214718151217114
0.4849067313346257 3.4214718151217114
0.4849067313346257 3.4214718151217114
0.4849067313346257 3.4214718151217114
0.4849067313346257 3.4214718151217114
0.4849067313346257 3.4214718151217114
0.4849067313346257 3.4214718151217114
0.4849067313346257 3.4214718151217114
0.4849067313346257 3.4214718151217114
0.4849067313346257 3.4214718151217114
0.4849067313346257 3.4214718151217114
0.4589609244081634 2.858916013208597
0.4589609244081634 2.858916013208597
0.4589609244081634 2.858916013208597
0.4589609244081634 2.858916013208597
0.4589609244081634 2.858916013208597
0.4589609244081634 2.858916013208597
0.4589609244081634 2.858916013208597
0.4589609244081634 2.858916013208597
0.4589609244081634 2.858916013208597
0.4589609244081634 2.858916013208597
0.4589609244081634 2.858916013208597
0.4589609244081634 2.8646826942511554
0.4589609244081634 2.8646826942511554
0.4589609244081634 2.858916013208597
0.4589609244081634 2.858916013208597
0.4589609244081634 2.87132888206773
0.4589609244081634 2.8234696217853514
0.4589609244081634 2.845671825386983
0.4589609244081634 2.874112429492312
0.4589609244081634 2.874112429492312
0.4589609244081634 2.858916013208597
0.4589609244081634 2.8294090124030107
0.4589609244081634 2.863668995324061
0.4589609244081634 2.863668995324061
0.4589609244081634 2.8267946462667273
0.4589609244081634 2.858916013208597
0.4589609244081634 2.8708895838596162
0.4589609244081634 2.8645026525894455
0.4589609244081634 2.861292426399196
0.4589609244081634 2.861292426399196
0.4589609244081634 2.8560330167534933
0.4589609244081634 2.8560330167534933
0.4589609244081634 2.862915435282758
0.4589609244081634 2.831081296039107
0.4589609244081634 2.8632922133479726
0.4589609244081634 2.8383068658705293
0.4589609244081634 2.8769395839304304
0.4589609244081634 2.8769395839304304
0.4589609244081634 2.8606109964539206
0.4589609244081634 2.8541125441797415
0.4589609244081634 2.869622086251107
0.4589609244081634 2.8622559058832806
0.4589609244081634 2.8670098723034214
0.4589609244081634 2.828632417154359
0.4589609244081634 2.858001627492604
0.4589609244081634 2.854338758094896
0.4589609244081634 2.8757180726708675
0.4589609244081634 2.9453575919554993
0.4589609244081634 2.9453575919554993
0.4589609244081634 2.822564019589387
0.4589609244081634 2.852387420771175
0.4589609244081634 2.870693257529172
0.4589609244081634 2.870693257529172
0.424299794462711 2.972829638732592
0.424299794462711 2.972829638732592
0.424299794462711 2.972829638732592
0.424299794462711 2.972829638732592
0.424299794462711 2.972829638732592
0.424299794462711 2.972829638732592
0.424299794462711 2.972829638732592
0.424299794462711 2.972829638732592
0.424299794462711 2.972829638732592
0.424299794462711 2.972829638732592
0.424299794462711 2.972829638732592
0.424299794462711 2.972829638732592
0.424299794462711 2.972829638732592
0.424299794462711 2.972829638732592
0.424299794462711 2.972829638732592
0.424299794462711 2.972829638732592
0.424299794462711 2.972829638732592
0.424299794462711 2.972829638732592
0.424299794462711 2.972829638732592
0.424299794462711 2.972829638732592
0.424299794462711 2.972829638732592
0.424299794462711 2.972829638732592
0.424299794462711 2.972829638732592
0.424299794462711 2.972829638732592
0.424299794462711 2.972829638732592
0.424299794462711 2.972829638732592
0.424299794462711 2.972829638732592
0.3896386645172586 3.0537929844045113
0.424299794462711 2.972829638732592
0.424299794462711 2.972829638732592
0.424299794462711 3.010658827430766
0.424299794462711 3.010658827430766
0.424299794462711 2.9857284590563977
0.424299794462711 2.9857284590563977
0.424299794462711 2.970813385888849
0.424299794462711 3.075712757508231
0.424299794462711 3.075712757508231
0.424299794462711 2.9642521495252545
0.424299794462711 2.989738118727486
0.424299794462711 2.972829638732592
0.424299794462711 2.972829638732592
0.424299794462711 2.989738118727486
0.424299794462711 2.989738118727486
0.424299794462711 2.9701001574943016
0.424299794462711 2.989738118727486
0.424299794462711 2.989738118727486
0.424299794462711 2.9854473011711242
0.424299794462711 2.9708236848360436
0.424299794462711 3.0959309693874366
0.424299794462711 3.0633419034400777
0.424299794462711 3.0633419034400777
0.424299794462711 3.0633419034400777
0.4044297753948033 3.049694054961884
0.4044297753948033 3.049694054961884
0.4044297753948033 3.049694054961884
0.4044297753948033 3.049694054961884
0.4044297753948033 3.049694054961884
0.38455975632689565 2.8754141346791693
0.38455975632689565 2.8754141346791693
0.38455975632689565 2.8754141346791693
0.38455975632689565 2.8754141346791693
0.38455975632689565 2.8754141346791693
0.38455975632689565 2.8754141346791693
0.38455975632689565 2.8754141346791693
0.38455975632689565 2.8754141346791693
0.38455975632689565 2.8754141346791693
0.38455975632689565 2.8754141346791693
0.38455975632689565 2.8754141346791693
0.38455975632689565 2.8754141346791693
0.38455975632689565 2.8754141346791693
0.38455975632689565 2.8754141346791693
0.38455975632689565 2.8754141346791693
0.38455975632689565 2.8754141346791693
0.38455975632689565 2.8754141346791693
0.38455975632689565 2.8754141346791693
0.38455975632689565 2.911313005266261
0.38455975632689565 2.8754141346791693
0.38455975632689565 2.8754141346791693
0.38455975632689565 2.8754141346791693
0.44899005869381126 3.219397514305743
0.44899005869381126 3.219397514305743
0.44899005869381126 3.2154925410459634
0.44899005869381126 3.2154925410459634
0.44899005869381126 3.2154925410459634
0.44899005869381126 3.2154925410459634
0.44899005869381126 3.1790125788428836
0.44899005869381126 3.1790125788428836
0.44899005869381126 3.1790125788428836
0.44899005869381126 3.1790125788428836
0.44899005869381126 3.1790125788428836
0.44899005869381126 3.1790125788428836
0.44899005869381126 3.2154925410459634
0.38455975632689565 2.899573653604278
0.38455975632689565 2.900459462508928
0.38455975632689565 2.901303729555199
0.38455975632689565 2.901303729555199
0.38455975632689565 2.901303729555199
0.38455975632689565 2.8705547770413733
0.38455975632689565 2.8754141346791693
0.38455975632689565 2.8843255718906007
0.27885914788820154 3.4231367586980155
0.27885914788820154 3.4231367586980155
0.27885914788820154 3.4231367586980155
0.27885914788820154 3.422026289071604
0.27885914788820154 3.4231367586980155
0.27885914788820154 3.4231367586980155
0.27885914788820154 3.4231367586980155
0.27885914788820154 3.4231367586980155
0.27885914788820154 3.4231367586980155
0.27885914788820154 3.4231367586980155
0.27885914788820154 3.4231367586980155
0.27885914788820154 3.4231367586980155
0.27885914788820154 3.4231367586980155
0.27885914788820154 3.4231367586980155
0.27885914788820154 3.4231367586980155
0.27885914788820154 3.4231367586980155
0.27885914788820154 3.4231367586980155
0.27885914788820154 3.4231367586980155
0.27885914788820154 3.4231367586980155
0.27885914788820154 3.4231367586980155
0.22294738922322876 3.516555342323897
0.22294738922322876 3.516555342323897
0.22294738922322876 3.516555342323897
0.22294738922322876 3.5092852027967343
0.22294738922322876 3.5092852027967343
0.22294738922322876 3.5092852027967343
0.22294738922322876 3.5092852027967343
0.22294738922322876 3.5092852027967343
0.22294738922322876 3.506711366816058
0.22294738922322876 3.506711366816058
0.22294738922322876 3.506711366816058
0.22294738922322876 3.506711366816058
0.22294738922322876 3.506711366816058
0.22294738922322876 3.4608905661368037
0.22294738922322876 3.5092852027967343
0.22294738922322876 3.516555342323897
0.22294738922322876 3.516555342323897
0.22294738922322876 3.516555342323897
0.22294738922322876 3.516555342323897
0.22294738922322876 3.516555342323897
0.22294738922322876 3.516555342323897
0.22294738922322876 3.516555342323897
0.22294738922322876 3.516555342323897
0.20484424568737725 3.5731706482055254
0.20484424568737725 3.5731706482055254
0.20484424568737725 3.5731706482055254
0.20484424568737725 3.5731706482055254
0.20484424568737725 3.5731706482055254
0.20484424568737725 3.5731706482055254
0.20484424568737725 3.5731706482055254
0.1957926739194515 3.591541908840951
0.1957926739194515 3.591541908840951
0.1957926739194515 3.591541908840951
0.1957926739194515 3.591541908840951
0.18674110215152573 3.628996105885188
0.18674110215152573 3.628996105885188
0.18674110215152573 3.628996105885188
0.18674110215152573 3.6318339316008084
0.18221531626756285 3.6498064090520694
0.18221531626756285 3.625560183064548
0.18221531626756285 3.6507985730256283
0.18221531626756285 3.6507985730256283
0.18221531626756285 3.6507985730256283
0.18221531626756285 3.6507985730256283
0.18221531626756285 3.6507985730256283
0.18221531626756285 3.6507985730256283
0.1505348150798227 3.7597797516952944
0.1505348150798227 3.7597797516952944
0.1505348150798227 3.7597797516952944
0.1505348150798227 3.7597797516952944
0.1505348150798227 3.7597797516952944
0.15849335231030728 3.730300538124575
0.15849335231030728 3.730300538124575
0.15064113173291807 3.7340525116085224
0.15064113173291807 3.7340525116085224
0.15064113173291807 3.7340525116085224
0.15064113173291807 3.7340525116085224
0.15064113173291807 3.7340525116085224
0.14061350072207573 3.723694132976537
0.14061350072207573 3.723694132976537
0.14061350072207573 3.723694132976537
0.14061350072207573 3.723694132976537
0.14061350072207573 3.7410066377115734
0.19006993998658284 3.779894043838792
0.19006993998658284 3.779894043838792
0.19006993998658284 3.779894043838792
0.19006993998658284 3.779894043838792
0.19006993998658284 3.779894043838792
0.14017539532996787 3.8824739689439425
0.025920225271200845 4.068531405885072
0.025920225271200845 4.068531405885072
0.025920225271200845 4.068531405885072
0.025920225271200845 4.068531405885072
0.025920225271200845 4.068531405885072
0.025920225271200845 4.068531405885072
0.025920225271200845 4.068531405885072
0.025920225271200845 4.068531405885072
0.12804103462658836 3.857125236192139
0.12804103462658836 3.857125236192139
0.025920225271200845 4.068531405885072
0.025920225271200845 4.068531405885072
0.025920225271200845 4.068531405885072
0.12804103462658836 3.857125236192139
0.12804103462658836 3.857125236192139
0.025920225271200845 4.068531405885072
0.12804103462658836 3.857125236192139
0.025920225271200845 4.068531405885072
0.025920225271200845 4.068531405885072
0.025920225271200845 4.068531405885072
0.025920225271200845 4.068531405885072
0.025920225271200845 4.068531405885072
0.025920225271200845 4.068531405885072
0.025920225271200845 4.068531405885072
0.025920225271200845 4.068531405885072
0.025920225271200845 4.068531405885072
0.025920225271200845 4.068531405885072
0.025920225271200845 4.068531405885072
0.025920225271200845 4.068531405885072
