0.9062326202168655 3.3939009249595253
0.6795331089018822 3.8805925301843356
0.3402879104321558 4.09407421145748
0.9062326202168655 3.363427436753486
0.6795331089018822 3.8805925301843356
0.3402879104321558 4.09407421145748
0.3402879104321558 4.067076893008095
0.6795331089018822 3.8805925301843356
0.3402879104321558 4.067076893008095
0.3402879104321558 4.067076893008095
0.6795331089018822 3.835898395656487
0.3402879104321558 4.063135407962319
0.3402879104321558 4.063135407962319
0.21555309425204866 3.973631322093577
0.21555309425204866 3.973631322093577
0.21555309425204866 3.973631322093577
0.21555309425204866 3.973631322093577
0.21555309425204866 3.9591901059067696
0.49196232900410597 3.8245361663226936
0.49196232900410597 3.8245361663226936
0.49196232900410597 3.8245361663226936
0.49196232900410597 3.8245361663226936
0.49196232900410597 3.8245361663226936
0.49196232900410597 3.8245361663226936
0.49196232900410597 3.8245361663226936
0.49196232900410597 3.8245361663226936
0.49196232900410597 3.8245361663226936
0.49196232900410597 3.8245361663226936
0.49196232900410597 3.8245361663226936
0.49196232900410597 3.8245361663226936
0.49196232900410597 3.8245361663226936
0.49196232900410597 3.8245361663226936
0.49196232900410597 3.8245361663226936
0.49196232900410597 3.8245361663226936
0.49196232900410597 3.8245361663226936
0.24255103615290086 3.7866730222087357
0.24255103615290086 3.7866730222087357
0.24255103615290086 3.7723149073233557
0.24255103615290086 3.7723149073233557
0.24255103615290086 3.7723149073233557
0.24255103615290086 3.7723149073233557
0.24255103615290086 3.7723149073233557
0.24255103615290086 3.732927151068661
0.24255103615290086 3.732927151068661
0.24255103615290086 3.732927151068661
0.24255103615290086 3.732927151068661
0.30214749696920673 3.5719348216475675
0.30214749696920673 3.5719348216475675
0.30214749696920673 3.5719348216475675
0.30214749696920673 3.5719348216475675
0.30214749696920673 3.5719348216475675
0.30214749696920673 3.5719348216475675
0.30214749696920673 3.5719348216475675
0.30214749696920673 3.5719348216475675
0.30214749696920673 3.5719348216475675
0.30214749696920673 3.5719348216475675
0.30214749696920673 3.5719348216475675
0.30214749696920673 3.5719348216475675
0.30214749696920673 3.5719348216475675
0.30214749696920673 3.5719348216475675
0.30214749696920673 3.5719348216475675
0.30214749696920673 3.5719348216475675
0.30214749696920673 3.5719348216475675
0.578414172396329 3.005812386873748
0.578414172396329 3.005812386873748
0.578414172396329 3.005812386873748
0.578414172396329 3.005812386873748
0.578414172396329 3.005812386873748
0.578414172396329 3.005812386873748
0.5758730134331045 2.9990413189657725
0.5758730134331045 2.9990413189657725
0.5758730134331045 2.9990413189657725
0.5758730134331045 2.9990413189657725
0.5758730134331045 2.9990413189657725
0.5733318544698801 3.0119620030417207
0.5733318544698801 3.0119620030417207
0.5733318544698801 3.0128487841637543
0.5733318544698801 3.0128487841637543
0.573014209599477 2.9907580982904967
0.573014209599477 2.9907580982904967
0.5720612749882679 3.010054206289869
0.5720612749882679 3.010054206289869
0.5720612749882679 3.010054206289869
0.5720612749882679 3.010054206289869
0.5720612749882679 3.010054206289869
0.5720612749882679 3.010054206289869
0.5720612749882679 3.010054206289869
0.5720612749882679 3.0217022526448116
0.5720612749882679 3.0217022526448116
0.5720612749882679 3.0217022526448116
0.5720612749882679 3.0217022526448116
0.5720612749882679 3.0217022526448116
0.5720612749882679 3.0217022526448116
0.5720612749882679 3.0217022526448116
0.5720612749882679 3.0217022526448116
0.5720612749882679 3.0217022526448116
0.5720612749882679 3.0217022526448116
0.5720612749882679 3.0217022526448116
0.5720612749882679 3.0217022526448116
0.5720612749882679 3.0217022526448116
0.5720612749882679 3.028505161917356
0.5720612749882679 3.028505161917356
0.5720612749882679 3.028505161917356
0.5720612749882679 3.010054206289869
0.5720612749882679 3.010054206289869
0.5720612749882679 3.010054206289869
0.5720612749882679 3.010054206289869
0.5720612749882679 3.010054206289869
0.5720612749882679 3.010054206289869
0.5720612749882679 3.010054206289869
0.5720612749882679 3.0160010425631687
0.5720612749882679 3.015374623766711
0.5720612749882679 3.015374623766711
0.5720612749882679 3.0230456504450736
0.5720612749882679 3.010054206289869
0.5720612749882679 3.024363223104578
0.5720612749882679 3.024363223104578
0.5720612749882679 3.010054206289869
0.5720612749882679 3.010054206289869
0.5720612749882679 3.0124773339801085
0.5720612749882679 3.0124773339801085
0.5720612749882679 3.014652123321525
0.5720612749882679 3.0007990121705204
0.5720612749882679 3.0007990121705204
0.5720612749882679 3.0365554272440756
0.5720612749882679 2.9899940991856404
0.5720612749882679 2.9899940991856404
0.5720612749882679 3.0344993786485923
0.5720612749882679 3.0344993786485923
0.5720612749882679 2.9980220062295158
0.5720612749882679 3.0264238511481705
0.5720612749882679 3.015330627519885
0.5720612749882679 3.028575068975116
0.5720612749882679 2.9961007660329084
0.5720612749882679 3.0175109408750713
0.5720612749882679 3.0175109408750713
0.5720612749882679 3.0229335972128335
0.5720612749882679 3.0305739770122604
0.5720612749882679 3.0305739770122604
0.5720612749882679 3.0129726948204563
0.5720612749882679 3.0156242355449687
0.5720612749882679 3.0262240540588747
0.5720612749882679 3.0387503614764073
0.5720612749882679 3.0220627613479514
0.5720612749882679 3.006486619959478
0.5720612749882679 3.006486619959478
0.5720612749882679 3.019780278315734
0.5720612749882679 3.019780278315734
0.5720612749882679 3.028493938937899
0.5720612749882679 3.028493938937899
0.5720612749882679 3.0247556362434307
0.5720612749882679 3.0011776651784996
0.5720612749882679 3.0011776651784996
0.5720612749882679 3.0011776651784996
0.5720612749882679 3.0011776651784996
0.5720612749882679 3.0295828458091236
0.5720612749882679 3.0458015811775576
0.5720612749882679 3.00705970295868
0.5720612749882679 3.00705970295868
0.5720612749882679 3.0014255953370754
0.5720612749882679 3.0505729141873954
0.5720612749882679 3.005779939800042
0.5720612749882679 3.005779939800042
0.5720612749882679 3.005779939800042
0.5720612749882679 3.005779939800042
0.5720612749882679 3.0373794669772844
0.5720612749882679 3.0373794669772844
0.5720612749882679 2.996171031723811
0.5720612749882679 3.0344541902085185
0.5720612749882679 3.0296450890079565
0.5720612749882679 2.980117278616218
0.5720612749882679 2.9836434971969257
0.5720612749882679 2.9836434971969257
0.5720612749882679 2.9173660664550525
0.5720612749882679 3.061327512353278
0.5720612749882679 2.9951549409585643
0.5720612749882679 2.9777662859657217
0.5720612749882679 2.961768080684212
0.5720612749882679 3.0112808916369977
0.5720612749882679 2.9790176112051254
0.5720612749882679 3.049104937081396
0.5720612749882679 2.944804820347772
0.5720612749882679 3.030271652972249
0.5720612749882679 3.030271652972249
0.5720612749882679 3.036847274188924
0.5720612749882679 3.0116809932173676
0.5720612749882679 3.011066342810958
0.5720612749882679 2.9407213374839305
0.5720612749882679 2.9760231835671975
0.5720612749882679 2.9760231835671975
0.5720612749882679 2.9558241734876236
0.5720612749882679 2.9558241734876236
0.5720612749882679 2.9760231835671975
0.5720612749882679 2.9760231835671975
0.3233696472515242 3.112535821210529
0.3233696472515242 3.1216463339683704
0.3233696472515242 3.1216463339683704
0.3233696472515242 3.1216463339683704
0.3233696472515242 3.1156602642391635
0.3233696472515242 3.119385514445554
0.3233696472515242 3.119385514445554
0.3233696472515242 3.0941102816591517
0.3233696472515242 3.0941102816591517
0.3233696472515242 3.0941102816591517
0.3233696472515242 3.1380749363428366
0.3233696472515242 3.1181680168036374
0.3233696472515242 3.172317881539244
0.3233696472515242 3.1088450623255346
0.3233696472515242 3.101649446093581
0.3233696472515242 3.101649446093581
0.3233696472515242 3.108569093365714
0.3233696472515242 3.108569093365714
0.3233696472515242 3.090888871962413
0.3233696472515242 3.0789127265747402
0.3233696472515242 3.1284934327948988
0.3233696472515242 3.108190979135146
0.3233696472515242 3.108190979135146
0.3233696472515242 3.1266569748359636
0.3233696472515242 3.18827017353491
0.3233696472515242 3.18827017353491
0.3233696472515242 3.0643824689945296
0.3233696472515242 3.0643824689945296
0.3233696472515242 3.1119793540520866
0.3233696472515242 3.114276329251926
0.3233696472515242 3.114276329251926
0.3233696472515242 3.1230967082361696
0.3233696472515242 3.1498071885984236
0.3233696472515242 3.1346852269909182
0.3233696472515242 3.1346852269909182
0.3233696472515242 3.1788408742536802
0.3233696472515242 3.1213005865797787
0.3233696472515242 3.2015625403052614
0.3233696472515242 3.074450509217742
0.3233696472515242 3.0911821062555065
0.3233696472515242 3.2374066422787497
0.3233696472515242 3.0903031895241186
0.3233696472515242 3.102964455994966
0.3233696472515242 3.106628744581753
0.3233696472515242 3.106628744581753
0.3233696472515242 3.1632066641665153
0.3233696472515242 3.2207330779292924
0.3233696472515242 3.1689555709353163
0.3233696472515242 3.1041789593966924
0.3233696472515242 3.1041789593966924
0.3233696472515242 3.0564712032753887
0.3233696472515242 3.1242734814858983
0.3233696472515242 3.1242734814858983
0.3233696472515242 3.208009295917369
0.3233696472515242 3.067527098486975
0.3233696472515242 3.1380023725033035
0.3233696472515242 3.199535521337425
0.3233696472515242 3.199535521337425
0.3233696472515242 3.196412993999034
0.3233696472515242 3.1553219503503787
0.3233696472515242 3.0884716561249252
0.3233696472515242 3.0884716561249252
0.3233696472515242 3.207568748432977
0.3233696472515242 3.207568748432977
0.3233696472515242 3.2682739781927435
0.3233696472515242 3.207571876859823
0.3233696472515242 3.08453162238329
0.3233696472515242 3.08453162238329
0.3233696472515242 3.08567564517611
0.3233696472515242 3.341698543880698
0.3233696472515242 3.341698543880698
0.3233696472515242 3.341698543880698
0.3233696472515242 3.341698543880698
0.3233696472515242 3.1312208386896496
0.3233696472515242 3.106070724468591
0.3233696472515242 3.2200290227501283
0.3233696472515242 3.314052363633077
0.3233696472515242 3.314052363633077
0.3233696472515242 3.2296484757768127
0.3233696472515242 3.219564287640696
0.3233696472515242 3.219564287640696
0.3233696472515242 3.2213604380627503
0.3233696472515242 3.2213604380627503
0.3233696472515242 3.1339448689694502
0.3233696472515242 3.2096766112544723
0.3233696472515242 3.1465354015452145
0.3233696472515242 3.241053678190573
0.28408247508643913 3.4000781980981998
0.28408247508643913 3.4000781980981998
0.28408247508643913 3.4000781980981998
0.28408247508643913 3.4000781980981998
0.28408247508643913 3.4000781980981998
0.2644388890038966 3.5368934770861045
0.2644388890038966 3.5368934770861045
0.2644388890038966 3.5368934770861045
0.2644388890038966 3.5368934770861045
0.2644388890038966 3.5368934770861045
0.25952799248326097 3.5261010735820637
0.25952799248326097 3.5261010735820637
0.25952799248326097 3.5261010735820637
0.25952799248326097 3.5489809887010355
0.25952799248326097 3.5489809887010355
0.25952799248326097 3.5489809887010355
0.2570725442229432 3.5761078915568536
0.2570725442229432 3.5761078915568536
0.2570725442229432 3.5761078915568536
0.2570725442229432 3.5761078915568536
0.2570725442229432 3.5761078915568536
0.24248203552192876 3.5758723971821027
0.24248203552192876 3.5758723971821027
0.24248203552192876 3.5758723971821027
0.24248203552192876 3.5758723971821027
0.24248203552192876 3.5758723971821027
0.24248203552192876 3.5758723971821027
0.24248203552192876 3.5758723971821027
0.24248203552192876 3.5758723971821027
0.24248203552192876 3.5758723971821027
0.24248203552192876 3.5758723971821027
0.24248203552192876 3.5758723971821027
0.2142820410998964 3.6722170374740544
0.2142820410998964 3.671991129283946
0.2142820410998964 3.671991129283946
0.2142820410998964 3.671991129283946
0.2142820410998964 3.671991129283946
0.2142820410998964 3.671991129283946
0.2033004606195112 3.5678001079043606
0.2033004606195112 3.5678001079043606
0.2033004606195112 3.5678001079043606
0.2033004606195112 3.5678001079043606
0.2033004606195112 3.5678001079043606
0.2033004606195112 3.5678001079043606
0.2033004606195112 3.5678001079043606
0.2033004606195112 3.5678001079043606
0.2033004606195112 3.5678001079043606
0.2033004606195112 3.5678001079043606
0.2033004606195112 3.5678001079043606
0.2033004606195112 3.5678001079043606
0.17882988279237544 3.740154396895446
0.17882988279237544 3.740154396895446
0.17882988279237544 3.740154396895446
0.17882988279237544 3.740154396895446
0.17882988279237544 3.740154396895446
0.17882988279237544 3.740154396895446
0.17882988279237544 3.740154396895446
0.17882988279237544 3.740154396895446
0.17882988279237544 3.740154396895446
0.17882988279237544 3.740154396895446
0.17577106056398345 3.766825868105696
0.17577106056398345 3.766825868105696
0.1727122383355915 3.790083453641334
0.1727122383355915 3.790083453641334
0.1727122383355915 3.790083453641334
0.16659459387880754 3.828568400336439
0.16659459387880754 3.828568400336439
0.16659459387880754 3.828568400336439
0.16659459387880754 3.828568400336439
0.1342691037050197 3.8663912012947503
0.15043184879191362 3.8066764430383517
0.15043184879191362 3.8066764430383517
0.15043184879191362 3.8066764430383517
0.15043184879191362 3.8066764430383517
0.12899872049878258 3.8278650806493193
0.12899872049878258 3.8278650806493193
0.12899872049878258 3.8278650806493193
0.12899872049878258 3.8278650806493193
0.12899872049878258 3.8278650806493193
0.12899872049878258 3.8278650806493193
0.12899872049878258 3.80003252295029
0.12899872049878258 3.80003252295029
0.12899872049878258 3.80003252295029
0.12899872049878258 3.785898988566581
0.12899872049878258 3.785898988566581
0.12899872049878258 3.785898988566581
0.12899872049878258 3.7552073376276516
0.12899872049878258 3.7552073376276516
0.12899872049878258 3.7552073376276516
0.12899872049878258 3.7552073376276516
0.12899872049878258 3.7397529731400674
0.12899872049878258 3.7397529731400674
0.12899872049878258 3.7397529731400674
0.12899872049878258 3.7397529731400674
0.12899872049878258 3.7397529731400674
0.12899872049878258 3.7552073376276516
0.12899872049878258 3.80003252295029
0.12899872049878258 3.8329218912842573
0.12899872049878258 3.8443886838665446
0.12899872049878258 3.8329218912842573
0.07613695974709803 4.028753860016611
0.11953669511123297 4.008002020283789
0.11953669511123297 4.008002020283789
0.11953669511123297 4.008002020283789
0.06471746832612975 4.0841704061567246
0.06471746832612975 4.0841704061567246
0.058506564566779884 4.098879564289945
0.058506564566779884 4.098879564289945
0.05460797016697173 4.10830181673227
0.05460797016697173 4.10830181673227
0.03438897384865569 4.194868794231419
0.03438897384865569 4.194868794231419
0.03438897384865569 4.194868794231419
0.03438897384865569 4.194868794231419
0.03438897384865569 4.194868794231419
0.03438897384865569 4.194868794231419
0.03126375556036956 4.211788047434802
0.02196716632995596 4.249640676535714
0.02196716632995596 4.249640676535714
0.02196716632995596 4.249640676535714
0.013013822850568797 4.320482788990445
0.013013822850568797 4.320482788990445
0.013013822850568797 4.320482788990445
0.0032002186501904548 4.442027775470664
0.0032002186501904548 4.442027775470664
