0.457661858307817 3.9905900459218566
0.0578044459899244 5.156344461673773
0.2982928089712473 3.962673164821185
0.457661858307817 3.988735170457246
0.0578044459899244 5.156344461673773
0.2982928089712473 3.9233329329007347
0.457661858307817 3.988735170457246
0.2982928089712473 3.9233329329007347
0.2982928089712473 3.9233329329007347
0.457661858307817 3.968276682609772
0.2982928089712473 3.9233329329007347
0.2982928089712473 3.9233329329007347
0.457661858307817 3.947658340306312
0.457661858307817 3.947658340306312
0.457661858307817 3.947658340306312
0.457661858307817 3.947658340306312
0.44982299259506164 3.1680359954205306
0.44982299259506164 3.1680359954205306
0.44982299259506164 3.1680359954205306
0.44982299259506164 3.1656883240955684
0.44982299259506164 3.1656883240955684
0.44982299259506164 3.1656883240955684
0.44982299259506164 3.1656883240955684
0.44982299259506164 3.1608048319299606
0.44982299259506164 3.1608048319299606
0.44982299259506164 3.1608048319299606
0.44982299259506164 3.1608048319299606
0.44982299259506164 3.1608048319299606
0.44982299259506164 3.1592991548159945
0.44982299259506164 3.1592991548159945
0.44982299259506164 3.1592991548159945
0.44982299259506164 3.1592991548159945
0.44982299259506164 3.1592991548159945
0.4538079707865448 3.152943353577826
0.4538079707865448 3.152943353577826
0.4538079707865448 3.152943353577826
0.4538079707865448 3.152943353577826
0.4538079707865448 3.1460751173011614
0.4538079707865448 3.1460751173011614
0.4538079707865448 3.1374283943181993
0.4538079707865448 3.1374283943181993
0.4538079707865448 3.1374283943181993
0.4538079707865448 3.1053626916110537
0.4538079707865448 3.1053626916110537
0.4538079707865448 3.1053626916110537
0.4538079707865448 3.1053626916110537
0.2982928089712473 3.7004442315116717
0.2982928089712473 3.7004442315116717
0.2982928089712473 3.7004442315116717
0.2982928089712473 3.7004442315116717
0.2982928089712473 3.7004442315116717
0.2982928089712473 3.7004442315116717
0.2982928089712473 3.673620165296371
0.5426740009485336 3.378818525341544
0.5426740009485336 3.378818525341544
0.5426740009485336 3.378818525341544
0.5021716274358101 3.189759158986942
0.5021716274358101 3.189759158986942
0.5021716274358101 3.189759158986942
0.5021716274358101 3.189759158986942
0.5021716274358101 3.189759158986942
0.5021716274358101 3.189759158986942
0.5021716274358101 3.189759158986942
0.5021716274358101 3.189759158986942
0.5021716274358101 3.189759158986942
0.5021716274358101 3.189759158986942
0.41379139072474436 3.1544119720296697
0.41379139072474436 3.1544119720296697
0.41379139072474436 3.1544119720296697
0.41379139072474436 3.1544119720296697
0.41379139072474436 3.1175576603813493
0.41379139072474436 3.1175576603813493
0.41379139072474436 3.1175576603813493
0.41379139072474436 3.1175576603813493
0.41379139072474436 3.1175576603813493
0.41379139072474436 3.1175576603813493
0.41379139072474436 3.1544119720296697
0.41379139072474436 3.142851379723366
0.41379139072474436 3.1175576603813493
0.41379139072474436 3.1544119720296697
0.41379139072474436 3.179327228615345
0.41379139072474436 3.179327228615345
0.41379139072474436 3.179327228615345
0.41379139072474436 3.1544119720296697
0.41379139072474436 3.1544119720296697
0.41379139072474436 3.1544119720296697
0.41379139072474436 3.1775424519201834
0.41379139072474436 3.1775424519201834
0.41379139072474436 3.1553038747294746
0.41379139072474436 3.1553038747294746
0.41379139072474436 3.1553038747294746
0.41379139072474436 3.1788810275821886
0.41379139072474436 3.1788810275821886
0.41379139072474436 3.142851379723366
0.42055583875790936 2.6678061322878475
0.42055583875790936 2.6678061322878475
0.42055583875790936 2.6678061322878475
0.42055583875790936 2.6678061322878475
0.42055583875790936 2.6678061322878475
0.42055583875790936 2.6678061322878475
0.42055583875790936 2.6678061322878475
0.42055583875790936 2.6678061322878475
0.42055583875790936 2.6678061322878475
0.42055583875790936 2.6678061322878475
0.42055583875790936 2.6678061322878475
0.42055583875790936 2.6678061322878475
0.42055583875790936 2.6678061322878475
0.42055583875790936 2.6678061322878475
0.42055583875790936 2.6678061322878475
0.42055583875790936 2.6678061322878475
0.42055583875790936 2.6678061322878475
0.42055583875790936 2.6678061322878475
0.42055583875790936 2.6678061322878475
0.42055583875790936 2.6678061322878475
0.42055583875790936 2.6678061322878475
0.42055583875790936 2.6678061322878475
0.42055583875790936 2.6678061322878475
0.42055583875790936 2.6678061322878475
0.42055583875790936 2.6678061322878475
0.42055583875790936 2.6678061322878475
0.42055583875790936 2.6678061322878475
0.42055583875790936 2.6678061322878475
0.42055583875790936 2.6678061322878475
0.42055583875790936 2.6678061322878475
0.42055583875790936 2.6693546745798016
0.42055583875790936 2.6693546745798016
0.42055583875790936 2.6693546745798016
0.42055583875790936 2.67725583749747
0.42055583875790936 2.67725583749747
0.42055583875790936 2.6685803946282465
0.42055583875790936 2.6685803946282465
0.42055583875790936 2.6678061322878475
0.42055583875790936 2.6678061322878475
0.42055583875790936 2.6678061322878475
0.42055583875790936 2.667419007723762
0.42055583875790936 2.667419007723762
0.42055583875790936 2.6678061322878475
0.42055583875790936 2.6678061322878475
0.42055583875790936 2.6678061322878475
0.42055583875790936 2.7292477686633934
0.42055583875790936 2.6937829246511966
0.42055583875790936 2.7493536828643457
0.42055583875790936 2.682341197160614
0.42055583875790936 2.6678061322878475
0.42055583875790936 2.6827284909025706
0.42055583875790936 2.6827284909025706
0.42055583875790936 2.683032707352832
0.42055583875790936 2.683032707352832
0.42055583875790936 2.668679283248777
0.42055583875790936 2.6689675324030153
0.42055583875790936 2.6689675324030153
0.42055583875790936 2.6799920548602354
0.42055583875790936 2.6971149122565805
0.42055583875790936 2.652077891163236
0.42055583875790936 2.652077891163236
0.42055583875790936 2.652077891163236
0.42055583875790936 2.652077891163236
0.42055583875790936 2.7110125907525093
0.42055583875790936 2.6679267315543957
0.42055583875790936 2.690709365966257
0.42055583875790936 2.6679996962215644
0.42055583875790936 2.721743337819127
0.42055583875790936 2.683748670664583
0.42055583875790936 2.6794129103463282
0.42055583875790936 2.6794129103463282
0.42055583875790936 2.6772282108112
0.42055583875790936 2.6772282108112
0.42055583875790936 2.6772282108112
0.42055583875790936 2.6772282108112
0.42055583875790936 2.6772282108112
0.42055583875790936 2.669187644860238
0.42055583875790936 2.676339150168613
0.42055583875790936 2.676339150168613
0.42055583875790936 2.6563930991920306
0.42055583875790936 2.672801679697521
0.42055583875790936 2.672666122873018
0.42055583875790936 2.7290092780000736
0.42055583875790936 2.7102275547135104
0.42055583875790936 2.6750148735391415
0.42055583875790936 2.674031837704086
0.42055583875790936 2.6798814338015062
0.42055583875790936 2.648717335188923
0.42055583875790936 2.9036175102256587
0.42055583875790936 2.9036175102256587
0.42055583875790936 2.6684359013049335
0.42055583875790936 2.6921840683185687
0.42055583875790936 2.790956759632231
0.42055583875790936 2.8947094944205
0.42055583875790936 2.6635502921848495
0.42055583875790936 2.6721377055363003
0.42055583875790936 2.633475533932986
0.42055583875790936 2.633475533932986
0.42055583875790936 2.7269782859629617
0.42055583875790936 2.6916959184850575
0.42055583875790936 2.8757791095021847
0.42055583875790936 2.7308449142794298
0.42055583875790936 2.7715299683169654
0.42055583875790936 2.7715299683169654
0.42055583875790936 2.769002114641589
0.42055583875790936 2.7602738567585594
0.42055583875790936 2.7602738567585594
0.42055583875790936 2.7606090132385552
0.42055583875790936 2.7606090132385552
0.42055583875790936 2.6501344496173638
0.42055583875790936 2.7947400910457736
0.42055583875790936 2.7809617871779304
0.42055583875790936 2.789456294814978
0.42055583875790936 2.789456294814978
0.42055583875790936 2.8874198839714382
0.42055583875790936 2.8874198839714382
0.42055583875790936 2.761476268446822
0.42055583875790936 2.7766197739252183
0.42055583875790936 2.8560837961420495
0.42055583875790936 2.8003598465653656
0.42055583875790936 2.9223623053705574
0.42055583875790936 2.8464521718306193
0.42055583875790936 2.737022910443538
0.42055583875790936 2.763412851616532
0.42055583875790936 2.8270639079455626
0.42055583875790936 2.8270639079455626
0.2907118270344421 3.021679305449321
0.2907118270344421 3.021679305449321
0.2907118270344421 3.021679305449321
0.2907118270344421 3.021679305449321
0.2915700069263982 2.9775810707998245
0.2915700069263982 2.9775810707998245
0.2915700069263982 2.9775810707998245
0.2915700069263982 2.9775810707998245
0.2915700069263982 2.9775810707998245
0.2915700069263982 2.9775810707998245
0.2915700069263982 2.9775810707998245
0.2915700069263982 2.9775810707998245
0.2915700069263982 2.9775810707998245
0.2915700069263982 2.96067528438522
0.2915700069263982 2.9475367565913233
0.2915700069263982 2.9475367565913233
0.2915700069263982 2.9475367565913233
0.2915700069263982 2.96067528438522
0.2915700069263982 2.96067528438522
0.2915700069263982 2.96067528438522
0.2915700069263982 2.96067528438522
0.2915700069263982 2.96067528438522
0.2915700069263982 2.9775810707998245
0.2915700069263982 2.9775810707998245
0.2915700069263982 2.9775810707998245
0.2915700069263982 2.9775810707998245
0.2915700069263982 2.9775810707998245
0.2915700069263982 2.9775810707998245
0.2915700069263982 2.9775810707998245
0.2915700069263982 2.9775810707998245
0.2915700069263982 2.9775810707998245
0.2915700069263982 2.9775810707998245
0.2915700069263982 2.9775810707998245
0.2915700069263982 2.9775810707998245
0.2915700069263982 2.9817103992671825
0.2915700069263982 2.9817103992671825
0.2915700069263982 2.9775810707998245
0.2915700069263982 2.9775810707998245
0.2915700069263982 2.9775810707998245
0.2915700069263982 2.9775810707998245
0.2915700069263982 3.0329349849928127
0.2915700069263982 2.9814603433697107
0.2915700069263982 2.96067528438522
0.2915700069263982 2.9475367565913233
0.2915700069263982 2.9817103992671825
0.2915700069263982 2.9817103992671825
0.2915700069263982 2.9586115296219773
0.2915700069263982 2.9606175494247715
0.2915700069263982 2.9817103992671825
0.2915700069263982 2.9783545094847015
0.2915700069263982 3.000126000709936
0.2915700069263982 2.9775810707998245
0.2915700069263982 3.023360688099727
0.2915700069263982 3.023360688099727
0.2915700069263982 3.023360688099727
0.2915700069263982 3.0004651916441047
0.2915700069263982 3.0004651916441047
0.2915700069263982 2.968868710435012
0.2915700069263982 2.968868710435012
0.2915700069263982 2.9931520639684717
0.2915700069263982 2.9931520639684717
0.2915700069263982 2.9817103992671825
0.2915700069263982 2.9853659047207626
0.2915700069263982 2.9853659047207626
0.2915700069263982 3.0000673708536154
0.2915700069263982 3.0179038301762366
0.2915700069263982 3.0022908294012587
0.2915700069263982 3.150461356780121
0.2915700069263982 2.9933747550604464
0.2915700069263982 2.9965128530418808
0.2915700069263982 3.0008689474185086
0.2915700069263982 2.9470646952345554
0.2915700069263982 2.9886295961200076
0.2915700069263982 2.9886295961200076
0.2915700069263982 2.992725841224709
0.2915700069263982 2.992725841224709
0.2915700069263982 2.9445404950730705
0.2915700069263982 2.9852567425089758
0.2915700069263982 3.1138674507504045
0.2915700069263982 2.975751184382182
0.2915700069263982 2.9979881092433445
0.2915700069263982 2.9979881092433445
0.2915700069263982 2.9979881092433445
0.2915700069263982 2.962386207197562
0.2915700069263982 3.0369594682994916
0.2915700069263982 3.0369594682994916
0.2915700069263982 2.9502534744542124
0.16723068749665046 3.243298741682282
0.16723068749665046 3.2250979639275617
0.16723068749665046 3.2250979639275617
0.16723068749665046 3.2237773219156987
0.2606282481529817 3.2759195661915954
0.16723068749665046 3.2237773219156987
0.16723068749665046 3.2237773219156987
0.16723068749665046 3.2168596832364384
0.16723068749665046 3.2168596832364384
0.16723068749665046 3.2134499318963283
0.16723068749665046 3.2134499318963283
0.16723068749665046 3.2134499318963283
0.16723068749665046 3.209276337847764
0.16723068749665046 3.209276337847764
0.16723068749665046 3.2085581127059295
0.16723068749665046 3.2085581127059295
0.16723068749665046 3.201937736600015
0.16723068749665046 3.201937736600015
0.16723068749665046 3.201937736600015
0.16723068749665046 3.1931859349143985
0.16723068749665046 3.1931859349143985
0.16723068749665046 3.1678504734576616
0.16723068749665046 3.1624704627897167
0.16723068749665046 3.1624704627897167
0.16723068749665046 3.1624704627897167
0.16723068749665046 3.1624704627897167
0.10152331429629236 3.032464920316005
0.16723068749665046 3.1406142168386046
0.16723068749665046 3.1406142168386046
0.16723068749665046 3.1406142168386046
0.16723068749665046 3.1074684125706917
0.16723068749665046 3.1074684125706917
0.16723068749665046 3.1074684125706917
0.16723068749665046 3.1074684125706917
0.16723068749665046 3.1074684125706917
0.16723068749665046 3.1074684125706917
0.16723068749665046 3.1074684125706917
0.16723068749665046 3.0855097073344804
0.16723068749665046 3.0711937732226904
0.16723068749665046 3.0711937732226904
0.16723068749665046 3.0711937732226904
0.16723068749665046 3.0711937732226904
0.16723068749665046 3.0550822187970876
0.16723068749665046 3.0550822187970876
0.16723068749665046 3.049795207445074
0.16723068749665046 3.0013001032745623
0.16723068749665046 3.0013001032745623
0.16723068749665046 3.0013001032745623
0.16723068749665046 3.0550822187970876
0.16723068749665046 3.0550822187970876
0.16723068749665046 3.0711937732226904
0.16723068749665046 3.0855097073344804
0.16723068749665046 3.0855097073344804
0.16723068749665046 3.1074684125706917
0.16723068749665046 3.1074684125706917
0.16723068749665046 3.1406142168386046
0.15285877511916265 3.093100466034166
0.15285877511916265 3.0903722902088266
0.15285877511916265 3.0903722902088266
0.15285877511916265 3.0903722902088266
0.15285877511916265 3.093100466034166
0.15285877511916265 3.093100466034166
0.15285877511916265 3.093100466034166
0.15285877511916265 3.093100466034166
0.15285877511916265 3.093100466034166
0.15285877511916265 3.093100466034166
0.15285877511916265 3.093100466034166
0.15285877511916265 3.093100466034166
0.15285877511916265 3.093100466034166
0.15285877511916265 3.093100466034166
0.15285877511916265 3.093100466034166
0.15285877511916265 3.093100466034166
0.15285877511916265 3.093100466034166
0.15285877511916265 3.093100466034166
0.15285877511916265 3.093100466034166
0.15285877511916265 3.093100466034166
0.030256028369394367 3.6402232407630635
0.030256028369394367 3.6402232407630635
0.030256028369394367 3.6402232407630635
0.030256028369394367 3.6402232407630635
0.030256028369394367 3.6402232407630635
0.030256028369394367 3.6402232407630635
0.030256028369394367 3.6402232407630635
0.030256028369394367 3.6402232407630635
0.030256028369394367 3.6402232407630635
0.030256028369394367 3.6402232407630635
0.030256028369394367 3.6402232407630635
0.030256028369394367 3.6402232407630635
0.030256028369394367 3.6402232407630635
0.030256028369394367 3.6402232407630635
0.030256028369394367 3.6402232407630635
0.030256028369394367 3.6402232407630635
0.030256028369394367 3.6402232407630635
0.030256028369394367 3.6402232407630635
0.030256028369394367 3.6402232407630635
0.030256028369394367 3.6402232407630635
0.030256028369394367 3.6402232407630635
0.030256028369394367 3.6402232407630635
0.030256028369394367 3.6996591180162963
