0.7093598091465521 3.326187398735998
0.11442172401245632 4.563804570705879
0.453705578146017 3.663623108923542
0.7093598091465521 3.282686129172421
0.11442172401245632 4.563804570705879
0.453705578146017 3.663623108923542
0.7093598091465521 3.282686129172421
0.11442172401245632 4.563804570705879
0.7871921958446011 3.324211383847527
0.7093598091465521 3.2687472988460278
0.7852960013264348 3.3071143230407882
0.7852960013264348 3.3071143230407882
0.7093598091465521 3.2686433089311633
0.7852960013264348 3.3071143230407882
0.7852960013264348 3.2803630054039035
0.7093598091465521 3.2686433089311633
0.7852960013264348 3.2748833688278247
0.7852960013264348 3.2697298240071544
0.7093598091465521 3.2577234950016267
0.7852960013264348 3.2513874823643967
0.7852960013264348 3.220709495327713
0.7093598091465521 3.256649045282557
0.7852960013264348 3.220709495327713
0.7852960013264348 3.220709495327713
0.7093598091465521 3.2225185175557463
0.7852960013264348 3.2050593803885374
0.7647108663235861 3.158367337605079
0.7093598091465521 3.2183162458323014
0.7093598091465521 3.1882627909017702
0.7093598091465521 3.1882627909017702
0.7093598091465521 3.1882627909017702
0.7093598091465521 3.1882627909017702
0.7093598091465521 3.1882627909017702
0.7093598091465521 3.1882627909017702
0.7093598091465521 3.1882627909017702
0.7093598091465521 3.1882627909017702
0.7093598091465521 3.1882627909017702
0.7093598091465521 3.164109093651453
0.7093598091465521 3.164109093651453
0.7093598091465521 3.153217322158417
0.7093598091465521 3.153217322158417
0.7093598091465521 3.153217322158417
0.7093598091465521 3.1213811514018976
0.7093598091465521 3.1213811514018976
0.7093598091465521 3.1213811514018976
0.7093598091465521 3.1213811514018976
0.7093598091465521 3.1121032349188296
0.7093598091465521 3.1121032349188296
0.7093598091465521 3.056019307777983
0.7093598091465521 3.056019307777983
0.7093598091465521 3.0544352846568383
0.8486958475248375 2.8783344003207696
0.8486958475248375 2.8783344003207696
0.8486958475248375 2.8783344003207696
0.8486958475248375 2.8783344003207696
0.8486958475248375 2.8783344003207696
0.8486958475248375 2.8506419197208888
0.8486958475248375 2.8506419197208888
0.8486958475248375 2.8506419197208888
0.8486958475248375 2.8506419197208888
0.8486958475248375 2.8506419197208888
0.8486958475248375 2.8506419197208888
0.8486958475248375 2.8506419197208888
0.8486958475248375 2.8506419197208888
0.8486958475248375 2.8506419197208888
0.8486958475248375 2.8506419197208888
0.8484769604130049 2.8784867811682733
0.8484769604130049 2.8784867811682733
0.8484769604130049 2.8784867811682733
0.8484769604130049 2.8784867811682733
0.8484769604130049 2.8784867811682733
0.8484769604130049 2.837095983267073
0.8484769604130049 2.837095983267073
0.8091070121080164 2.8558885612193903
0.8091070121080164 2.8558885612193903
0.8091070121080164 2.8558885612193903
0.8091070121080164 2.8558885612193903
0.8091070121080164 2.8558885612193903
0.8091070121080164 2.8558885612193903
0.8091070121080164 2.8558885612193903
0.8091070121080164 2.8558885612193903
0.8091070121080164 2.8558885612193903
0.8091070121080164 2.8558885612193903
0.8091070121080164 2.8558885612193903
0.8091070121080164 2.8558885612193903
0.8091070121080164 2.8558885612193903
0.8091070121080164 2.814267241369744
0.7206296635617713 3.3352103498918404
0.5562449809534188 3.264583472291846
0.6630058120200184 3.1568223658801946
0.5562449809534188 3.256559839925812
0.5562449809534188 3.256559839925812
0.5562449809534188 3.236299886032435
0.5562449809534188 3.236299886032435
0.5562449809534188 3.236299886032435
0.5562449809534188 3.2153264780509145
0.5562449809534188 3.236299886032435
0.5562449809534188 3.236299886032435
0.5562449809534188 3.236299886032435
0.5562449809534188 3.236299886032435
0.5562449809534188 3.236299886032435
0.5562449809534188 3.236299886032435
0.5562449809534188 3.236299886032435
0.5562449809534188 3.236299886032435
0.5562449809534188 3.236299886032435
0.5562449809534188 3.236299886032435
0.5562449809534188 3.236299886032435
0.5562449809534188 3.236299886032435
0.5562449809534188 3.236299886032435
0.5562449809534188 3.236299886032435
0.5562449809534188 3.236299886032435
0.5562449809534188 3.236299886032435
0.5562449809534188 3.236299886032435
0.5562449809534188 3.236299886032435
0.5562449809534188 3.256559839925812
0.5562449809534188 3.256559839925812
0.5562449809534188 3.256559839925812
0.5562449809534188 3.256559839925812
0.5562449809534188 3.256559839925812
0.5562449809534188 3.256559839925812
0.5562449809534188 3.258544690481155
0.5562449809534188 3.236299886032435
0.5562449809534188 3.2372019919222397
0.5562449809534188 3.268239358630976
0.5562449809534188 3.2153264780509145
0.5562449809534188 3.228791173820469
0.5562449809534188 3.228791173820469
0.5562449809534188 3.214286327372837
0.5562449809534188 3.214286327372837
0.5562449809534188 3.235100587782208
0.5473514231247141 3.257436499512565
0.5473514231247141 3.257436499512565
0.5473514231247141 3.257436499512565
0.5384578652960093 3.266144705547493
0.5384578652960093 3.266144705547493
0.5384578652960093 3.266144705547493
0.5384578652960093 3.266144705547493
0.5384578652960093 3.266144705547493
0.5384578652960093 3.266144705547493
0.5384578652960093 3.266144705547493
0.5384578652960093 3.266144705547493
0.5384578652960093 3.266144705547493
0.5384578652960093 3.285353072133165
0.5384578652960093 3.266144705547493
0.5384578652960093 3.266144705547493
0.5384578652960093 3.266144705547493
0.5384578652960093 3.1178359593668272
0.5384578652960093 3.1178359593668272
0.5384578652960093 3.1178359593668272
0.5384578652960093 3.1178359593668272
0.5384578652960093 3.1178359593668272
0.5384578652960093 3.1178359593668272
0.5384578652960093 3.1178359593668272
0.5384578652960093 3.1178359593668272
0.5384578652960093 3.1178359593668272
0.5384578652960093 3.1178359593668272
0.5384578652960093 3.1178359593668272
0.5384578652960093 3.1178359593668272
0.5384578652960093 3.1178359593668272
0.5384578652960093 3.1178359593668272
0.5384578652960093 3.1178359593668272
0.5384578652960093 3.1178359593668272
0.5384578652960093 3.101159447841096
0.5384578652960093 3.1178359593668272
0.5384578652960093 3.1178359593668272
0.5216129746592005 3.171467520638314
0.5216129746592005 3.171467520638314
0.5216129746592005 3.171467520638314
0.5216129746592005 3.171467520638314
0.5216129746592005 3.171467520638314
0.5216129746592005 3.171467520638314
0.5216129746592005 3.171467520638314
0.5216129746592005 3.171467520638314
0.5216129746592005 3.171467520638314
0.5216129746592005 3.171467520638314
0.5216129746592005 3.171467520638314
0.5216129746592005 3.171467520638314
0.5216129746592005 3.171467520638314
0.5216129746592005 3.171467520638314
0.5216129746592005 3.171467520638314
0.5216129746592005 3.171467520638314
0.5216129746592005 3.171467520638314
0.5216129746592005 3.171467520638314
0.5216129746592005 3.171467520638314
0.5216129746592005 3.171467520638314
0.5216129746592005 3.171467520638314
0.5216129746592005 3.171467520638314
0.5216129746592005 3.171467520638314
0.5216129746592005 3.171467520638314
0.5216129746592005 3.171467520638314
0.5216129746592005 3.171467520638314
0.5216129746592005 3.171467520638314
0.46926002684470425 3.2612359670712676
0.46926002684470425 3.2612359670712676
0.46926002684470425 3.2301976471879668
0.46926002684470425 3.2301976471879668
0.46926002684470425 3.2301976471879668
0.46926002684470425 3.2301976471879668
0.46926002684470425 3.2301976471879668
0.46926002684470425 3.2301976471879668
0.46926002684470425 3.2301976471879668
0.46926002684470425 3.2301976471879668
0.46926002684470425 3.2301976471879668
0.46926002684470425 3.2301976471879668
0.46926002684470425 3.2301976471879668
0.46926002684470425 3.2301976471879668
0.46926002684470425 3.2301976471879668
0.46926002684470425 3.2301976471879668
0.46926002684470425 3.2301976471879668
0.46926002684470425 3.261632770394156
0.46926002684470425 3.261632770394156
0.46926002684470425 3.261632770394156
0.46926002684470425 3.261632770394156
0.46926002684470425 3.261632770394156
0.46926002684470425 3.261632770394156
0.46926002684470425 3.261632770394156
0.46926002684470425 3.261632770394156
0.46926002684470425 3.261632770394156
0.46926002684470425 3.261632770394156
0.46926002684470425 3.261632770394156
0.46926002684470425 3.261632770394156
0.46926002684470425 3.261632770394156
0.46926002684470425 3.262632202635762
0.46926002684470425 3.2301976471879668
0.46926002684470425 3.2301976471879668
0.46926002684470425 3.261632770394156
0.46926002684470425 3.260479598435734
0.46926002684470425 3.245210971628027
0.46926002684470425 3.245210971628027
0.46926002684470425 3.2586963468377346
0.46926002684470425 3.252851267360269
0.46926002684470425 3.261632770394156
0.46926002684470425 3.214353627169229
0.46926002684470425 3.263101057342693
0.46926002684470425 3.261828986467762
0.46926002684470425 3.2756765211339585
0.46926002684470425 3.2399028822150697
0.2771453318933783 3.3806828821410644
0.2771453318933783 3.3396595356714704
0.2771453318933783 3.330196517855162
0.2771453318933783 3.330196517855162
0.2771453318933783 3.330196517855162
0.2771453318933783 3.328743881575344
0.2771453318933783 3.328743881575344
0.2771453318933783 3.328743881575344
0.2771453318933783 3.326593837413379
0.2771453318933783 3.326593837413379
0.2771453318933783 3.326593837413379
0.2771453318933783 3.326593837413379
0.2771453318933783 3.318200753287488
0.2771453318933783 3.318200753287488
0.2771453318933783 3.318200753287488
0.2771453318933783 3.326593837413379
0.2771453318933783 3.330196517855162
0.2771453318933783 3.330196517855162
0.2771453318933783 3.330196517855162
0.2771453318933783 3.330196517855162
0.2771453318933783 3.3396595356714704
0.2771453318933783 3.3396595356714704
0.2771453318933783 3.3396595356714704
0.2771453318933783 3.3396595356714704
0.2771453318933783 3.3396595356714704
0.2771453318933783 3.3396595356714704
0.2771453318933783 3.357883694655004
0.2771453318933783 3.357883694655004
0.2771453318933783 3.357883694655004
0.2771453318933783 3.357883694655004
0.2771453318933783 3.357883694655004
0.2771453318933783 3.330196517855162
0.2771453318933783 3.330196517855162
0.2771453318933783 3.337973891878633
0.2771453318933783 3.328743881575344
0.2771453318933783 3.342606559154731
0.2771453318933783 3.326593837413379
0.2771453318933783 3.326593837413379
0.2771453318933783 3.342472855644843
0.2771453318933783 3.342472855644843
0.2771453318933783 3.3331262949304246
0.2771453318933783 3.318200753287488
0.2771453318933783 3.334433743545382
0.2771453318933783 3.3241983042213863
0.2771453318933783 3.338453151674074
0.2771453318933783 3.331653019240328
0.26939660117762054 3.3569887501327225
0.26939660117762054 3.3569887501327225
0.26939660117762054 3.3569887501327225
0.26939660117762054 3.3569887501327225
0.26939660117762054 3.3569887501327225
0.26939660117762054 3.3569887501327225
0.26939660117762054 3.3569887501327225
0.26939660117762054 3.3569887501327225
0.26939660117762054 3.3569887501327225
0.26939660117762054 3.3569887501327225
0.26939660117762054 3.3569887501327225
0.26939660117762054 3.3569887501327225
0.26939660117762054 3.3569887501327225
0.26939660117762054 3.3569887501327225
0.26939660117762054 3.3569887501327225
0.26939660117762054 3.3569887501327225
0.26939660117762054 3.3569887501327225
0.26939660117762054 3.3569887501327225
0.26939660117762054 3.3569887501327225
0.26939660117762054 3.3569887501327225
0.26939660117762054 3.3569887501327225
0.26939660117762054 3.3569887501327225
0.26939660117762054 3.3569887501327225
0.26939660117762054 3.3569887501327225
0.26939660117762054 3.3569887501327225
0.26939660117762054 3.3569887501327225
0.26939660117762054 3.3569887501327225
0.23058629492319282 3.779960627304431
0.23058629492319282 3.779960627304431
0.23058629492319282 3.779960627304431
0.23058629492319282 3.779960627304431
0.23058629492319282 3.779960627304431
0.23058629492319282 3.779960627304431
0.15265770097085957 3.4478549673988224
0.15265770097085957 3.4478549673988224
0.15265770097085957 3.4478549673988224
0.15265770097085957 3.4478549673988224
0.15265770097085957 3.4478549673988224
0.15265770097085957 3.4478549673988224
0.15265770097085957 3.4478549673988224
0.15265770097085957 3.4478549673988224
0.15265770097085957 3.4478549673988224
0.15265770097085957 3.4478549673988224
0.15265770097085957 3.4478549673988224
0.15265770097085957 3.4478549673988224
0.15265770097085957 3.4478549673988224
0.15265770097085957 3.4478549673988224
0.15265770097085957 3.4478549673988224
0.15265770097085957 3.4478549673988224
0.15265770097085957 3.4478549673988224
0.15265770097085957 3.4478549673988224
0.15265770097085957 3.4478549673988224
0.15265770097085957 3.4478549673988224
0.15265770097085957 3.4478549673988224
0.15265770097085957 3.4478549673988224
0.15265770097085957 3.4478549673988224
0.15265770097085957 3.4478549673988224
0.15265770097085957 3.4478549673988224
0.15265770097085957 3.4478549673988224
0.15265770097085957 3.4478549673988224
0.15265770097085957 3.4478549673988224
0.15265770097085957 3.4478549673988224
0.15265770097085957 3.4478549673988224
0.15265770097085957 3.4478549673988224
0.15265770097085957 3.4543583062551693
0.15265770097085957 3.4543583062551693
0.15265770097085957 3.484752507589408
0.15265770097085957 3.484752507589408
0.15265770097085957 3.484752507589408
0.15265770097085957 3.484752507589408
0.15265770097085957 3.4671295698690425
0.15265770097085957 3.4671295698690425
0.15265770097085957 3.445439269844418
0.15265770097085957 3.477345918864673
0.15265770097085957 3.4574916402468583
0.15265770097085957 3.4565772446194436
0.15265770097085957 3.4544589039558224
0.15265770097085957 3.4446035133329342
0.15265770097085957 3.4848028270103906
0.15265770097085957 3.4848028270103906
0.15265770097085957 3.4848028270103906
0.15265770097085957 3.4848028270103906
0.09683554448485263 3.8646253158901374
0.09683554448485263 3.8646253158901374
0.09683554448485263 3.8646253158901374
0.09683554448485263 3.8646253158901374
0.09683554448485263 3.8646253158901374
0.09683554448485263 3.8646253158901374
0.09683554448485263 3.81712645770444
0.09683554448485263 3.81712645770444
0.09683554448485263 3.81712645770444
0.09683554448485263 3.8646253158901374
0.09683554448485263 3.8646253158901374
0.09683554448485263 3.8646253158901374
0.08636889014372633 3.998949104161737
0.08636889014372633 3.998949104161737
0.08636889014372633 3.998949104161737
0.08636889014372633 3.998949104161737
0.08636889014372633 3.998949104161737
0.08636889014372633 3.998949104161737
0.08636889014372633 3.998949104161737
0.06020225429091057 4.151230397160563
0.06020225429091057 4.151230397160563
0.06020225429091057 4.151230397160563
0.06020225429091057 4.151230397160563
0.06020225429091057 4.151230397160563
0.06020225429091057 4.151230397160563
0.06020225429091057 4.151230397160563
0.06020225429091057 4.151230397160563
0.06020225429091057 4.151230397160563
0.04711893636450269 4.245932480754245
0.04711893636450269 4.245932480754245
0.04711893636450269 4.245932480754245
0.04711893636450269 4.245932480754245
0.034035618438094814 4.324304231727322
0.034035618438094814 4.324304231727322
0.034035618438094814 4.324304231727322
0.034035618438094814 4.324304231727322
0.02129211451067667 4.167287888940212
0.018079075806865602 4.192771084745391
0.018079075806865602 4.192771084745391
0.013102309755842215 4.680839560368618
0.013102309755842215 4.680839560368618
