0.8920547841352765 1.742451962181152
0.8920547841352765 1.7404025319546275
0.8920547841352765 1.7404025319546275
0.8920547841352765 1.7404025319546275
0.8920547841352765 1.7404025319546275
0.8920547841352765 1.7404025319546275
0.8920547841352765 1.7404025319546275
0.8920547841352765 1.7404025319546275
0.8920547841352765 1.7404025319546275
0.8920547841352765 1.7404025319546275
0.8920547841352765 1.737930082258433
0.8920547841352765 1.737930082258433
0.8920547841352765 1.737930082258433
0.8920547841352765 1.737930082258433
0.8920547841352765 1.737930082258433
0.8920547841352765 1.737930082258433
0.8920547841352765 1.7404025319546275
0.8920547841352765 1.742451962181152
0.8920547841352765 1.7453486081919714
0.8920547841352765 1.7453486081919714
0.8920058001130441 1.7494074002928972
0.8920058001130441 1.7494074002928972
0.8920058001130441 1.7494074002928972
0.8920058001130441 1.7494074002928972
0.8920058001130441 1.7494074002928972
0.8920058001130441 1.7494074002928972
0.8920058001130441 1.7494074002928972
0.8916629119574172 1.767966179174879
0.8916629119574172 1.767966179174879
0.8916629119574172 1.7568720862905882
0.8916629119574172 1.767966179174879
0.8916629119574172 1.7775421741673672
0.8916629119574172 1.7805578556589743
0.8916629119574172 1.767966179174879
0.8916629119574172 1.7805578556589743
0.8916629119574172 1.7805578556589743
0.8916629119574172 1.7883770947662228
0.8916567889546381 1.7939817536620377
0.8916567889546381 1.7939817536620377
0.8915802514198998 1.798221662713471
0.8637462280497925 1.8007529792338453
0.8637462280497925 1.8007529792338453
0.8358295441421679 1.7831957044188924
0.8358295441421679 1.7831957044188924
0.8358295441421679 1.7831957044188924
0.8358295441421679 1.7831957044188924
0.8358295441421679 1.7831957044188924
0.8358295441421679 1.7831957044188924
0.8358295441421679 1.8163471240064326
0.8358295441421679 1.8163471240064326
0.8358295441421679 1.8163471240064326
0.8358295441421679 1.8163471240064326
0.8358295441421679 1.8163471240064326
0.8358295441421679 1.8163471240064326
0.8358295441421679 1.8163471240064326
0.8358295441421679 1.8163471240064326
0.8358295441421679 1.8163471240064326
0.8358295441421679 1.8163471240064326
0.8358295441421679 1.8163471240064326
0.8358295441421679 1.8163471240064326
0.8358295441421679 1.8163471240064326
0.8358295441421679 1.8163471240064326
0.8358295441421679 1.8163471240064326
0.8358295441421679 1.8163471240064326
0.8358295441421679 1.8163471240064326
0.8358295441421679 1.8640467506491691
0.8349383183237453 1.863250183535813
0.8349383183237453 1.863250183535813
0.8148920312114495 1.8718218663194264
0.8148920312114495 1.8718218663194264
0.8148920312114495 1.873208602246845
0.8096576529787698 1.832870058674401
0.8096576529787698 1.832870058674401
0.806386166583345 1.8534176299467566
0.806386166583345 1.8534176299467566
0.806386166583345 1.8534176299467566
0.806386166583345 1.8534176299467566
0.7742523810243109 1.8512374818202275
0.7742523810243109 1.8512374818202275
0.7742523810243109 1.8512374818202275
0.7742523810243109 1.8512374818202275
0.7742523810243109 1.8512374818202275
0.7742523810243109 1.8512374818202275
0.7055683032724193 1.901202830757182
0.7055683032724193 1.901202830757182
0.7055683032724193 1.901202830757182
0.6807659576474587 1.8935587858715612
0.6807659576474587 1.8935587858715612
0.6807659576474587 1.8935587858715612
0.6807659576474587 1.8935587858715612
0.6807659576474587 1.8935587858715612
0.6807659576474587 1.8935587858715612
0.6807659576474587 1.8935587858715612
0.6807659576474587 1.8935587858715612
0.6660497213879677 1.906819146700251
0.6660497213879677 1.906819146700251
0.6660497213879677 1.906819146700251
0.6660497213879677 1.906819146700251
0.6660497213879677 1.915143285940246
0.6660497213879677 1.915143285940246
0.6660497213879677 1.915143285940246
0.6191778712473293 1.9236232975548475
0.6191778712473293 1.9236232975548475
0.6191778712473293 1.9236232975548475
0.6191778712473293 1.9236232975548475
0.6191778712473293 1.9236232975548475
0.6191778712473293 1.9006728771261865
0.6191778712473293 1.9236232975548475
0.6147519023950245 1.9288572604097436
0.6147519023950245 1.9288572604097436
0.6147519023950245 1.9288572604097436
0.6103259335427197 1.9341099939149309
0.5948350425596529 1.9346679616366373
0.5948350425596529 1.9346679616366373
0.5948350425596529 1.9346679616366373
0.5948350425596529 1.9346679616366373
0.5948350425596529 1.9346679616366373
0.5948350425596529 1.9446888976960541
0.5948350425596529 1.9446888976960541
0.5948350425596529 1.9446888976960541
0.5948350425596529 1.9446888976960541
0.5948350425596529 1.9446888976960541
0.5948350425596529 1.9446888976960541
0.5948350425596529 1.9446888976960541
0.5948350425596529 1.9446888976960541
0.5948350425596529 1.9446888976960541
0.585758654446936 1.9710547774057456
0.585758654446936 1.9710547774057456
0.585758654446936 1.9710547774057456
0.585758654446936 1.9710547774057456
0.585758654446936 1.9710547774057456
0.585758654446936 1.9710547774057456
0.585758654446936 1.9710547774057456
0.5834895574187566 1.9881390598911672
0.5834895574187566 1.9881390598911672
0.5716603075225379 1.9862441601787453
0.5716603075225379 1.9862441601787453
0.5716603075225379 1.9862441601787453
0.5716603075225379 1.9862441601787453
0.5716603075225379 1.9862441601787453
0.5716603075225379 1.9862441601787453
0.5716603075225379 1.9862441601787453
0.5666885059177521 2.009026218930718
0.5463348990132815 2.005113477230515
0.5463348990132815 2.005113477230515
0.5463348990132815 2.005113477230515
0.5463348990132815 2.005113477230515
0.5463348990132815 2.005113477230515
0.5463348990132815 2.005113477230515
0.5463348990132815 2.005113477230515
0.5463348990132815 2.005113477230515
0.5463348990132815 2.005113477230515
0.5463348990132815 2.005113477230515
0.5463348990132815 2.005113477230515
0.5463348990132815 2.005113477230515
0.5463348990132815 2.005113477230515
0.5426338293776305 2.0435524879651874
0.5426338293776305 2.0435524879651874
0.5426338293776305 2.0435524879651874
0.5426338293776305 2.0435524879651874
0.5316956585908065 2.0535440741306368
0.5316956585908065 2.0535440741306368
0.5316956585908065 2.057347877053478
0.5237242149205771 2.0499165820633154
0.5237242149205771 2.0499165820633154
0.5237242149205771 2.0499165820633154
0.5237242149205771 2.0499165820633154
0.49862382603239264 2.0536938765155006
0.49862382603239264 2.0536938765155006
0.49862382603239264 2.0536938765155006
0.49862382603239264 2.0536938765155006
0.49862382603239264 2.0536938765155006
0.49862382603239264 2.0536938765155006
0.4895382630686942 2.066242543708868
0.4895382630686942 2.066242543708868
0.4895382630686942 2.066242543708868
0.4866993122359162 2.078024760338836
0.48606029497562575 2.078952747084357
0.48606029497562575 2.078952747084357
0.4732594022551934 2.0846964827018604
0.45473742610895784 2.081121944022713
0.45473742610895784 2.079707617511992
0.45473742610895784 2.079707617511992
0.45473742610895784 2.079707617511992
0.45473742610895784 2.081121944022713
0.45473742610895784 2.081121944022713
0.45473742610895784 2.081121944022713
0.45473742610895784 2.081121944022713
0.45473742610895784 2.081121944022713
0.45473742610895784 2.081121944022713
0.45473742610895784 2.1012410520944664
0.45473742610895784 2.1012410520944664
0.45473742610895784 2.1012410520944664
0.45473742610895784 2.1012410520944664
0.45473742610895784 2.1012410520944664
0.45473742610895784 2.1012410520944664
0.45473742610895784 2.1012410520944664
0.45473742610895784 2.1012410520944664
0.45473742610895784 2.1012410520944664
0.45473742610895784 2.1012410520944664
0.45473742610895784 2.1012410520944664
0.4268234377189405 2.1379212330089614
0.4268234377189405 2.1379212330089614
0.41674934531076224 2.1260538112332226
0.41674934531076224 2.1260538112332226
0.41674934531076224 2.1260538112332226
0.41674934531076224 2.1260538112332226
0.41674934531076224 2.1260538112332226
0.41674934531076224 2.1260538112332226
0.3693424299585121 2.1410664173322442
0.3693424299585121 2.127592750174918
0.3693424299585121 2.127592750174918
0.3693424299585121 2.127592750174918
0.3693424299585121 2.127592750174918
0.3693424299585121 2.127592750174918
0.3693424299585121 2.127592750174918
0.3693424299585121 2.127592750174918
0.3693424299585121 2.127592750174918
0.3693424299585121 2.127592750174918
0.3693424299585121 2.127592750174918
0.3693424299585121 2.1410664173322442
0.3693424299585121 2.1410664173322442
0.346556082290039 2.14745248100463
0.346556082290039 2.14745248100463
0.346556082290039 2.1435503255152044
0.346556082290039 2.1435503255152044
0.3373868772519284 2.1096884738354307
0.3373868772519284 2.1096884738354307
0.3373868772519284 2.1096884738354307
0.3373868772519284 2.1096884738354307
0.3373868772519284 2.1096884738354307
0.3373868772519284 2.1096884738354307
0.3373868772519284 2.1096884738354307
0.31301556661534236 2.158621272574298
0.31536368517345137 2.147897536977855
0.31536368517345137 2.147897536977855
0.31536368517345137 2.147897536977855
0.31536368517345137 2.147897536977855
0.31536368517345137 2.147897536977855
0.31536368517345137 2.147897536977855
0.31301556661534236 2.158621272574298
0.31301556661534236 2.158621272574298
0.2673389646477826 2.1568823610848953
0.2673389646477826 2.1568823610848953
0.2673389646477826 2.1568823610848953
0.2673389646477826 2.1524294011986265
0.2673389646477826 2.1524294011986265
0.2743711111791741 2.139182886957582
0.2743711111791741 2.139182886957582
0.2743711111791741 2.139182886957582
0.2603068181163911 2.140348943302872
0.2603068181163911 2.140348943302872
0.2603068181163911 2.140348943302872
0.2603068181163911 2.140348943302872
0.2603068181163911 2.140348943302872
0.2603068181163911 2.140348943302872
0.2603068181163911 2.140348943302872
0.2603068181163911 2.140348943302872
0.2603068181163911 2.140348943302872
0.2603068181163911 2.140348943302872
0.2603068181163911 2.140348943302872
0.25305388387705263 2.1342023416494706
0.25305388387705263 2.1342023416494706
0.2513759466654105 2.1681046106275286
0.2462834898456155 2.165564298772646
0.2462834898456155 2.165564298772646
0.2462834898456155 2.1687525922287967
0.2462834898456155 2.1687525922287967
0.24327344056918465 2.1819086180822844
0.24327344056918465 2.1819086180822844
0.22181785941680354 2.1835727806108545
0.22181785941680354 2.1835727806108545
0.22181785941680354 2.1835727806108545
0.22181785941680354 2.1835727806108545
0.22181785941680354 2.1835727806108545
0.22181785941680354 2.1835727806108545
0.22181785941680354 2.1835727806108545
0.22181785941680354 2.1835727806108545
0.22181785941680354 2.1835727806108545
0.22181785941680354 2.1835727806108545
0.2129575932394524 2.195688858190251
0.2129575932394524 2.195688858190251
0.2129575932394524 2.195688858190251
0.2129575932394524 2.195688858190251
0.2129575932394524 2.195688858190251
0.2129575932394524 2.195688858190251
0.2129575932394524 2.195688858190251
0.2129575932394524 2.195688858190251
0.2129575932394524 2.195688858190251
0.20523454816696718 2.2257209729112586
0.20523454816696718 2.2257209729112586
0.20523454816696718 2.2257209729112586
0.20523454816696718 2.2257209729112586
0.17772639455119305 2.231173552085832
0.17772639455119305 2.231173552085832
0.17772639455119305 2.231173552085832
0.17772639455119305 2.231173552085832
0.19276499995538496 2.226299897115192
0.17772639455119305 2.231173552085832
0.17772639455119305 2.231173552085832
0.18516181774667353 2.196204231879044
0.17772639455119305 2.231173552085832
0.17772639455119305 2.231173552085832
0.17772639455119305 2.231173552085832
0.17772639455119305 2.231173552085832
0.17772639455119305 2.2374368217443683
0.17772639455119305 2.246845334073441
0.17772639455119305 2.246845334073441
0.17772639455119305 2.246845334073441
0.1606330616826931 2.244772654789138
0.1606330616826931 2.244772654789138
0.1606330616826931 2.244772654789138
0.1606330616826931 2.244772654789138
0.1606330616826931 2.244772654789138
0.1606330616826931 2.244772654789138
0.1606330616826931 2.244772654789138
0.1606330616826931 2.244772654789138
0.15650401030801556 2.2701968538456345
0.15650401030801556 2.2701968538456345
0.1507309681209322 2.2669878138173876
0.1507309681209322 2.2669878138173876
0.1507309681209322 2.2669878138173876
0.1507309681209322 2.2669878138173876
0.14188231726649533 2.2826372139967863
0.14188231726649533 2.2826372139967863
0.14262280675353772 2.276656394283129
0.14188231726649533 2.2826372139967863
0.13998780480930534 2.2888265595683808
0.137336663420201 2.289106689011446
0.137336663420201 2.289106689011446
0.137336663420201 2.289106689011446
0.137336663420201 2.289106689011446
0.13524430144119876 2.3106741870753136
0.13524430144119876 2.3106741870753136
0.1350912302445774 2.326849210861861
0.12098727214133481 2.3317287115650625
0.12098727214133481 2.3317287115650625
0.12098727214133481 2.3317287115650625
0.12098727214133481 2.3317287115650625
0.12098727214133481 2.3317287115650625
0.12098727214133481 2.3317287115650625
0.12098727214133481 2.3317287115650625
0.11902015698134696 2.345333319406551
0.11902015698134696 2.345333319406551
0.11902015698134696 2.345333319406551
0.11758582041779114 2.3750765618191125
0.11758582041779114 2.3750765618191125
0.114203008802229 2.384811021217778
0.114203008802229 2.384811021217778
0.11248872301506468 2.3876651416704564
0.11090657406960959 2.4017975575996684
0.11090657406960959 2.4017975575996684
0.11014684707737463 2.4197368073072902
0.11014684707737463 2.4197368073072902
0.10512351957301089 2.43633834189476
0.10512351957301089 2.43633834189476
0.10512351957301089 2.43633834189476
0.07989724915618299 2.450274332167552
0.07989724915618299 2.450274332167552
0.07989724915618299 2.450274332167552
0.07989724915618299 2.450274332167552
0.07989724915618299 2.450274332167552
0.07989724915618299 2.450274332167552
0.07989724915618299 2.450274332167552
0.07989724915618299 2.450274332167552
0.08200305171916795 2.442671096215247
0.07989724915618299 2.450274332167552
0.07989724915618299 2.450274332167552
0.07989724915618299 2.450274332167552
0.06893306819612766 2.490634367339174
0.06893306819612766 2.490634367339174
0.06893306819612766 2.490634367339174
0.06893306819612766 2.490634367339174
0.06893306819612766 2.490634367339174
0.06893306819612766 2.490634367339174
0.06599194842421546 2.515590875419391
0.06599194842421546 2.515590875419391
0.06305082865230327 2.5443621586314737
0.06141008767967287 2.545777350437178
0.059704410280039005 2.5584564103564995
0.059704410280039005 2.5584564103564995
0.05609817828631951 2.5772961822585696
0.05609817828631951 2.5772961822585696
0.05291715596551919 2.595544845304348
0.05291715596551919 2.595544845304348
0.0497293922171364 2.6278100591917593
0.04876050265041933 2.633296400658644
0.04252366965727988 2.6622865661177317
0.04252366965727988 2.6622865661177317
0.04252366965727988 2.6622865661177317
0.03354474667709395 2.6984431557486066
0.03354474667709395 2.6984431557486066
0.03354474667709395 2.6984431557486066
0.03354474667709395 2.6984431557486066
0.031114448436567486 2.7169412205106656
0.022443067428888373 2.7796931188879026
0.022443067428888373 2.7796931188879026
0.022443067428888373 2.7796931188879026
0.022443067428888373 2.7796931188879026
0.017513266873138002 2.850064787507989
0.017513266873138002 2.850064787507989
0.012364668126415155 2.905268853842574
0.012364668126415155 2.905268853842574
0.0037788510804293955 2.959022840624893
0.0037788510804293955 2.959022840624893
0.00351903745897416 3.0045583030396186
0.05799529370221712 6.318293825712766
