0.7773581883935128 3.586953178226224
0.7773581883935128 3.586953178226224
0.7773581883935128 3.586953178226224
0.7773581883935128 3.586953178226224
0.20355169806129003 4.184508628365672
0.20355169806129003 4.184508628365672
0.20355169806129003 4.184508628365672
0.20355169806129003 4.184508628365672
0.20355169806129003 4.183928917462364
0.20355169806129003 4.183928917462364
0.20355169806129003 4.183928917462364
0.20355169806129003 4.183928917462364
0.20355169806129003 4.183928917462364
0.20355169806129003 4.169581554595652
0.20355169806129003 4.169581554595652
0.20355169806129003 4.169581554595652
0.20355169806129003 4.169581554595652
0.20355169806129003 4.169581554595652
0.20355169806129003 4.169581554595652
0.20355169806129003 4.169581554595652
0.20495672842123364 4.167838038934875
0.20495672842123364 4.167838038934875
0.20495672842123364 4.167838038934875
0.20355169806129003 4.168756939586367
0.20355169806129003 4.168756939586367
0.20355169806129003 4.168756939586367
0.20355169806129003 4.168756939586367
0.20355169806129003 4.168756939586367
0.20355169806129003 4.141481405775894
0.20355169806129003 4.141481405775894
0.6870707677373589 3.422007805966457
0.6870707677373589 3.422007805966457
0.6870707677373589 3.422007805966457
0.6870707677373589 3.422007805966457
0.6870707677373589 3.422007805966457
0.6870707677373589 3.422007805966457
0.6870707677373589 3.422007805966457
0.6870707677373589 3.422007805966457
0.6870707677373589 3.422007805966457
0.6870707677373589 3.422007805966457
0.6870707677373589 3.422007805966457
0.6870707677373589 3.422007805966457
0.6870707677373589 3.422007805966457
0.6870707677373589 3.422007805966457
0.7241855851718877 3.385060468627783
0.7241855851718877 3.385060468627783
0.7241855851718877 3.385060468627783
0.6870707677373589 3.4146566909773277
0.6870707677373589 3.4146566909773277
0.6870707677373589 3.4146566909773277
0.6870707677373589 3.4102556643989486
0.6870707677373589 3.4146566909773277
0.6870707677373589 3.4146566909773277
0.6870707677373589 3.4146566909773277
0.6870707677373589 3.4146566909773277
0.6870707677373589 3.4146566909773277
0.6870707677373589 3.380752890276455
0.6870707677373589 3.380752890276455
0.6870707677373589 3.36291010119199
0.6870707677373589 3.36291010119199
0.6870707677373589 3.36291010119199
0.6870707677373589 3.36291010119199
0.6870707677373589 3.36291010119199
0.6870707677373589 3.36291010119199
0.6870707677373589 3.36291010119199
0.6870707677373589 3.380752890276455
0.6692943387974755 3.3927585200130035
0.6692943387974755 3.325547301677797
0.6692943387974755 3.325547301677797
0.6692943387974755 3.325547301677797
0.6692943387974755 3.325547301677797
0.6692943387974755 3.325547301677797
0.6692943387974755 3.325547301677797
0.6692943387974755 3.325547301677797
0.6692943387974755 3.325547301677797
0.6692943387974755 3.325547301677797
0.6692943387974755 3.325547301677797
0.6692943387974755 3.325547301677797
0.6692943387974755 3.325547301677797
0.6692943387974755 3.325547301677797
0.6692943387974755 3.325547301677797
0.6692943387974755 3.325547301677797
0.6692943387974755 3.325547301677797
0.6692943387974755 3.325547301677797
0.6692943387974755 3.325547301677797
0.6692943387974755 3.325547301677797
0.6894096521517645 2.611958653342473
0.6894096521517645 2.611958653342473
0.6894096521517645 2.611958653342473
0.6894096521517645 2.611958653342473
0.6894096521517645 2.611958653342473
0.6894096521517645 2.611958653342473
0.6894096521517645 2.611958653342473
0.6894096521517645 2.611958653342473
0.6894096521517645 2.611958653342473
0.6894096521517645 2.611958653342473
0.6894096521517645 2.611958653342473
0.6894096521517645 2.611958653342473
0.6894096521517645 2.611958653342473
0.6894096521517645 2.611958653342473
0.6894096521517645 2.611958653342473
0.6894096521517645 2.611958653342473
0.6894096521517645 2.611958653342473
0.6894096521517645 2.611958653342473
0.6277289159350986 3.372860473400767
0.6277289159350986 3.372860473400767
0.6277289159350986 3.372860473400767
0.6277289159350986 3.372860473400767
0.6277289159350986 3.372860473400767
0.6277289159350986 3.372860473400767
0.6277289159350986 3.372860473400767
0.6277289159350986 3.372860473400767
0.6277289159350986 3.372860473400767
0.6277289159350986 3.372860473400767
0.5879329016095904 3.358738160437567
0.5879329016095904 3.358738160437567
0.5879329016095904 3.358738160437567
0.5879329016095904 3.358738160437567
0.5879329016095904 3.358738160437567
0.5879329016095904 3.358738160437567
0.5680348944468364 3.385125524817551
0.5680348944468364 3.385125524817551
0.5680348944468364 3.385125524817551
0.5680348944468364 3.385125524817551
0.5680348944468364 3.385125524817551
0.5580858908654593 3.3977742508236317
0.5580858908654593 3.3977742508236317
0.5580858908654593 3.384138287804309
0.5580858908654593 3.3977742508236317
0.5580858908654593 3.3995862088336875
0.5531113890747709 3.396740733926155
0.5531113890747709 3.396740733926155
0.5531113890747709 3.4006828825209308
0.5531113890747709 3.4006828825209308
0.5531113890747709 3.4006828825209308
0.5531113890747709 3.4006828825209308
0.5531113890747709 3.4006828825209308
0.5531113890747709 3.4006828825209308
0.5531113890747709 3.4006828825209308
0.5531113890747709 3.4085682664398846
0.5531113890747709 3.4085682664398846
0.5531113890747709 3.4085682664398846
0.5531113890747709 3.4085682664398846
0.5531113890747709 3.4085682664398846
0.5531113890747709 3.4085682664398846
0.6894096521517645 2.6903400298707583
0.6894096521517645 2.6270434011208565
0.6894096521517645 2.6270434011208565
0.6894096521517645 2.6252060397829586
0.6894096521517645 2.57608530823962
0.6894096521517645 2.586361312672809
0.6894096521517645 2.643284214724106
0.6894096521517645 2.643284214724106
0.6894096521517645 2.643284214724106
0.6894096521517645 2.643284214724106
0.6894096521517645 2.607843506204625
0.6894096521517645 2.65272615116208
0.6894096521517645 2.715849826592246
0.6894096521517645 2.6355137536232163
0.6894096521517645 2.5886944672822354
0.6894096521517645 2.564257851486198
0.5531113890747709 3.3527645613939314
0.5531113890747709 3.3527645613939314
0.6894096521517645 2.725677220176092
0.6894096521517645 2.725677220176092
0.6894096521517645 2.5829601781474816
0.6894096521517645 2.5829601781474816
0.6894096521517645 2.570632290889641
0.6894096521517645 2.6145903920890974
0.6894096521517645 2.7136773281230244
0.6894096521517645 2.652330561330249
0.6894096521517645 2.5722535558432287
0.6894096521517645 2.5722535558432287
0.6894096521517645 2.7515210331050404
0.6894096521517645 2.579270086550464
0.6894096521517645 2.631520899345577
0.6894096521517645 2.67588840759918
0.6894096521517645 2.7525498990256296
0.6894096521517645 2.6822978660308667
0.6894096521517645 2.720884745890907
0.6894096521517645 2.65272615116208
0.6894096521517645 2.65272615116208
0.6894096521517645 2.7033304656346693
0.6894096521517645 2.7033304656346693
0.6894096521517645 2.5447387821332184
0.4278723283147712 3.396876869392549
0.4278723283147712 3.396876869392549
0.4278723283147712 3.396876869392549
0.4278723283147712 3.396876869392549
0.4278723283147712 3.396876869392549
0.4278723283147712 3.396876869392549
0.4278723283147712 3.396876869392549
0.4278723283147712 3.396876869392549
0.4278723283147712 3.4245705484904954
0.4278723283147712 3.42872576978616
0.4278723283147712 3.42872576978616
0.4278723283147712 3.42872576978616
0.4278723283147712 3.42872576978616
0.4278723283147712 3.42872576978616
0.4278723283147712 3.42872576978616
0.4278723283147712 3.42872576978616
0.41194154182509257 3.4137505920100857
0.41194154182509257 3.4137505920100857
0.41194154182509257 3.4137505920100857
0.41194154182509257 3.4137505920100857
0.41194154182509257 3.4137505920100857
0.4023830699312854 3.446274859631261
0.4023830699312854 3.446274859631261
0.4023830699312854 3.446274859631261
0.4023830699312854 3.446274859631261
0.4023830699312854 3.446274859631261
0.4023830699312854 3.451695593760312
0.4023830699312854 3.451695593760312
0.4023830699312854 3.451695593760312
0.4023830699312854 3.451695593760312
0.4023830699312854 3.451695593760312
0.4023830699312854 3.451695593760312
0.4023830699312854 3.451695593760312
0.4023830699312854 3.451695593760312
0.4023830699312854 3.451695593760312
0.4023830699312854 3.451695593760312
0.38804536209057466 3.4807516790406496
0.38804536209057466 3.4807516790406496
0.38804536209057466 3.4807516790406496
0.38804536209057466 3.4807516790406496
0.38804536209057466 3.4807516790406496
0.37211457560089606 3.466005635582877
0.37211457560089606 3.466005635582877
0.37211457560089606 3.466005635582877
0.37211457560089606 3.466005635582877
0.37211457560089606 3.466005635582877
0.37211457560089606 3.466005635582877
0.3701232272896862 3.4805472930642822
0.3701232272896862 3.4805472930642822
0.3701232272896862 3.4805472930642822
0.3701232272896862 3.4805472930642822
0.3701232272896862 3.4805472930642822
0.36813187897847643 3.4949258142762187
0.36813187897847643 3.4949258142762187
0.36414918235605676 3.4996804820369
0.36414918235605676 3.4996804820369
0.3661405306672666 3.5069459548379123
0.3661405306672666 3.5069459548379123
0.3661405306672666 3.5069459548379123
0.3661405306672666 3.5069459548379123
0.3661405306672666 3.5069459548379123
0.3661405306672666 3.5213790309646016
0.3661405306672666 3.5213790309646016
0.3661405306672666 3.5213790309646016
0.3661405306672666 3.5213790309646016
0.3661405306672666 3.5213790309646016
0.3661405306672666 3.5213790309646016
0.3661405306672666 3.5213790309646016
0.3661405306672666 3.5213790309646016
0.3661405306672666 3.5213790309646016
0.3661405306672666 3.5213790309646016
0.3661405306672666 3.5213790309646016
0.3661405306672666 3.5213790309646016
0.3661405306672666 3.5213790309646016
0.3661405306672666 3.5213790309646016
0.3661405306672666 3.521507514038888
0.25534819121684493 3.586625548215935
0.25534819121684493 3.586625548215935
0.25534819121684493 3.586625548215935
0.25534819121684493 3.586625548215935
0.25534819121684493 3.586625548215935
0.25534819121684493 3.5834838201511534
0.25534819121684493 3.5834838201511534
0.25534819121684493 3.5834838201511534
0.25534819121684493 3.5834838201511534
0.25534819121684493 3.5834838201511534
0.25534819121684493 3.5834838201511534
0.25534819121684493 3.5834838201511534
0.25534819121684493 3.5568975823920166
0.25534819121684493 3.5473839555251256
0.25534819121684493 3.5473839555251256
0.25534819121684493 3.5473839555251256
0.25534819121684493 3.5247729957254097
0.25534819121684493 3.521513756027994
0.25534819121684493 3.521513756027994
0.25534819121684493 3.521513756027994
0.254333806550719 3.4427040083430227
0.254333806550719 3.4427040083430227
0.254333806550719 3.4427040083430227
0.254333806550719 3.4427040083430227
0.254333806550719 3.526181892830857
0.254333806550719 3.526181892830857
0.254333806550719 3.526181892830857
0.254333806550719 3.526181892830857
0.254333806550719 3.526181892830857
0.254333806550719 3.526181892830857
0.254333806550719 3.526181892830857
0.33266853826336473 3.477785926833647
0.32328702575668244 3.492600729382593
0.32328702575668244 3.492600729382593
0.32328702575668244 3.492600729382593
0.32328702575668244 3.492600729382593
0.32328702575668244 3.492600729382593
0.3141439170705683 3.5128122343244965
0.3141439170705683 3.5128122343244965
0.3141439170705683 3.5128122343244965
0.3141439170705683 3.5128122343244965
0.3141439170705683 3.5128122343244965
0.3141439170705683 3.5128122343244965
0.254333806550719 3.423998714962086
0.254333806550719 3.423998714962086
0.254333806550719 3.423998714962086
0.254333806550719 3.423998714962086
0.254333806550719 3.4072373366263013
0.254333806550719 3.4072373366263013
0.254333806550719 3.3998379928340583
0.254333806550719 3.3642710678289376
0.254333806550719 3.3642710678289376
0.254333806550719 3.3642710678289376
0.254333806550719 3.288115512633526
0.254333806550719 3.288115512633526
0.254333806550719 3.288115512633526
0.254333806550719 3.288115512633526
0.254333806550719 3.288115512633526
0.254333806550719 3.288115512633526
0.254333806550719 3.288115512633526
0.254333806550719 3.288115512633526
0.254333806550719 3.3642710678289376
0.254333806550719 3.3642710678289376
0.254333806550719 3.3642710678289376
0.254333806550719 3.3642710678289376
0.254333806550719 3.4072373366263013
0.254333806550719 3.423998714962086
0.254333806550719 3.4328238245183855
0.254333806550719 3.4328238245183855
0.254333806550719 3.4328238245183855
0.254333806550719 3.4328238245183855
0.254333806550719 3.4476317827815435
0.254333806550719 3.446435485223413
0.254333806550719 3.446435485223413
0.254333806550719 3.423998714962086
0.254333806550719 3.423998714962086
0.19231191429244598 3.450923043323179
0.19231191429244598 3.436695234634522
0.19231191429244598 3.436695234634522
0.19231191429244598 3.436695234634522
0.19231191429244598 3.450923043323179
0.19231191429244598 3.450923043323179
0.19231191429244598 3.450923043323179
0.19231191429244598 3.450923043323179
0.16222032256519103 3.739354712972
0.16222032256519103 3.739354712972
0.16222032256519103 3.739354712972
0.16222032256519103 3.739354712972
0.16222032256519103 3.739354712972
0.16222032256519103 3.739354712972
0.16222032256519103 3.739354712972
0.16222032256519103 3.739354712972
0.16222032256519103 3.739354712972
0.09992029985838813 3.7364903714451607
0.09992029985838813 3.7364903714451607
0.09992029985838813 3.7364903714451607
0.09992029985838813 3.7364903714451607
0.09992029985838813 3.7364903714451607
0.09992029985838813 3.7364903714451607
0.09992029985838813 3.7364903714451607
0.09992029985838813 3.7321998427518177
0.09992029985838813 3.7321998427518177
0.09992029985838813 3.7321998427518177
0.09992029985838813 3.7321998427518177
0.09992029985838813 3.6838786133867267
0.09992029985838813 3.6838786133867267
0.09992029985838813 3.6838786133867267
0.09992029985838813 3.6584762990485755
0.09992029985838813 3.6584762990485755
0.09992029985838813 3.6584762990485755
0.09992029985838813 3.6584762990485755
0.09992029985838813 3.6584762990485755
0.09992029985838813 3.6838786133867267
0.09992029985838813 3.6838786133867267
0.09992029985838813 3.753489489457997
0.09992029985838813 3.753489489457997
0.09992029985838813 3.753489489457997
0.09992029985838813 3.753489489457997
0.09822629828554233 3.91818673267955
0.09822629828554233 3.91818673267955
0.10795532223407403 3.942391977654091
0.10795532223407403 3.942391977654091
0.10795532223407403 3.942391977654091
0.08692977603665464 4.127202281220339
0.08692977603665464 4.127202281220339
0.08395672809195741 4.077323636456908
0.08395672809195741 4.077323636456908
0.08395672809195741 4.077323636456908
0.08395672809195741 4.077323636456908
0.08395672809195741 4.077323636456908
0.08395672809195741 4.077323636456908
0.08395672809195741 4.077323636456908
0.059958133949840786 4.227434848441567
0.059958133949840786 4.227434848441567
0.059958133949840786 4.227434848441567
0.059958133949840786 4.227434848441567
0.059958133949840786 4.227434848441567
0.059958133949840786 4.227434848441567
0.05092869270922286 4.384610025547936
0.05092869270922286 4.384610025547936
0.05092869270922286 4.384610025547936
0.04189925146860493 4.546925118010683
0.04189925146860493 4.546925118010683
0.027153175103164007 4.624085435007441
0.027153175103164007 4.624085435007441
