0.8920547841352765 1.701958875826195
0.8920547841352765 1.701958875826195
0.8920547841352765 1.701958875826195
0.8920547841352765 1.701958875826195
0.8919262010769164 1.7077021014829645
0.8919262010769164 1.7077021014829645
0.8919262010769164 1.7077021014829645
0.8919262010769164 1.7077021014829645
0.8918619095477364 1.71792848618351
0.8859152241428592 1.7183942678574124
0.8859152241428592 1.7183942678574124
0.8859152241428592 1.7183942678574124
0.8859152241428592 1.7183942678574124
0.8859152241428592 1.7275158929451415
0.8859152241428592 1.7275158929451415
0.8859152241428592 1.7275158929451415
0.8859152241428592 1.7275158929451415
0.8859152241428592 1.7275158929451415
0.8859152241428592 1.7275158929451415
0.8859152241428592 1.7275158929451415
0.8637684239348666 1.7502530778738674
0.8637684239348666 1.7502530778738674
0.8637684239348666 1.7502530778738674
0.8358739359123162 1.7424912024941077
0.8358739359123162 1.7424912024941077
0.8358739359123162 1.7424912024941077
0.8358739359123162 1.701104838031588
0.835840642084705 1.7589446044615875
0.835840642084705 1.7589446044615875
0.835840642084705 1.7589446044615875
0.835840642084705 1.7589446044615875
0.8358295441421679 1.7669022391110751
0.8358295441421679 1.776086867572285
0.8358295441421679 1.776086867572285
0.8358295441421679 1.776086867572285
0.8238003869577964 1.7771439263577848
0.8238003869577964 1.7771439263577848
0.8161007175844872 1.7460069851358133
0.8161007175844872 1.7460069851358133
0.8157985459912278 1.7725510539920273
0.8156474601945981 1.7858402235867663
0.8156474601945981 1.7858402235867663
0.8156474601945981 1.7858402235867663
0.8156474601945981 1.7858402235867663
0.8154963743979684 1.7991407066089888
0.8154963743979684 1.7991407066089888
0.8154963743979684 1.7991407066089888
0.8109412704906567 1.8052017048827105
0.8109412704906567 1.8052017048827105
0.8109412704906567 1.8052017048827105
0.8109412704906567 1.8052017048827105
0.8109412704906567 1.8052017048827105
0.8109412704906567 1.8052017048827105
0.8109412704906567 1.8052017048827105
0.8086637185370009 1.823929912934369
0.8086637185370009 1.823929912934369
0.7753156141028239 1.8295421486397598
0.7753156141028239 1.8295421486397598
0.7753156141028239 1.8295421486397598
0.7753156141028239 1.8295421486397598
0.7753156141028239 1.8295421486397598
0.7753156141028239 1.8295421486397598
0.7753156141028239 1.8295421486397598
0.7753156141028239 1.8295421486397598
0.7753156141028239 1.8295421486397598
0.7753156141028239 1.8295421486397598
0.7230051309800203 1.8536913606245327
0.7230051309800203 1.8536913606245327
0.7230051309800203 1.8536913606245327
0.7230051309800203 1.8536913606245327
0.7230051309800203 1.8536913606245327
0.7230051309800203 1.8536913606245327
0.7230051309800203 1.8536913606245327
0.7230051309800203 1.8536913606245327
0.694527426183994 1.8650639201590895
0.694527426183994 1.8650639201590895
0.6416743063277289 1.859580678676609
0.6416743063277289 1.859580678676609
0.6416743063277289 1.859580678676609
0.6416743063277289 1.859580678676609
0.6416743063277289 1.859580678676609
0.6416743063277289 1.859580678676609
0.6416743063277289 1.859580678676609
0.6416743063277289 1.859580678676609
0.6416743063277289 1.859580678676609
0.6416743063277289 1.859580678676609
0.6416743063277289 1.859580678676609
0.6416743063277289 1.859580678676609
0.6360501975576289 1.8782932821995741
0.6360501975576289 1.8782932821995741
0.623603840099634 1.8823003656239874
0.623603840099634 1.8823003656239874
0.623603840099634 1.8823003656239874
0.5952884943683314 1.8801437260216778
0.5955152202726707 1.8747504729572972
0.5952884943683314 1.8801437260216778
0.5952884943683314 1.8801437260216778
0.5952884943683314 1.8801437260216778
0.5952884943683314 1.8801437260216778
0.5951751314161617 1.8846171251642274
0.5951751314161617 1.8846171251642274
0.5951751314161617 1.8846171251642274
0.5951751314161617 1.8846171251642274
0.5951751314161617 1.8846171251642274
0.5951751314161617 1.8846171251642274
0.5951751314161617 1.8846171251642274
0.5951751314161617 1.8846171251642274
0.5950617684639922 1.9123883371280297
0.5950617684639922 1.9123883371280297
0.5950617684639922 1.9123883371280297
0.5950617684639922 1.9123883371280297
0.5950617684639922 1.9123883371280297
0.5950617684639922 1.9123883371280297
0.5948350425596529 1.9321635200362468
0.5879559135257083 1.9296145628985764
0.5879559135257083 1.9296145628985764
0.5879559135257083 1.9296145628985764
0.5879559135257083 1.9296145628985764
0.5780316467895521 1.9291389896559774
0.5780316467895521 1.9291389896559774
0.5780316467895521 1.9291389896559774
0.5659258355412781 1.9458094341959469
0.5659258355412781 1.9458094341959469
0.5659258355412781 1.9458094341959469
0.5659258355412781 1.9458094341959469
0.5659258355412781 1.9458094341959469
0.5659258355412781 1.9458094341959469
0.5561303672772797 1.9493077580067315
0.5561303672772797 1.9493077580067315
0.5561303672772797 1.9493077580067315
0.5561303672772797 1.9493077580067315
0.5561303672772797 1.9493077580067315
0.5509612360578452 1.961833730001106
0.5509612360578452 1.961833730001106
0.5509612360578452 1.961833730001106
0.5509612360578452 1.961833730001106
0.5509612360578452 1.961833730001106
0.5501105480952515 1.9813816372202588
0.5501105480952515 1.9830936098429828
0.5382569115010455 1.9854651183248149
0.5382569115010455 1.9854651183248149
0.5382569115010455 1.9854651183248149
0.5382569115010455 1.9881067588686325
0.5348209136417641 1.9924585879130232
0.5348209136417641 1.9924585879130232
0.5264032749068395 1.996673247815414
0.5264032749068395 1.996673247815414
0.5264032749068395 1.996673247815414
0.5264032749068395 1.996673247815414
0.5264032749068395 1.996673247815414
0.5249160572057647 2.0063161688041147
0.5154769596181675 2.010149884377373
0.5148065759890279 1.9969482598443906
0.5148065759890279 1.9969482598443906
0.5094123260034829 2.015789254674115
0.5094123260034829 2.015789254674115
0.5045506443294956 2.018367581784234
0.5045506443294956 2.018367581784234
0.5045506443294956 2.018367581784234
0.5045506443294956 2.018367581784234
0.5045506443294956 2.018367581784234
0.4880588736213673 2.035146358025776
0.4880588736213673 2.035146358025776
0.4880588736213673 2.035146358025776
0.4880588736213673 2.035146358025776
0.4880588736213673 2.035146358025776
0.45473742610895784 2.039284155915087
0.45473742610895784 2.039284155915087
0.45473742610895784 2.039284155915087
0.4286367983891556 1.9993809847790072
0.4286367983891556 1.9993809847790072
0.4286367983891556 1.9993809847790072
0.4286367983891556 1.9993809847790072
0.4286367983891556 1.9993809847790072
0.4286367983891556 1.9993809847790072
0.4286367983891556 1.9993809847790072
0.4286367983891556 1.9993809847790072
0.4286367983891556 1.9993809847790072
0.4286367983891556 1.9993809847790072
0.4286367983891556 1.9993809847790072
0.4286367983891556 2.038808676202842
0.4286367983891556 2.038808676202842
0.4286367983891556 2.038808676202842
0.4286367983891556 2.038808676202842
0.4286367983891556 2.038808676202842
0.4053199849987073 2.050324102479493
0.4053199849987073 2.050324102479493
0.4053199849987073 2.050324102479493
0.4053199849987073 2.050324102479493
0.4053199849987073 2.050324102479493
0.4053199849987073 2.050324102479493
0.4053199849987073 2.050324102479493
0.4053199849987073 2.050324102479493
0.4053199849987073 2.050324102479493
0.3668393202132048 2.069664001137456
0.3668393202132048 2.069664001137456
0.3668393202132048 2.069664001137456
0.3668393202132048 2.069664001137456
0.3668393202132048 2.069664001137456
0.3668393202132048 2.055528601448779
0.3668393202132048 2.055528601448779
0.3668393202132048 2.055528601448779
0.3668393202132048 2.055528601448779
0.3668393202132048 2.055528601448779
0.3668393202132048 2.069664001137456
0.3668393202132048 2.069664001137456
0.3668393202132048 2.0784220499644492
0.35894878048052387 2.0786545284147686
0.35894878048052387 2.0786545284147686
0.35894878048052387 2.0786545284147686
0.35894878048052387 2.0786545284147686
0.3436299185302636 2.0873575566944003
0.3436299185302636 2.0873575566944003
0.3436299185302636 2.0873575566944003
0.3436299185302636 2.0873575566944003
0.3436299185302636 2.0873575566944003
0.3436299185302636 2.0887071786718425
0.3436299185302636 2.0887071786718425
0.3436299185302636 2.0887071786718425
0.3231206388182928 2.1061386704806506
0.338876659922978 2.079463749683088
0.3231206388182928 2.1061386704806506
0.28618802341129485 2.098754298312321
0.28618802341129485 2.098754298312321
0.2991286260587467 2.0905053247029257
0.2991286260587467 2.0905053247029257
0.2991286260587467 2.0905053247029257
0.2991286260587467 2.0905053247029257
0.2991286260587467 2.0905053247029257
0.2991286260587467 2.0905053247029257
0.2991286260587467 2.0905053247029257
0.29265832473502074 2.0945842784541613
0.29265832473502074 2.0945842784541613
0.29265832473502074 2.0945842784541613
0.28942317407315776 2.0928166726682056
0.28618802341129485 2.098754298312321
0.27507960895033534 2.0869669141551754
0.27507960895033534 2.0869669141551754
0.27507960895033534 2.0869669141551754
0.27507960895033534 2.0869669141551754
0.26196188910846213 2.0925214944137505
0.26196188910846213 2.0925214944137505
0.26196188910846213 2.0925214944137505
0.26196188910846213 2.0925214944137505
0.2512340985322716 2.0934234324583914
0.2512340985322716 2.0934234324583914
0.2512340985322716 2.0934234324583914
0.2512340985322716 2.0934234324583914
0.2512340985322716 2.0934234324583914
0.24265702272594625 2.098760970269858
0.24265702272594625 2.098760970269858
0.24265702272594625 2.098760970269858
0.24265702272594625 2.098760970269858
0.24265702272594625 2.098760970269858
0.24265702272594625 2.098760970269858
0.24265702272594625 2.098760970269858
0.24265702272594625 2.098760970269858
0.23623868264553446 2.1043990262476764
0.23623868264553446 2.1043990262476764
0.23623868264553446 2.1043990262476764
0.21409280611917592 2.1120397977610983
0.21409280611917592 2.1120397977610983
0.21409280611917592 2.1120397977610983
0.21409280611917592 2.1120397977610983
0.21409280611917592 2.1120397977610983
0.21409280611917592 2.1120397977610983
0.21409280611917592 2.1120397977610983
0.21409280611917592 2.1065170369040005
0.21409280611917592 2.1120397977610983
0.21409280611917592 2.1120397977610983
0.21409280611917592 2.1120397977610983
0.21409280611917592 2.1120397977610983
0.21409280611917592 2.1120397977610983
0.21051578821581882 2.125406105883165
0.21051578821581882 2.125406105883165
0.21051578821581882 2.125406105883165
0.21051578821581882 2.125406105883165
0.21051578821581882 2.125406105883165
0.21051578821581882 2.125406105883165
0.21051578821581882 2.125406105883165
0.19297252547877564 2.1111537271345107
0.19297252547877564 2.1111537271345107
0.19297252547877564 2.1111537271345107
0.19297252547877564 2.1111537271345107
0.19297252547877564 2.1111537271345107
0.182494151988154 2.150257388859524
0.182494151988154 2.150257388859524
0.182494151988154 2.150257388859524
0.182494151988154 2.150257388859524
0.182494151988154 2.150257388859524
0.182494151988154 2.150257388859524
0.17906648297519945 2.1571330575082004
0.17906648297519945 2.1571330575082004
0.17906648297519945 2.1571330575082004
0.17598963069669366 2.1692926006398343
0.17598963069669366 2.1692926006398343
0.17598963069669366 2.1692926006398343
0.17598963069669366 2.1692926006398343
0.1710385839158132 2.188226062679028
0.1710385839158132 2.188226062679028
0.1710385839158132 2.188226062679028
0.1710385839158132 2.188226062679028
0.1710385839158132 2.188226062679028
0.1710385839158132 2.188226062679028
0.16780979829053125 2.2045917131092505
0.16780979829053125 2.2045917131092505
0.16583582279925313 2.211225952469835
0.1503973358946965 2.212819105892719
0.1503973358946965 2.212819105892719
0.1503973358946965 2.212819105892719
0.1503973358946965 2.212819105892719
0.13938648999686154 2.2101010313848497
0.13938648999686154 2.2101010313848497
0.13938648999686154 2.2101010313848497
0.1426516581154854 2.168065708725747
0.1426516581154854 2.168065708725747
0.1426516581154854 2.168065708725747
0.14205576268737716 2.201874441544839
0.13938648999686154 2.2101010313848497
0.13938648999686154 2.2101010313848497
0.13938648999686154 2.2101010313848497
0.13938648999686154 2.2101010313848497
0.13938648999686154 2.2101010313848497
0.13938648999686154 2.2101010313848497
0.1294914305289645 2.1982823831392255
0.1294914305289645 2.1982823831392255
0.1294914305289645 2.1982823831392255
0.1294914305289645 2.1982823831392255
0.1273692193212038 2.2164665189568704
0.1266567110664213 2.236099060399883
0.1266567110664213 2.236099060399883
0.12665671106642126 2.255473157548609
0.12665671106642126 2.255473157548609
0.12424813697686228 2.274827689420455
0.12355094227866664 2.275118923051065
0.12190272491235693 2.2821380304358843
0.12190272491235693 2.2821380304358843
0.12190272491235693 2.2821380304358843
0.11987464404992974 2.2992504588432423
0.11987464404992974 2.2992504588432423
0.11987464404992974 2.2992504588432423
0.11987464404992974 2.2992504588432423
0.11954150851718513 2.3327209536933453
0.11809574489303545 2.3484931889493907
0.11809574489303545 2.3484931889493907
0.1100874629424442 2.3629624623212617
0.1100874629424442 2.3629624623212617
0.1100874629424442 2.3629624623212617
0.1100874629424442 2.3629624623212617
0.10546458721792869 2.373388194857791
0.10546458721792869 2.373388194857791
0.10546458721792869 2.373388194857791
0.10338794241326713 2.371416031762144
0.10077228011817654 2.3841028440338277
0.10077228011817654 2.3841028440338277
0.09668842188409005 2.3917352472351854
0.09668842188409005 2.3917352472351854
0.09668842188409005 2.3917352472351854
0.0829398427480845 2.403800578709589
0.0829398427480845 2.403800578709589
0.0829398427480845 2.403800578709589
0.0829398427480845 2.403800578709589
0.0829398427480845 2.403800578709589
0.0829398427480845 2.403800578709589
0.0829398427480845 2.403800578709589
0.07422793928512464 2.438084530124564
0.07422793928512464 2.438084530124564
0.07422793928512464 2.438084530124564
0.07422793928512464 2.438084530124564
0.07422793928512464 2.438084530124564
0.07167112901274734 2.4464637639028646
0.059180449887997484 2.4518555625547553
0.05930138588131277 2.4813692847195683
0.05930138588131277 2.4813692847195683
0.05930138588131277 2.4813692847195683
0.05930138588131277 2.4813692847195683
0.05930138588131277 2.4813692847195683
0.05930138588131277 2.4813692847195683
0.05737213860795319 2.483053382209161
0.05737213860795319 2.483053382209161
0.054871755020386805 2.505958493066589
0.047375862960700066 2.504497262862179
0.047375862960700066 2.504497262862179
0.047375862960700066 2.504497262862179
0.047375862960700066 2.504497262862179
0.04429293871075489 2.549639710250258
0.04429293871075489 2.549639710250258
0.038815270865262964 2.5668768978044305
0.038815270865262964 2.5668768978044305
0.038815270865262964 2.5668768978044305
0.036785823685360666 2.590393213926668
0.033443872483156875 2.618598919176183
0.033443872483156875 2.618598919176183
0.028605088525572187 2.6486644895321723
0.028605088525572187 2.6486644895321723
0.02801969723143923 2.686665851304606
0.026604693085790207 2.733966297884485
0.019726428616593284 2.758555753139548
0.019726428616593284 2.758555753139548
0.01820947056322476 2.7721498349396465
0.01631370180356069 2.819727564913519
0.008695166050554565 2.8641191769809557
0.008695166050554565 2.8641191769809557
0.008695166050554565 2.8641191769809557
0.003934720531743523 2.9386841572735927
0.00351903745897416 2.9891770686095445
0.05799529370221712 6.318293825712766
