0.9971183846698808 0.020459563680763602
0.9956241087964333 0.022383842086262214
0.9942909148934765 0.023180985376628726
0.9942909148934765 0.023180985376628726
0.9787150079912217 0.03072613467231166
0.9739192452408074 0.03333315111649162
0.9704557509143028 0.03384064655325258
0.9704557509143028 0.03384064655325258
0.9594867477594389 0.04048799520508941
0.9557879551122956 0.04295308679246314
0.9567517980890381 0.04465722167786732
0.9445892840567288 0.046508037202572426
0.9505561878593616 0.04942428983308076
0.9373189250935188 0.05050305125524495
0.9310384771333653 0.05401636343676097
0.9310384771333653 0.05401636343676097
0.9212033570150133 0.05814534175208471
0.9205927826966963 0.06056559366373262
0.9120208368721052 0.062107601185744675
0.9120208368721052 0.062107601185744675
0.9081897995738544 0.06753893262902781
0.8995161383395764 0.06910391272795358
0.8975912100314469 0.07173162404477519
0.8943532000637617 0.0736621094215483
0.8850686430194886 0.0763776203745258
0.8897003890929629 0.07768460483896718
0.8897003890929629 0.07768460483896718
0.8733441056910253 0.08345279206026424
0.8688935688121745 0.08541003362225909
0.867819815828572 0.08681325587153679
0.8658766426188961 0.0877434046883197
0.8561693274286846 0.09150077830630425
0.854217231518692 0.09507157686503596
0.8491714131588892 0.09459713779059642
0.8458014998272936 0.0977535106757732
0.839551681189346 0.09986563653322186
0.8354025192728465 0.10219858054891649
0.8325432887834311 0.10451676136833715
0.8288728194599755 0.10628566934692908
0.8325432887834311 0.10451676136833715
0.8206797107619997 0.11202939560777479
0.8158003263399505 0.11318037952576224
0.8158003263399505 0.11318037952576224
0.8084555692847621 0.11735735678021254
0.8063968057332189 0.11877521363305829
0.8046508254451258 0.12017562100366476
0.7983422347852918 0.12359385013202548
0.7947118524094663 0.12600554659977442
0.7938043148394366 0.1263084063041832
0.7874560539643927 0.12845237750374644
0.7856928406560972 0.13053578978625077
0.7822848711915784 0.13336668268209692
0.7789957544305977 0.13430126768553086
0.7735010982398797 0.1372653649643325
0.7735490084180641 0.139548725051758
0.7670067655345867 0.1413495949834303
0.7670067655345867 0.1413495949834303
0.7599462366056489 0.14522349976943175
0.7558496822566609 0.14821224090216645
0.7511105920140454 0.14914679699777839
0.7511105920140454 0.14914679699777839
0.7446406921223224 0.1528686762438446
0.7446406921223224 0.1528686762438446
0.7382800054585198 0.15711858615342847
0.7375038587399099 0.15795006271104964
0.7303151185010845 0.16078473232697202
0.7290179874462444 0.16224176108200278
0.7290179874462444 0.16224176108200278
0.7221182343002239 0.16678354189442265
0.7187870496974537 0.16893996657264074
0.7164684823986966 0.17092243425780448
0.7143575462920371 0.17135610309779026
0.7112883854072817 0.1744053971289215
0.7066866860241153 0.17596956433483765
0.7026255172111867 0.17811902326320658
0.6990833542194466 0.18062756856514653
0.6954433603812344 0.18170956091547616
0.6940488857658529 0.18304031729726566
0.6956729640226129 0.1854698416793684
0.6871806812361609 0.18834844037124
0.6849870226822985 0.18929758680817427
0.6817447247762483 0.1895961318672047
0.6768177491482934 0.19257167396495242
0.6768177491482934 0.19257167396495242
0.6700116145204162 0.19741251096947662
0.6671622489841198 0.19882962076910773
0.664584129401493 0.19985856463626162
0.6615847740299481 0.20216700812248053
0.6589010534431288 0.20337772085877645
0.6589010534431288 0.20337772085877645
0.6546228950193506 0.20768232478375984
0.6504313630172489 0.20859016523584223
0.6473754565098795 0.2111398916838922
0.6469954948717067 0.21305231445314818
0.6424362199336179 0.21490385040270088
0.6424362199336179 0.21490385040270088
0.6361157082184725 0.21831258269818202
0.6315827259526472 0.21933170570243837
0.6313289716043241 0.22096504747604734
0.6278856126935807 0.22401405469954225
0.6246298566922602 0.2265252589379641
0.6220503709210976 0.22699145715793254
0.6213925728181073 0.22920525760894037
0.6165181727338307 0.23159050655653343
0.6151488625000657 0.23249960511813578
0.6116904226517439 0.2348637097918274
0.6075609516850351 0.23649243246994991
0.6043220286474056 0.23741185446695462
0.6005179773104312 0.24039246730283928
0.6001799566490122 0.2413092937992025
0.5977620229663445 0.24284673153053887
0.5939049595671662 0.24440912921534289
0.5902681409259509 0.2468322468809346
0.5892828780705148 0.24867885299224818
0.5881896492572214 0.2487303530230204
0.5839135180271642 0.25154211220144507
0.5813464103708388 0.25213814583695926
0.5790380358303389 0.2552741947991626
0.5740420995822145 0.2570318526012255
0.5722444659772047 0.25940102132540666
0.5706653976912077 0.26131483050361953
0.5675840249828679 0.26352795492949666
0.5632685094651777 0.2651603255543533
0.5611699731344553 0.2661322804208558
0.5590800189585451 0.2687810459109162
0.5547936502701964 0.2694859536663016
0.5556977973191666 0.2707175597986799
0.5514833458979289 0.2732756208327519
0.5480669220302934 0.2748410304185484
0.5459865345493399 0.27609899808291943
0.5454228769178864 0.27593815815975675
0.5412365578483208 0.27975438680567766
0.542351846105442 0.27936738298485436
0.5377011387795985 0.2830977093994339
0.5351927856965326 0.28478688583909567
0.53301085556882 0.28664130529600856
0.5302481379455198 0.28799429749429023
0.5252088930656558 0.2905119552690574
0.5240186773132416 0.29212612460059884
0.5208891915783704 0.2934645687670518
0.52136272826073 0.2946500375592707
0.5162618303250555 0.2971045996203896
0.5162618303250555 0.2971045996203896
0.5119030981946959 0.2993366637430485
0.5084141106557989 0.3014213668179821
0.5101003126286515 0.30049663351711386
0.50367194152655 0.3052419311680332
0.5004705970700261 0.30773527883041685
0.49954476808868253 0.3083697917059919
0.49725968127343295 0.30991317652991596
0.4917531328093071 0.3132230575533529
0.4917531328093071 0.3132230575533529
0.48868418628261445 0.3160791169131782
0.4860143792099966 0.3169071138941113
0.48560117316487805 0.3180793603257802
0.48541336969178295 0.31993930562669093
0.4805130300979787 0.32157632930749247
0.4793144548592264 0.32264702227582065
0.47724006120461515 0.3235736368331694
0.4727405115340274 0.3270928367043484
0.4711990049751592 0.3284357502777182
0.4692588607956065 0.33006740275514485
0.4663082589122086 0.331671041045744
0.4642044860245298 0.33233164041618785
0.4617785722350107 0.3356562918716174
0.4604313569323905 0.3364418694240024
0.4554088452965885 0.33806988469584204
0.4554088452965885 0.33806988469584204
0.4511078732792415 0.34105999867392306
0.4511078732792415 0.34105999867392306
0.44685264666135166 0.3450405361922283
0.4457585703202718 0.3461233495740135
0.44398326986169645 0.3469740098880963
0.4422302048462449 0.3498683336368537
0.43996437467723304 0.3501864939896766
0.435084085286613 0.35373771292360623
0.43365267517500816 0.3543420256439346
0.4332509244843257 0.35576005599650534
0.4272853011803742 0.3576373954107957
0.4272853011803742 0.3576373954107957
0.4266326366337674 0.35854310467282463
0.42326283159867206 0.3617034387959923
0.42326283159867206 0.3617034387959923
0.41797673775934163 0.365674829747386
0.4174296995888017 0.3663147417804391
0.4148684971447438 0.3679479238981671
0.4123315796894854 0.37112889125706294
0.411213218359606 0.37168386017745947
0.40849415813360496 0.3741055034398629
0.4050034819074224 0.3764923006432224
0.4042450587155175 0.3769850982252555
0.4024790537361131 0.37953133164467634
0.39932525677353053 0.3816809285447244
0.3973286387956615 0.3822529575114316
0.3963835950987145 0.3826447157643478
0.39427544221607136 0.386239499450897
0.3920928590225325 0.38753904045259757
0.38895113521923846 0.38979002172745003
0.3870487300384313 0.3912543865150607
0.38372421268535395 0.39312862531938103
0.38372421268535395 0.39312862531938103
0.3825607636528342 0.39615655370248104
0.379550958603618 0.39804248700768463
0.3754319586222168 0.3988035628389601
0.3754319586222168 0.3988035628389601
0.37322941231752943 0.4027205394106328
0.3709216809572469 0.4051552775070748
0.3695912558411444 0.4069658104366535
0.3672492665470128 0.40753457111335434
0.36488400680191746 0.4091483391942885
0.3626174891378187 0.4113800262078603
0.3586856933892236 0.4129244549216582
0.3586856933892236 0.4129244549216582
0.3572504780827487 0.41562305961424667
0.35538459636272535 0.4177714407227996
0.3524127235045045 0.41950535403401057
0.3508552359704726 0.42114509810531847
0.35006497184426527 0.42419249442397344
0.34754626360203456 0.42393495075604726
0.3452563243407092 0.4259218501879622
0.34396872379258836 0.4273490675361762
0.33965741271094574 0.4316786984036167
0.33965741271094574 0.4316786984036167
0.33673734946563216 0.4342702519501574
0.33551475495593075 0.4353257447208851
0.33351118282523773 0.43607631344559966
0.331043990212163 0.4389115006152579
0.3307108820323075 0.4395862309557572
0.32787919506438157 0.4429657398674339
0.3268002532109263 0.4439181016857847
0.323409024387021 0.4468200204600315
0.3215298498730241 0.4485953070411277
0.3215298498730241 0.4485953070411277
0.3174432050122009 0.4513336615104964
0.3174432050122009 0.4513336615104964
0.3161152137277824 0.4554743346662766
0.3126861348426314 0.456272135766949
0.31248469750887387 0.4584037997467675
0.309112823150141 0.4601050524237267
0.30870068125990086 0.4633143982692811
0.30586862229039635 0.4636184653704286
0.305474573324753 0.4648684983609297
0.3022221060922725 0.4683456437119722
0.2993296363258649 0.4690523540560484
0.2993296363258649 0.4690523540560484
0.29630914500443595 0.47389057589646766
0.29493336191757996 0.47415158223663456
0.29278168433416785 0.47729996404432373
0.2918062775652867 0.4789606905701315
0.2895500449623516 0.48062697108002966
0.2875377656497623 0.48177897705897904
0.28500758778494517 0.48442228210451627
0.2835343419037477 0.48667841862388717
0.2827764321853073 0.48727170267881886
0.28003763390581077 0.4892135658483736
0.2785314766451755 0.4919305130218359
0.27685780143303035 0.4939831823847865
0.27426632890026686 0.49494914931139944
0.2721821127187928 0.4972106039369445
0.2705288183100327 0.4999202672994658
0.268757032162004 0.5020342808556071
0.2675941171629133 0.5039309623722988
0.265936529973586 0.504680611039332
0.26395587151649424 0.5062515225157878
0.2620816274633562 0.5081540679704736
0.2596220815284255 0.5107724147022724
0.2590367796466327 0.5133053396136418
0.2554081304107175 0.514680216555078
0.2547508510918841 0.5161305374832222
0.25209122038556203 0.5184876250155546
0.2494886959521997 0.5213411055166708
0.24872908325839704 0.5224925412129539
0.24674568404276678 0.5237176408557902
0.245366683650947 0.5238137361207656
0.24223120579272528 0.5275572243366291
0.24223120579272528 0.5275572243366291
0.23892679327950728 0.5311741834911885
0.23813445192230265 0.5320111368295601
0.23720096826831216 0.5336922778968253
0.2346184221675721 0.5380005842361313
0.23124131635187048 0.5387638334189245
0.23082303651325967 0.5389076579290899
0.22816067984903202 0.540668850004477
0.22733099263937373 0.5447764861642959
0.22396534265726803 0.5472514289247836
0.22336094383345756 0.5484235397713106
0.22016822467789918 0.5519980697944233
0.22016822467789918 0.5519980697944233
0.21825779120464245 0.5535715092266138
0.2157674757352397 0.5583502762702095
0.2152719370411491 0.5591175389933413
0.21245508822640863 0.562756542548967
0.21159876790409518 0.5636102185210853
0.209355438383301 0.5643134535620308
0.2061810244337222 0.5677827241064671
0.20609423317202819 0.5692478960936088
0.2045182095263106 0.5743057188214996
0.2011529460578024 0.574777529732923
0.2011529460578024 0.574777529732923
0.1974117552922681 0.577999469083615
0.1962964027048757 0.5796007072732423
0.19485948679119836 0.5829878701540221
0.19261905561609455 0.582747033798172
0.19041641585196897 0.5879086160861544
0.18915386568429848 0.5897788686112287
0.18679337555859532 0.5909627378985813
0.18679337555859532 0.5909627378985813
0.184685033197187 0.5964289919007164
0.18347930717078392 0.599257693867808
0.18110801653704617 0.5996592112383956
0.1786860815200252 0.604085597400082
0.1776425118345751 0.6050075027778319
0.1757608614309948 0.605400466986423
0.17141189623073722 0.6080598874769788
0.17198855561855986 0.6105865168056372
0.169960458134489 0.6130779746253394
0.1686276029441826 0.6136962879353345
0.16685100412858683 0.6166994932863789
0.16432610396930775 0.6193302051284849
0.16240315626621277 0.6209471656637072
0.1616302329093642 0.6238152879147603
0.15936337238369813 0.6280344649451123
0.15794047105391412 0.6300298207058246
0.15611862753059058 0.6318911368881425
0.15335370378243374 0.6341360397934513
0.15307948267201527 0.6347709982353252
0.1511418456277101 0.6380853044219535
0.1477455597740997 0.6414030216447985
0.1477095096168908 0.6427323658094471
0.14572813972382537 0.6442486128573811
0.14313998814376455 0.6467620923104881
0.14090035976943308 0.6519091108661902
0.1406909820446096 0.6527707910706818
0.13800263765009577 0.6554568076518155
0.13695875469136765 0.6583371869797751
0.1343922589531767 0.6603707197283756
0.1331128592851777 0.66182707462792
0.1300146671723827 0.6666525329013339
0.12995458893008405 0.6674336434888686
0.12823268134264967 0.6716615778820257
0.1265359683911096 0.6718348615573794
0.12385758848872734 0.6756538976620058
0.12185994463607897 0.6798036900317961
0.12120513779660173 0.6821188324726412
0.11882691343265246 0.6846061786695733
0.11778478910831744 0.6888886320265025
0.11591852397533897 0.690510175566707
0.11432794691953366 0.6956745488563798
0.11181188053926872 0.6979806445832067
0.10994960323390142 0.6985644103160521
0.10719680627403456 0.7018921947550683
0.10719680627403456 0.7018921947550683
0.10406072864271482 0.7086942804126586
0.10160190764416606 0.7114381858640356
0.10160190764416606 0.7114381858640356
0.0989334354130694 0.7149015443868331
0.09784475876397333 0.7192549750409439
0.09569514238816214 0.7202217410912112
0.09276940310969306 0.7261160404371453
0.0915906027494154 0.7288905036544663
0.09082576427460029 0.7308135793063224
0.08817172174850049 0.7354322795824225
0.08629281705987854 0.7372148421901231
0.08467691837184782 0.7431768814562806
0.08293933044336689 0.7433579421553695
0.08134786216092346 0.747094632383602
0.07923814081323269 0.7507358138185148
0.07743941392666798 0.7525669050086687
0.0758451190660793 0.7599107179449119
0.07387758710441931 0.7637947357089393
0.07224766529294988 0.7642412071955456
0.06998615834373784 0.7673894742727089
0.0677677184451331 0.7719384487919906
0.06645882022041491 0.7752396328445388
0.06403645337241062 0.7806455851320518
0.062303834625336826 0.7817284252291987
0.06112187575822159 0.7876382941674015
0.05871109247235859 0.7921661987545395
0.05675220979683723 0.7976725108325342
0.054946838410993244 0.8018944226774661
0.05361824324342067 0.8059468412160602
0.05127853845363703 0.8115745492373663
0.04929076649815943 0.8144249394770079
0.04749439542167031 0.817701975811983
0.045345323313239226 0.8201317479676723
0.04361306527296581 0.827204477056921
0.04166966212703331 0.8322235906738363
0.03935760378700433 0.8389644008263151
0.037924988937747664 0.8450172595781842
0.035553474780592176 0.8496021593776061
0.033345972837911256 0.8547262260571977
0.03165705583091454 0.8652277018687459
0.03000217317228712 0.8719821359877316
0.028194134828648573 0.8733964541953393
0.02509530724468974 0.8822016017506612
0.024012363519754647 0.8844455502796579
0.021708559168588135 0.8978763133535468
0.016471089684852686 0.9115065463384903
0.016471089684852686 0.9115065463384903
0.015000732211627257 0.9265611057645462
0.013538806058439812 0.9325444638175394
0.011234696880995074 0.9500999861435113
0.009267164919335096 0.9605474021212509
0.00686338768158308 0.9683218846335894
0.004752409527940281 0.9899680595591629
0.0023159543694820546 1.034449269371748
