0.3292455740187572 0.5064120242226795
0.9377110753252542 0.09025285005343456
0.8893310778912706 0.11058643681888153
0.10047218499982553 0.7818388539569046
0.25993343496862426 0.5620362196593991
0.06252041300148853 0.8545100766689657
0.39820646068861404 0.4402304109619447
0.14859720113771918 0.7119847357215835
0.10869720887659823 0.7562851444930152
0.4277152291296412 0.42964219031416045
0.6002063608090312 0.2917659459378093
0.30620751697063386 0.5288809760934226
0.12891059063403607 0.7271569890849956
0.6679797635413677 0.2545560720540742
0.9555575701654682 0.07684889274721932
0.04238240327167059 0.9207411842383216
0.7961443030667819 0.1646874927174231
0.6790115187254886 0.23854101863748084
0.41051748067053817 0.4348348578044792
0.07813085800474404 0.8026557352059196
0.9951018088973722 0.05807435015861188
0.7436570647969315 0.19944617526009972
0.12167839141794357 0.741961263909982
0.23648981230207092 0.5922183113991171
0.38578391225616043 0.45227693602073243
0.07162726954806087 0.8311850867417849
0.3699372915699124 0.46633199523849056
0.13365708860734465 0.716539259924825
0.51281916763223 0.3503712213491858
0.012153660719241705 0.9945857918192269
0.07162726954806087 0.8311850867417849
0.8329044418480029 0.14682357303165627
0.5213659603067036 0.3489009064969349
0.20810922426992742 0.626378065830247
0.10720051033460687 0.7770890999983326
0.08290685902249173 0.8163496855532315
0.5052142419535518 0.36467545276770263
0.7656465962916491 0.19292296175770943
0.8093785741296216 0.1610796409959661
0.42873269086898325 0.42053275012459773
0.22804624951580973 0.6117154214238318
0.522598263338737 0.34714920645316116
0.6311348357220085 0.2766526433743686
0.8743451842260515 0.1319800457267342
0.36069817277280425 0.4780838634913285
0.3661593122367831 0.47298526941646957
0.28382311538082594 0.5471479049117767
0.2938377597266799 0.5378072840685953
0.22991127582844212 0.6039362344180641
0.9883414864563095 0.0636256785036896
0.36069817277280425 0.4780838634913285
0.5984025256873551 0.29618789465230183
0.7267676925675852 0.2157242068103423
0.8290029531320067 0.15417065913234343
0.66269248354644 0.25074289071715167
0.7036352795464538 0.22626412163125736
0.15805962485923675 0.6955539657248169
0.16298482545989515 0.6877979083813958
0.2268452720357103 0.6169027344379086
0.4003557525858599 0.45101693020027006
0.6927341967904834 0.2323497683147448
0.15156869071931847 0.7096528444550819
0.19938511914210685 0.6435435441986718
0.617538945047748 0.28609446734133254
0.23444450796055036 0.5998228489604885
0.9333149632978484 0.10335142291055757
0.9756644581828352 0.075005123881327
0.32303367263679567 0.5138323685848504
0.02732068065066695 0.9358666148503736
0.17619010418151965 0.678262395601248
0.9356252009006654 0.08869997531348178
0.4543659107492919 0.4070325811626775
0.7405778253170945 0.21035128685337706
0.5869342912367739 0.31291494059361646
0.8784403720734684 0.12545663273286342
0.5953252329703371 0.3040495875569273
0.7530474354630043 0.19904645367854637
0.3462121692476449 0.4929697537116692
0.7685802131936279 0.19550650761159674
0.1605922273468512 0.6882569603799037
0.14281623993043444 0.7115079286617499
0.7306582759796807 0.21262455124176227
0.18917323315213297 0.6627266348202224
0.043588735975478465 0.8998938853541257
0.9166280311723057 0.1114089606116462
0.2631575952461373 0.5788860347352365
0.32303367263679567 0.5138323685848504
0.7188889548019299 0.21883993902003182
0.5235649943696341 0.35998975082768303
0.043588735975478465 0.8998938853541257
0.7044833649964165 0.2338103609461371
0.5322732654176754 0.34812215696086546
0.7188889548019299 0.21883993902003182
0.4138786907523167 0.43304801338437865
0.3733336771704514 0.4837247445230738
0.40688119000152345 0.4490413355499297
0.2642888917517243 0.5766200591565805
0.2227316479426716 0.6221956506078447
0.44392915143651374 0.4120990978436588
0.8758580742231878 0.13413604072149699
0.2523819597734059 0.591898611018604
0.3940724423272647 0.45891300348933367
0.8061380424934236 0.1719805177054798
0.3758413421371009 0.4708166372078288
0.2642888917517243 0.5766200591565805
0.01732135452173139 1.0012785889798468
0.5407908451575756 0.3445814264487709
0.08092335727539003 0.8408340155633236
0.40846998943495905 0.44746846725888506
0.8746940738741965 0.1350144367366346
0.01732135452173139 1.0012785889798468
0.22096255859499708 0.6218707367402766
0.6037070219149973 0.29630655774306514
0.21780262608265366 0.6264618672310527
0.6148872154142621 0.2943195477220485
0.3291806670394945 0.5148266707203898
