0.998795864944907 0.00865617761236732
0.9959097802739789 0.010347961516277988
0.9915985102545972 0.012367388734853133
0.9837814709992792 0.015823322917855757
0.9794175680391037 0.018000646852077598
0.9740206195455886 0.020389883264748474
0.9708265301082224 0.022469433796962843
0.9641914570894164 0.02557364617057018
0.9595565908635547 0.027938562004525946
0.9542926303838596 0.02922298821592368
0.9506981597809407 0.031012111400407865
0.9466141551558422 0.034330882922708486
0.9397117688040926 0.036801144813973743
0.9348472627103154 0.039355649147072076
0.9321237437453755 0.04133185859507325
0.9265631638117595 0.04389702580860431
0.9221995305572819 0.046262820638249824
0.9176651868485526 0.04851226159482994
0.913223260140019 0.05082377746389886
0.9087512074232629 0.05294003312696755
0.9041592756738247 0.0553941687237162
0.9002297704702792 0.05770275407855954
0.8963146591418568 0.059442768232451135
0.8926459136721685 0.0618081744553544
0.8873126479833623 0.06433198501204045
0.8828636595017588 0.06668678682395776
0.8795894842637288 0.06853791531139201
0.8764527348841809 0.0707311192858274
0.8710677492364854 0.0725405216221484
0.8677112781429832 0.07492010362180804
0.8641082308551268 0.07747978305190267
0.8612355009709943 0.07906788147422686
0.8545512627702914 0.0815763996609535
0.8516351012708991 0.08377572060107162
0.8488955132987408 0.08579030970556638
0.8443342509379033 0.08827191667388933
0.8392351342923147 0.09039263446508461
0.8367702902215001 0.09252903857390551
0.8338615025400491 0.09398405405716585
0.8283394743261987 0.0963326013901739
0.8246739284930875 0.09864914466012215
0.8214523801958491 0.10011094476704577
0.8178018993843488 0.10271829890478902
0.8137367415011155 0.10495708821296108
0.8094519834131024 0.10711651784928877
0.8061969309837964 0.10905086479817215
0.8025422787437559 0.11044596701710005
0.7993669536157706 0.11302602444143207
0.7958689698727386 0.11517961448481939
0.7924183201910764 0.11687076451945344
0.7889383852363336 0.1190674743271128
0.784353983555448 0.12087561272978466
0.781207870766161 0.12303474424321156
0.7786576544866906 0.12437445297933694
0.7737801857622467 0.12665078493084467
0.7712738849448914 0.12939752270839575
0.7668441117604643 0.13051669317306086
0.7627089140910456 0.13330988345111527
0.7599363605719553 0.13470561750016782
0.7569576742256454 0.13617046133551436
0.7526572376844267 0.1392360721812545
0.7497087056899137 0.14124804180261116
0.7468447234289692 0.14308829866649883
0.743394073747307 0.14488442494228976
0.7405158751329445 0.14710299750892117
0.7343694196519006 0.14897115838582767
0.7317971983021395 0.1503925037988753
0.7293030963170805 0.1530433711963181
0.7255892965430305 0.15499892629901377
0.7238312890247424 0.1567626632656164
0.7203676734752209 0.15693159957183608
0.7168887896804919 0.15976716269029476
0.7128212693639979 0.16243786548919525
0.7096701009205101 0.16440369786682885
0.7064440466632431 0.16630438396392494
0.7033999193736438 0.1679404173713041
0.6990090611151301 0.1700379806738291
0.696433390496128 0.17198102194496206
0.6941944964480002 0.1736509468845552
0.6919881970175044 0.1751737095556986
0.6882974324589741 0.17740919212359657
0.684694767365439 0.1792944594812646
0.6813971880872167 0.18127456759124927
0.6792972548562597 0.18254878380407502
0.6754606053395906 0.18438287822090935
0.6727035669064672 0.1861837446669252
0.6700108609912694 0.1877858438776542
0.6663774753425138 0.18968184029413243
0.6638499469092248 0.19122043424235205
0.661263276228671 0.19429131943978764
0.6582462804055124 0.19511469019430913
0.6549432470308856 0.19763810795935313
0.6508386705599151 0.19936985117166162
0.6483111421266261 0.20092689711747994
0.6450799617134046 0.20325698288029287
0.64239817602463 0.20450479156232595
0.6410459231613796 0.20677507791433006
0.6361960528920931 0.20802765672233448
0.6322658828299346 0.21010973907344263
0.6311409960255152 0.21117939202901645
0.6279171782002714 0.2138121558710869
0.624738680226417 0.21502056004580736
0.6219785047424107 0.21741765736583246
0.6190305774579508 0.2191847583222456
0.6144228909691827 0.22127001229360746
0.6143098522467096 0.22282857060077185
0.6110833590635641 0.2245185366749482
0.6086959039745161 0.2247572702340567
0.6048557937856202 0.22766597441819794
0.6029845548826035 0.2291454177840301
0.5991683862546913 0.23122593625471585
0.5964388842172665 0.23331750464454543
0.5947165682078582 0.2346384734796391
0.5917954922484799 0.236306317984428
0.5883929841397662 0.23843658650875474
0.5860754793747962 0.24044371290035887
0.583631673018778 0.24192179851219198
0.5802955808130816 0.24352047267561397
0.5777490994476858 0.2455106547490346
0.5746850522173652 0.24722591777416336
0.5721550832421138 0.24852760268632085
0.5700325786068381 0.25021170622878003
0.5670542960691773 0.25222487257157983
0.5641272053683786 0.25411266098196283
0.5625175721470221 0.2555646986136691
0.5593681669572697 0.2576853180616283
0.5569299478458729 0.25891951421657167
0.5536357148429082 0.26122840871534664
0.5510358640377047 0.2627642983475777
0.5496968174995658 0.264159112457344
0.5470845304653267 0.26564420752182377
0.544286307475684 0.2678430387356321
0.5418072746831505 0.26811456410143336
0.5390405622129488 0.27133536370436656
0.5365902631898607 0.27258568320572796
0.5339448800818158 0.2747803268164387
0.5307935989740158 0.27582619666752983
0.5287552390744541 0.2772409563796902
0.5267544764861866 0.2790970039713379
0.5243738209256925 0.2813749037201054
0.5212630695283283 0.28221673264277275
0.5179874773395376 0.284762468177141
0.5158457059150708 0.28631166106843664
0.5132978648495043 0.2880692339955367
0.5105928750243456 0.29009184859534853
0.5092026544840429 0.2916743589367943
0.5068213706226775 0.2931784259001148
0.5037040579713608 0.29464706521181305
0.5019096690357655 0.29653702882111055
0.4997458491612929 0.29736214082868234
0.4969219100032772 0.30008630285283694
0.4950792176585384 0.3015535168874331
0.49215664528043346 0.3033398419461051
0.4895337726490659 0.30517393934616166
0.4879119860656144 0.3066964810006344
0.48587564937674277 0.30795596764382166
0.4829511729390299 0.31026205715289457
0.48184703898044445 0.31214762848977956
0.4791318622189671 0.3138753026822366
0.4759099919737937 0.314931391514476
0.4742289496549633 0.3171859932496259
0.47134774466165563 0.31786849106071213
0.4691925749573651 0.31955557021521724
0.4670149680816386 0.32193889827602296
0.4650495002884947 0.3232944107857179
0.4627046286730576 0.3253343771394011
0.45940795078629365 0.3266269129053395
0.4575933441636757 0.3286428051701364
0.4543057496518527 0.33003678845646955
0.4536610332042762 0.3316726589013139
0.4508570091185357 0.3338397696865389
0.4489502212452947 0.33506571474801955
0.44682951336046417 0.33680698192120223
0.4453290866512583 0.3391580111718803
0.4425079519012737 0.3402527152391695
0.44013891678266337 0.34127161813050316
0.4371254660559615 0.34336035977189205
0.4353425569043182 0.3449037416970792
0.4333327095862287 0.34682249591079284
0.4310105204657779 0.3490219073032941
0.4289882295446119 0.3503246597485223
0.4266070160800518 0.35219296280752715
0.4247055752401176 0.35361825062812713
0.42229458734768816 0.35537676179718886
0.4206794250749895 0.35651356141443286
0.41705151471999036 0.35848766628110323
0.41620015571029434 0.3599945190867251
0.41331339657429605 0.3620769424920901
0.4101081192321637 0.36357148146785256
0.40994522905172603 0.36480360282624935
0.40735159376455343 0.3666041371450374
0.4055306879827504 0.36921917753741523
0.40341394577919865 0.37046861589864943
0.4013910777763204 0.3718515278394053
0.39857743946979646 0.37407569978263994
0.39701525507203583 0.3755585084743986
0.3950736561454903 0.37726020402601196
0.3933638132699667 0.3792090107228908
0.3900624922297764 0.3808149451012991
0.38912115246369783 0.38277514143915076
0.3869633852133172 0.38461884675633334
0.3841593927323482 0.3858247326880373
0.38296419780183977 0.3879090496220634
0.3810118836658831 0.38856395209438616
0.37868270369122414 0.3911436990228532
0.3769251556497144 0.3930712158497412
0.3746312385211602 0.39472937422329246
0.3724169413930627 0.39616135333352476
0.37040035759430545 0.3979660961523256
0.36863392353104923 0.39951058822143065
0.3665646809842691 0.40154926873946284
0.36411676921634983 0.40308056113452784
0.36243705200248183 0.4046956395504666
0.3604679260904311 0.4062795174759314
0.35860411292241084 0.4074424585092672
0.35540562828726385 0.4099160809359908
0.3542065081303933 0.4110541749206431
0.3523271509563348 0.41262348757084033
0.3501732293619477 0.41454912108596587
0.3483858337239774 0.4167648205297933
0.34569972443949515 0.41835366137123714
0.34465673131548036 0.41960371645998007
0.3420370195794008 0.42123435399483483
0.3382284472265087 0.4244272412635372
0.3382284472265087 0.4244272412635372
0.335470198203275 0.4269914797752715
0.33481664550137075 0.42900222875326954
0.3323673721751731 0.4306693977154928
0.32912105842611217 0.43238633665960824
0.32821829050040985 0.4335274474552443
0.3259704029048791 0.43583480776306255
0.323669831729717 0.4369008876696346
0.32265480326119333 0.43924181133240625
0.3205791632105302 0.44003685331976516
0.3189215397401923 0.44106910297982627
0.31698453719562913 0.444209057540029
0.31478058763268896 0.4463779840126522
0.31255179892987306 0.4475356142001859
0.3110825792314808 0.4487852420262865
0.3090519043972994 0.4513544694477755
0.30591957332550657 0.45288592022453394
0.3054228474570614 0.4534531751166571
0.3033244139655774 0.4559266891179443
0.3012193157970013 0.4573216257356362
0.29959530671414214 0.4597337769618603
0.2975592219241725 0.46112920764533327
0.29563299647580543 0.46297253521698833
0.2928075390953999 0.46492460833107696
0.29175392047230614 0.46697295250893645
0.28961340056433404 0.46844188391870667
0.28765220819108483 0.4703822304524346
0.28610163943932293 0.47176544721660946
0.28437379751407005 0.47380051456112554
0.28210878052972893 0.4753969298749824
0.28081278360119616 0.4771815050028111
0.2784532573368966 0.47913224212177113
0.27663872886677754 0.4804166126487149
0.27518796621763664 0.4830016258939599
0.2727867082682258 0.4846089099055983
0.2704675395177086 0.4872676152360051
0.2692944583338208 0.4878433408952937
0.26766259567318684 0.4903298424149269
0.26590424547026464 0.49169137021995996
0.2633673403037965 0.4936556053970932
0.26144955224427235 0.4955015688590423
0.26001923499879154 0.49765073656445635
0.2582190109512054 0.4987488280916324
0.2563544573254878 0.5007985844062496
0.254556721252207 0.5030373011437153
0.25243207257898936 0.5050115845878607
0.2508024187651501 0.5065027749674981
0.24832130442898387 0.5090162642877364
0.24704575156508685 0.5105030328075365
0.2446594182583134 0.5123858372039022
0.24294055661617306 0.5143757942368438
0.2418214972731368 0.5155090235508208
0.24000506537811292 0.5182344433697683
0.23717713727218087 0.5198111899963194
0.235806755845193 0.5220293648846491
0.23439393692970065 0.523981238663465
0.23253715010665238 0.5257173379324103
0.2310863178107339 0.5281414760062237
0.22857257776829198 0.5294913930712024
0.22700545106641878 0.5318187957116999
0.22565157126445864 0.5326690484347156
0.2232949207520981 0.5355739177772524
0.22116343805875213 0.537678944955614
0.22008248756533327 0.5391337489662177
0.21823657729958423 0.54140561155795
0.2156615229360518 0.542895030481829
0.21452300365348767 0.5453816086483875
0.212116986834831 0.5467788654609526
0.21049352270169794 0.548984577533016
0.20888114081774437 0.5519001317037228
0.20724551723090445 0.5524934242086339
0.20577068217566308 0.555129510558631
0.20388006069250392 0.5565734379995508
0.20171662023853465 0.558216170357118
0.1998789576959128 0.5604735764229386
0.19856553615299244 0.5632123459623883
0.1967711998583403 0.5646789788420771
0.19475174711442983 0.5664713664860515
0.19313944509333958 0.568947907063995
0.19110969979702122 0.5708739981650147
0.18954488795656965 0.5734839344019751
0.18758665090360732 0.5754071948011418
0.1858176133602411 0.57741611917946
0.1836672187205158 0.578879478669381
0.182283360648818 0.5813993345434282
0.18014341305598555 0.5835532027708707
0.17807495187039263 0.5861675771687624
0.17657719556205043 0.5886258599967735
0.17529468888854394 0.5905651497745447
0.17331155464929132 0.592122753823168
0.17152844590232375 0.5948668659607984
0.16997649541453724 0.5967585283856444
0.16827909756245796 0.5992609176908608
0.16644653330314255 0.6006331327300757
0.16342198487074325 0.6040403728562619
0.1623566277447147 0.6059736149833198
0.16011687265276248 0.6082612206910056
0.15928506249955743 0.6103347270813977
0.15738918940784657 0.6125654739659976
0.1551251245990911 0.6145605955627524
0.1534725684901007 0.6167207282888404
0.15184692521088955 0.6194498744972452
0.15056606216931528 0.6219105390044642
0.14874622037484822 0.6243607979141054
0.14535868600528623 0.6271842286549645
0.14507177014852715 0.6279863590756505
0.1433230849278248 0.6301612958607232
0.1411515955075453 0.633046088673165
0.13965595891926863 0.6362823856003857
0.13818906223624874 0.638696655128196
0.136389363627271 0.64060295663356
0.13372659728850572 0.6431196436575003
0.1315515319217464 0.6466974062911076
0.13023454378413468 0.6484699393429347
0.12901792058342526 0.6507279696273568
0.1269999448248259 0.6525964738389726
0.12512844300081688 0.655053685217304
0.12352558571575377 0.6582875699136695
0.12167845554416384 0.6610005495856145
0.12029060707010128 0.6642173158031279
0.11830067846863393 0.6658265601709012
0.11639553487074515 0.6678954715548423
0.11500359018286188 0.6713322314382028
0.11257528135032285 0.6739262419310309
0.11118924945517271 0.6774275680934433
0.10926034688032779 0.6796085447644369
0.10722575242530627 0.681831259595035
0.10614680773933362 0.6851511930514115
0.10367943791200146 0.6883823311869685
0.10250076800184198 0.6894833924480419
0.10026026387746632 0.6937961696745513
0.09881038320116292 0.6963028278865049
0.09707181384344285 0.6991891417567361
0.09491432371279548 0.7022153098455859
0.09295451272480675 0.7065780871939633
0.09123133894104637 0.7085039915507749
0.0898139512821731 0.7114233055427557
0.08795444547825987 0.7144769201904452
0.08613083315467039 0.7175804873145655
0.08451656726078131 0.7215870563221823
0.08249020595238156 0.7237506554861678
0.08063672296123642 0.7268815670505939
0.07898757129256209 0.7313325202196561
0.07709208571110224 0.734546964994053
0.07520736142146217 0.7388138302329411
0.07335424959574192 0.742106630147885
0.07058767493580076 0.7449706678628143
0.06953166596890238 0.7498687567516527
0.06763878110936444 0.7529922595824694
0.06580191771053776 0.7557170948265178
0.06418211500424345 0.7593678575567937
0.06211408784866899 0.7621162585097296
0.06035845355588487 0.7664522634137511
0.05815391722755731 0.7705768936237685
0.056711989668728764 0.7719291839200061
0.05468566839730331 0.7775557092403544
0.05294975164624045 0.7830507947143088
0.05107068982672493 0.7867758728209757
0.048637322702976 0.7914103743045428
0.04710046258996414 0.7951077757081016
0.045123342336145976 0.7986755335376471
0.04333651340826848 0.8056352224908084
0.04143908831236347 0.8077416268989199
0.039484101817650795 0.8167238476328482
0.037486070294498006 0.8175936908383505
0.03550907258423672 0.8250928029019867
0.03309691468952174 0.8306556198508737
0.031686247527150935 0.8345912831097719
0.02884102648918426 0.8427051063663982
0.02778981519214689 0.847621369570108
0.025745530533054017 0.8567169395019384
0.023508616782988448 0.8603698386910705
0.02158275939160186 0.8691112613618143
0.019104349030821834 0.8750693898475462
0.016545460186671017 0.8863679025119937
0.014379675314344899 0.896281660166185
0.013128303597470827 0.9028100347623642
0.011286176585579573 0.911310503923904
0.008506828459598008 0.9226241823933158
0.006498445584925048 0.9376948865848141
0.004423127071830953 0.9518622081598143
0.002297273763847009 0.9693196306423026
